#Thorlabs FTS
[SpectrumHeader]
#Date;20251107
#Time;19432947
#GMTTime;22432947
#Instrument;0
#InstrModel;CCS200
#Series;0
#InterferometerSerial;M00311012
#Type;emission
#ChannelIndex;0
#XAxisUnit;nm_air
#YAxisUnit;intensity
#Average;1
#RollingAverage;0
#SpectrumSmooth;0
#SSmoothParam1;0
#SSmoothParam2;0
#SSmoothParam3;0
#SSmoothParam4;0
#IntegrationTime;0.145000
#TriggerMode;0
#AirMeasureOpt;0
#AirTemp;0.00
#AirPressure;0.00
#AirRelHum;0.00
#WnrMin;9799.037109
#WnrMax;50982.906250
#Length;3648
#Resolution;0.0000000000e+00
#ADC;0
#InstrStatus;0
#RefLaserLocked;0
#ChannelIndex;0
#AttenuationFilter;0
#Stitched;0
#ExcitationWavelength_nm;0
#SoftwareVersion;3.310000
#FirmwareVersion;
#Motor_FirmwareVersion;
#ReconstructionAlgorithms_SoftwareVersion;
#Sensor_FirmwareVersion;
#InstrSeriesIdentifier;MUN_CCS_SERIES
#RefGainIndex;0
#RefSignalInPerecent;0.0
#BBRefGainIndex;0
#BBRefSignalInPerecent;0.0
#AutogainStatus;0
#Name;
#Comment;""
#ExtComment;""
#Source;
[Data]
1.960870056e+02;3.015557071e-03
1.962940979e+02;2.642773092e-03
1.965012054e+02;3.441595938e-03
1.967083282e+02;4.533321131e-03
1.969154510e+02;4.852849990e-03
1.971225891e+02;4.373556469e-03
1.973297424e+02;4.000772256e-03
1.975368958e+02;3.122066846e-03
1.977440643e+02;1.125009148e-03
1.979512482e+02;1.897204784e-03
1.981584320e+02;2.802537521e-03
1.983656311e+02;-2.329900599e-04
1.985728455e+02;2.456380986e-03
1.987800751e+02;4.593232588e-04
1.989873047e+02;3.201949177e-03
1.991945496e+02;5.658330047e-04
1.994018097e+02;6.457153358e-04
1.996090698e+02;1.284773811e-03
1.998163452e+02;2.483008429e-03
2.000236359e+02;4.326958151e-04
2.002309418e+02;2.909047296e-03
2.004382477e+02;2.403126098e-03
2.006455688e+02;4.267046694e-03
2.008528900e+02;2.216733992e-03
2.010602417e+02;3.042184515e-03
2.012675934e+02;5.358771421e-03
2.014749451e+02;3.175321734e-03
2.016823273e+02;3.148694290e-03
2.018897095e+02;3.068811959e-03
2.020971069e+02;3.974144813e-03
2.023045044e+02;2.136851661e-03
2.025119171e+02;1.710812794e-03
2.027193451e+02;1.950459671e-03
2.029267883e+02;-2.063626307e-04
2.031342316e+02;5.924604484e-04
2.033416901e+02;-7.921662182e-04
2.035491638e+02;1.284773811e-03
2.037566376e+02;2.030341886e-03
2.039641418e+02;1.258146367e-03
2.041716309e+02;2.030341886e-03
2.043791504e+02;3.707870375e-03
2.045866699e+02;2.509635873e-03
2.047942047e+02;1.577675575e-03
2.050017548e+02;1.630930463e-03
2.052093048e+02;2.376498654e-03
2.054168701e+02;4.400183912e-03
2.056244507e+02;4.027399700e-03
2.058320312e+02;4.985987209e-03
2.060396423e+02;4.852849990e-03
2.062472534e+02;3.920889925e-03
2.064548645e+02;2.642773092e-03
2.066624908e+02;2.163479105e-03
2.068701324e+02;3.068811959e-03
2.070777893e+02;9.119896567e-04
2.072854462e+02;4.060684005e-04
2.074931335e+02;-2.596174891e-04
2.077008057e+02;1.817322453e-03
2.079085083e+02;8.321073838e-04
2.081162109e+02;2.030341886e-03
2.083239288e+02;2.403126098e-03
2.085316467e+02;1.843949896e-03
2.087393951e+02;1.657557907e-03
2.089471436e+02;1.497793244e-03
2.091548920e+02;1.204891480e-03
2.093626709e+02;4.666457884e-03
2.095704498e+02;2.429753542e-03
2.097782440e+02;2.988929627e-03
2.099860382e+02;4.054027144e-03
2.101938629e+02;4.693085328e-03
2.104016724e+02;3.681242932e-03
2.106095123e+02;3.281831509e-03
2.108173523e+02;4.426811356e-03
2.110252075e+02;3.734497819e-03
2.112330780e+02;1.497793244e-03
2.114409637e+02;5.392055609e-04
2.116488495e+02;3.148694290e-03
2.118567505e+02;1.790695009e-03
2.120646515e+02;1.817322453e-03
2.122725677e+02;1.604303019e-03
2.124804993e+02;-7.122838870e-04
2.126884460e+02;2.616145648e-03
2.128963928e+02;-2.862449328e-04
2.131043549e+02;2.536263317e-03
2.133123322e+02;2.962302184e-03
2.135203094e+02;1.897204784e-03
2.137283173e+02;3.228576621e-03
2.139363098e+02;1.737440121e-03
2.141443329e+02;3.974144813e-03
2.143523560e+02;4.772967659e-03
2.145603943e+02;2.669400303e-03
2.147684479e+02;5.598418415e-03
2.149765015e+02;2.030341886e-03
2.151845703e+02;4.080654588e-03
2.153926544e+02;3.175321734e-03
2.156007538e+02;2.003714442e-03
2.158088531e+02;7.522250526e-04
2.160169678e+02;6.723427214e-04
2.162250824e+02;1.151636592e-03
2.164332123e+02;2.616145648e-03
2.166413574e+02;1.551048132e-03
2.168495178e+02;1.284773811e-03
2.170576782e+02;8.653916302e-05
2.172658691e+02;1.098381705e-03
2.174740448e+02;2.729312109e-04
2.176822510e+02;2.003714442e-03
2.178904572e+02;2.589518204e-03
2.180986786e+02;2.110224217e-03
2.183069000e+02;2.855792409e-03
2.185151520e+02;4.240419250e-03
2.187234039e+02;5.491908640e-03
2.189316559e+02;3.388341283e-03
2.191399384e+02;4.160536919e-03
2.193482208e+02;4.133909475e-03
2.195565186e+02;1.870577340e-03
2.197648163e+02;3.122066846e-03
2.199731293e+02;2.536263317e-03
2.201814575e+02;4.559948575e-03
2.203898010e+02;6.989701651e-04
2.205981445e+02;1.923832227e-03
2.208065033e+02;2.003714442e-03
2.210148773e+02;1.258146367e-03
2.212232513e+02;-1.058440539e-03
2.214316406e+02;1.417910913e-03
2.216400452e+02;1.657557907e-03
2.218484650e+02;3.335086396e-03
2.220568848e+02;3.015557071e-03
2.222653198e+02;3.841007594e-03
2.224737549e+02;3.787752707e-03
2.226822205e+02;4.080654588e-03
2.228906860e+02;3.894262481e-03
2.230991516e+02;3.201949177e-03
2.233076477e+02;4.693085328e-03
2.235161438e+02;3.947517369e-03
2.237246552e+02;2.456380986e-03
2.239331665e+02;2.403126098e-03
2.241416931e+02;2.083596773e-03
2.243502350e+02;1.364656026e-03
2.245587921e+02;6.457153358e-04
2.247673492e+02;1.391283469e-03
2.249759216e+02;-7.921662182e-04
2.251845093e+02;4.213791806e-03
2.253930969e+02;6.989701651e-04
2.256017151e+02;2.243361436e-03
2.258103180e+02;2.030341886e-03
2.260189514e+02;5.199006759e-03
2.262275848e+02;1.524420688e-03
2.264362335e+02;3.734497819e-03
2.266448975e+02;2.935674740e-03
2.268535614e+02;3.548105713e-03
2.270622406e+02;2.775910078e-03
2.272709351e+02;2.829164965e-03
2.274796295e+02;1.923832227e-03
2.276883392e+02;3.814380150e-03
2.278970642e+02;2.935674740e-03
2.281058044e+02;3.787752707e-03
2.283145447e+02;-1.244832645e-03
2.285233002e+02;2.616145648e-03
2.287320557e+02;-4.992643953e-04
2.289408417e+02;4.859507026e-04
2.291496277e+02;-3.394997912e-04
2.293584137e+02;3.122066846e-03
2.295672302e+02;2.296616323e-03
2.297760468e+02;2.616145648e-03
2.299848785e+02;1.391283469e-03
2.301937103e+02;1.551048132e-03
2.304025726e+02;1.630930463e-03
2.306114197e+02;5.944575183e-03
2.308202972e+02;2.136851661e-03
2.310291748e+02;3.175321734e-03
2.312380676e+02;3.042184515e-03
2.314469757e+02;3.707870375e-03
2.316558990e+02;4.879477434e-03
2.318648224e+02;3.974144813e-03
2.320737610e+02;1.923832227e-03
2.322826996e+02;1.258146367e-03
2.324916534e+02;2.269988880e-03
2.327006226e+02;1.710812794e-03
2.329096069e+02;-1.264803141e-04
2.331185913e+02;9.652445442e-04
2.333275909e+02;-2.096910495e-03
2.335366058e+02;-7.122838870e-04
2.337456207e+02;1.284773811e-03
2.339546661e+02;2.376498654e-03
2.341636963e+02;2.136851661e-03
2.343727570e+02;2.429753542e-03
2.345818176e+02;2.269988880e-03
2.347908936e+02;2.003714442e-03
2.349999847e+02;3.654615488e-03
2.352090759e+02;4.533321131e-03
2.354181824e+02;1.204891480e-03
2.356273041e+02;4.320301581e-03
2.358364258e+02;6.457153358e-04
2.360455627e+02;4.959359765e-03
2.362547150e+02;4.480066244e-03
2.364638824e+02;2.190106548e-03
2.366730499e+02;1.444538357e-03
2.368822327e+02;2.243361436e-03
2.370914154e+02;-7.322544843e-05
2.373006287e+02;3.201949177e-03
2.375098419e+02;6.190878921e-04
2.377190552e+02;9.918719297e-04
2.379282990e+02;3.441595938e-03
2.381375427e+02;2.110224217e-03
2.383468018e+02;3.388341283e-03
2.385560608e+02;3.548105713e-03
2.387653503e+02;3.414968727e-03
2.389746246e+02;4.107282031e-03
2.391839294e+02;3.148694290e-03
2.393932343e+02;3.388341283e-03
2.396025543e+02;4.799595103e-03
2.398118896e+02;5.704928190e-03
2.400212402e+02;3.388341283e-03
2.402305908e+02;3.574733157e-03
2.404399414e+02;3.255204065e-03
2.406493225e+02;1.417910913e-03
2.408587036e+02;2.935674740e-03
2.410681000e+02;6.723427214e-04
2.412775116e+02;2.403126098e-03
2.414869232e+02;4.593232588e-04
2.416963501e+02;1.977086999e-03
2.419057922e+02;1.843949896e-03
2.421152344e+02;1.444538357e-03
2.423246918e+02;4.772967659e-03
2.425341644e+02;1.125009148e-03
2.427436371e+02;3.441595938e-03
2.429531403e+02;3.261860984e-04
2.431626434e+02;3.361713840e-03
2.433721466e+02;3.308458952e-03
2.435816650e+02;3.841007594e-03
2.437911987e+02;4.506693687e-03
2.440007477e+02;4.080654588e-03
2.442103119e+02;3.627988044e-03
2.444198761e+02;1.950459671e-03
2.446294403e+02;2.483008429e-03
2.448390350e+02;2.509635873e-03
2.450486298e+02;1.657557907e-03
2.452582397e+02;1.657557907e-03
2.454678650e+02;3.601360600e-03
2.456774902e+02;2.483008429e-03
2.458871307e+02;1.178264036e-03
2.460967865e+02;1.790695009e-03
2.463064423e+02;2.962302184e-03
2.465161133e+02;3.281831509e-03
2.467257996e+02;3.388341283e-03
2.469354858e+02;2.323243767e-03
2.471451874e+02;4.719712771e-03
2.473549042e+02;4.719712771e-03
2.475646362e+02;3.122066846e-03
2.477743683e+02;3.308458952e-03
2.479841156e+02;5.278889090e-03
2.481938782e+02;4.746340215e-03
2.484036407e+02;2.163479105e-03
2.486134186e+02;2.190106548e-03
2.488232117e+02;5.924604484e-04
2.490330048e+02;1.657557907e-03
2.492428284e+02;1.417910913e-03
2.494526367e+02;1.977086999e-03
2.496624756e+02;1.843949896e-03
2.498723145e+02;1.391283469e-03
2.500821686e+02;1.417910913e-03
2.502920380e+02;1.764067565e-03
2.505019073e+02;1.444538357e-03
2.507117920e+02;2.802537521e-03
2.509216919e+02;2.536263317e-03
2.511315918e+02;3.388341283e-03
2.513415222e+02;2.988929627e-03
2.515514374e+02;4.054027144e-03
2.517613831e+02;3.095439402e-03
2.519713287e+02;3.974144813e-03
2.521812897e+02;1.497793244e-03
2.523912659e+02;3.814380150e-03
2.526012421e+02;2.536263317e-03
2.528112335e+02;3.787752707e-03
2.530212402e+02;1.178264036e-03
2.532312469e+02;3.947517369e-03
2.534412689e+02;1.391283469e-03
2.536513062e+02;2.190106548e-03
2.538613586e+02;1.258146367e-03
2.540714111e+02;2.988929627e-03
2.542814789e+02;9.119896567e-04
2.544915466e+02;3.042184515e-03
2.547016449e+02;2.136851661e-03
2.549117432e+02;2.376498654e-03
2.551218567e+02;2.802537521e-03
2.553319702e+02;3.388341283e-03
2.555420990e+02;5.518536083e-03
2.557522430e+02;4.160536919e-03
2.559623871e+02;2.536263317e-03
2.561725464e+02;4.267046694e-03
2.563827209e+02;2.349871211e-03
2.565928955e+02;3.681242932e-03
2.568031006e+02;2.323243767e-03
2.570133057e+02;1.364656026e-03
2.572235107e+02;1.524420688e-03
2.574337463e+02;2.722655190e-03
2.576439819e+02;1.764067565e-03
2.578542480e+02;3.574733157e-03
2.580644836e+02;1.870577340e-03
2.582747498e+02;3.814380150e-03
2.584850464e+02;3.361713840e-03
2.586953430e+02;2.509635873e-03
2.589056396e+02;1.604303019e-03
2.591159363e+02;3.627988044e-03
2.593262634e+02;2.190106548e-03
2.595365906e+02;2.269988880e-03
2.597469482e+02;2.935674740e-03
2.599573059e+02;4.506693687e-03
2.601676636e+02;3.201949177e-03
2.603780212e+02;4.054027144e-03
2.605884094e+02;4.160536919e-03
2.607988281e+02;1.417910913e-03
2.610092163e+02;1.817322453e-03
2.612196350e+02;2.030341886e-03
2.614300842e+02;2.030341886e-03
2.616405029e+02;2.243361436e-03
2.618509521e+02;-2.862449328e-04
2.620614319e+02;2.909047296e-03
2.622718811e+02;3.328429375e-05
2.624823608e+02;2.829164965e-03
2.626928711e+02;1.630930463e-03
2.629033508e+02;2.376498654e-03
2.631138916e+02;2.243361436e-03
2.633244019e+02;1.684185350e-03
2.635349426e+02;3.414968727e-03
2.637454834e+02;3.201949177e-03
2.639560242e+02;3.528135130e-04
2.641665955e+02;3.681242932e-03
2.643771973e+02;2.855792409e-03
2.645877686e+02;3.707870375e-03
2.647983704e+02;1.870577340e-03
2.650089722e+02;4.107282031e-03
2.652196045e+02;1.098381705e-03
2.654302368e+02;2.456380986e-03
2.656408691e+02;1.524420688e-03
2.658515320e+02;1.657557907e-03
2.660621948e+02;2.669400303e-03
2.662728577e+02;3.095439402e-03
2.664835510e+02;-3.661272349e-04
2.666942444e+02;8.653916302e-05
2.669049377e+02;6.723427214e-04
2.671156616e+02;2.296616323e-03
2.673263855e+02;3.468223382e-03
2.675371094e+02;3.308458952e-03
2.677478638e+02;4.666457884e-03
2.679586182e+02;3.228576621e-03
2.681694031e+02;4.693085328e-03
2.683801575e+02;4.027399700e-03
2.685909729e+02;2.376498654e-03
2.688017578e+02;4.852849990e-03
2.690125732e+02;2.722655190e-03
2.692233887e+02;1.790695009e-03
2.694342346e+02;1.897204784e-03
2.696450806e+02;-1.997057734e-05
2.698559265e+02;6.190878921e-04
2.700667725e+02;1.870577340e-03
2.702776489e+02;3.228576621e-03
2.704885559e+02;1.471165800e-03
2.706994324e+02;2.536263317e-03
2.709103394e+02;2.216733992e-03
2.711212769e+02;1.178264036e-03
2.713321838e+02;7.522250526e-04
2.715431213e+02;1.284773811e-03
2.717540894e+02;4.107282031e-03
2.719650269e+02;2.243361436e-03
2.721760254e+02;3.787752707e-03
2.723869934e+02;4.346929025e-03
2.725979919e+02;3.255204065e-03
2.728089905e+02;2.642773092e-03
2.730199890e+02;2.376498654e-03
2.732310181e+02;1.258146367e-03
2.734420471e+02;2.323243767e-03
2.736531067e+02;1.258146367e-03
2.738641663e+02;7.255976088e-04
2.740752258e+02;8.653916302e-05
2.742862854e+02;-4.460095370e-04
2.744973755e+02;3.122066846e-03
2.747084961e+02;2.030341886e-03
2.749195862e+02;3.281831509e-03
2.751307068e+02;4.666457884e-03
2.753418274e+02;4.000772256e-03
2.755529785e+02;3.601360600e-03
2.757641296e+02;1.657557907e-03
2.759752808e+02;5.119124427e-03
2.761864624e+02;2.403126098e-03
2.763976440e+02;3.787752707e-03
2.766088562e+02;3.255204065e-03
2.768200378e+02;1.764067565e-03
2.770312500e+02;-1.997057734e-05
2.772424927e+02;2.243361436e-03
2.774537354e+02;6.656859114e-06
2.776649780e+02;1.018499373e-03
2.778762207e+02;3.068811959e-03
2.780874939e+02;1.817322453e-03
2.782987671e+02;1.551048132e-03
2.785100708e+02;2.696027746e-03
2.787213745e+02;1.231518923e-03
2.789326782e+02;4.240419250e-03
2.791439819e+02;4.054027144e-03
2.793553162e+02;4.213791806e-03
2.795666504e+02;3.201949177e-03
2.797780151e+02;3.388341283e-03
2.799893799e+02;3.148694290e-03
2.802007446e+02;4.480066244e-03
2.804121399e+02;1.684185350e-03
2.806235352e+02;3.148694290e-03
2.808349304e+02;1.843949896e-03
2.810463562e+02;3.574733157e-03
2.812577820e+02;2.509635873e-03
2.814692078e+02;2.589518204e-03
2.816806641e+02;1.577675575e-03
2.818921204e+02;2.190106548e-03
2.821036072e+02;1.338028582e-03
2.823150635e+02;2.083596773e-03
2.825265808e+02;4.859507026e-04
2.827380676e+02;5.012614653e-03
2.829495850e+02;2.642773092e-03
2.831611023e+02;2.935674740e-03
2.833726501e+02;3.468223382e-03
2.835841675e+02;4.160536919e-03
2.837957458e+02;3.761125263e-03
2.840072937e+02;2.909047296e-03
2.842188721e+02;4.187164363e-03
2.844304504e+02;3.441595938e-03
2.846420593e+02;2.882419853e-03
2.848536682e+02;3.175321734e-03
2.850652771e+02;2.669400303e-03
2.852769165e+02;1.045126817e-03
2.854885559e+02;9.918719297e-04
2.857001953e+02;2.196763380e-04
2.859118652e+02;8.853622130e-04
2.861235352e+02;2.216733992e-03
2.863352051e+02;1.497793244e-03
2.865469055e+02;1.930489088e-04
2.867586060e+02;2.802537521e-03
2.869703064e+02;3.920889925e-03
2.871820374e+02;9.652445442e-04
2.873937683e+02;3.388341283e-03
2.876055298e+02;1.284773811e-03
2.878172913e+02;4.426811356e-03
2.880290527e+02;2.083596773e-03
2.882408142e+02;4.426811356e-03
2.884526062e+02;1.897204784e-03
2.886643982e+02;4.453438800e-03
2.888762207e+02;1.524420688e-03
2.890880432e+02;2.429753542e-03
2.892998657e+02;1.737440121e-03
2.895116882e+02;3.042184515e-03
2.897235413e+02;1.018499373e-03
2.899354248e+02;3.335086396e-03
2.901472778e+02;1.131665995e-04
2.903591614e+02;2.935674740e-03
2.905710754e+02;2.376498654e-03
2.907829590e+02;3.281831509e-03
2.909948730e+02;3.681242932e-03
2.912068176e+02;1.551048132e-03
2.914187317e+02;2.749282634e-03
2.916306763e+02;3.894262481e-03
2.918426514e+02;4.346929025e-03
2.920546265e+02;5.065869540e-03
2.922666016e+02;3.015557071e-03
2.924785767e+02;2.696027746e-03
2.926905823e+02;3.548105713e-03
2.929025879e+02;1.737440121e-03
2.931146240e+02;2.110224217e-03
2.933266296e+02;3.494850826e-03
2.935386963e+02;8.653916302e-05
2.937507324e+02;1.977086999e-03
2.939627991e+02;-9.985288489e-05
2.941748657e+02;2.669400303e-03
2.943869629e+02;2.483008429e-03
2.945990601e+02;3.707870375e-03
2.948111572e+02;3.574733157e-03
2.950232849e+02;2.190106548e-03
2.952354126e+02;1.391283469e-03
2.954475403e+02;3.841007594e-03
2.956596680e+02;3.548105713e-03
2.958718262e+02;5.332143977e-03
2.960840149e+02;2.616145648e-03
2.962962036e+02;4.666457884e-03
2.965083923e+02;3.794409567e-04
2.967205811e+02;4.107282031e-03
2.969328003e+02;-5.525192828e-04
2.971450195e+02;2.775910078e-03
2.973572388e+02;-3.128723765e-04
2.975694885e+02;2.616145648e-03
2.977817383e+02;3.042184515e-03
2.979940186e+02;2.962302184e-03
2.982062683e+02;1.551048132e-03
2.984185791e+02;1.897204784e-03
2.986308594e+02;5.991173020e-05
2.988431702e+02;2.775910078e-03
2.990554810e+02;2.669400303e-03
2.992678223e+02;2.749282634e-03
2.994801636e+02;3.947517369e-03
2.996925049e+02;6.210849155e-03
2.999048462e+02;2.456380986e-03
3.001172180e+02;4.160536919e-03
3.003296204e+02;1.843949896e-03
3.005419922e+02;1.923832227e-03
3.007543945e+02;1.870577340e-03
3.009668274e+02;2.456380986e-03
3.011792297e+02;6.457153358e-04
3.013916626e+02;5.125781172e-04
3.016041260e+02;9.386171005e-04
3.018165588e+02;2.642773092e-03
3.020290222e+02;1.364656026e-03
3.022415161e+02;2.163479105e-03
3.024539795e+02;2.136851661e-03
3.026665039e+02;3.281831509e-03
3.028789978e+02;7.255976088e-04
3.030915222e+02;1.524420688e-03
3.033040466e+02;3.361713840e-03
3.035165710e+02;4.320301581e-03
3.037291260e+02;3.707870375e-03
3.039416809e+02;1.551048132e-03
3.041542664e+02;1.444538357e-03
3.043668518e+02;5.412026308e-03
3.045794373e+02;1.657557907e-03
3.047920532e+02;4.666457884e-03
3.050046387e+02;3.122066846e-03
3.052172852e+02;1.630930463e-03
3.054299011e+02;1.258146367e-03
3.056425476e+02;1.577675575e-03
3.058552246e+02;1.071754261e-03
3.060678711e+02;2.349871211e-03
3.062805481e+02;4.060684005e-04
3.064932556e+02;3.920889925e-03
3.067059326e+02;2.349871211e-03
3.069186401e+02;4.027399700e-03
3.071313782e+02;2.056969330e-03
3.073440857e+02;2.030341886e-03
3.075568237e+02;1.444538357e-03
3.077695923e+02;3.601360600e-03
3.079823608e+02;4.506693687e-03
3.081951294e+02;3.894262481e-03
3.084078979e+02;2.988929627e-03
3.086206970e+02;2.030341886e-03
3.088334961e+02;2.749282634e-03
3.090463257e+02;2.669400303e-03
3.092591248e+02;2.562890761e-03
3.094719849e+02;3.015557071e-03
3.096848145e+02;8.054799400e-04
3.098976746e+02;2.616145648e-03
3.101105347e+02;-9.985288489e-05
3.103234253e+02;2.243361436e-03
3.105363159e+02;1.071754261e-03
3.107492065e+02;1.950459671e-03
3.109621277e+02;2.962302184e-03
3.111750183e+02;3.122066846e-03
3.113879700e+02;3.414968727e-03
3.116008911e+02;1.258146367e-03
3.118138428e+02;3.920889925e-03
3.120268250e+02;3.441595938e-03
3.122397766e+02;3.095439402e-03
3.124527588e+02;3.787752707e-03
3.126657715e+02;3.601360600e-03
3.128787842e+02;2.349871211e-03
3.130917969e+02;-9.985288489e-05
3.133048096e+02;1.930489088e-04
3.135178528e+02;2.962302184e-03
3.137308960e+02;6.989701651e-04
3.139439392e+02;2.882419853e-03
3.141570129e+02;1.790695009e-03
3.143700867e+02;2.456380986e-03
3.145831909e+02;2.589518204e-03
3.147962952e+02;2.190106548e-03
3.150093994e+02;4.293674137e-03
3.152225037e+02;2.562890761e-03
3.154356384e+02;6.130966824e-03
3.156487732e+02;5.278889090e-03
3.158619385e+02;4.826222546e-03
3.160751038e+02;3.601360600e-03
3.162882690e+02;2.855792409e-03
3.165014648e+02;3.681242932e-03
3.167146606e+02;2.003714442e-03
3.169278564e+02;8.853622130e-04
3.171410828e+02;2.296616323e-03
3.173543091e+02;8.054799400e-04
3.175675354e+02;5.392055609e-04
3.177807922e+02;2.995586547e-04
3.179940491e+02;3.707870375e-03
3.182073059e+02;1.737440121e-03
3.184205933e+02;2.429753542e-03
3.186338806e+02;2.909047296e-03
3.188471680e+02;1.923832227e-03
3.190604858e+02;1.657557907e-03
3.192738037e+02;3.814380150e-03
3.194871521e+02;3.122066846e-03
3.197004700e+02;3.974144813e-03
3.199138184e+02;2.855792409e-03
3.201271973e+02;5.039242096e-03
3.203405762e+02;3.627988044e-03
3.205539551e+02;3.761125263e-03
3.207673340e+02;3.095439402e-03
3.209807434e+02;5.092496984e-03
3.211941833e+02;1.391283469e-03
3.214075928e+02;2.083596773e-03
3.216210327e+02;1.204891480e-03
3.218344727e+02;2.855792409e-03
3.220479431e+02;1.444538357e-03
3.222614136e+02;3.521478269e-03
3.224748840e+02;-4.460095370e-04
3.226883850e+02;2.403126098e-03
3.229018860e+02;4.859507026e-04
3.231153870e+02;5.385398865e-03
3.233289185e+02;3.521478269e-03
3.235424500e+02;5.385398865e-03
3.237559814e+02;3.654615488e-03
3.239695435e+02;3.068811959e-03
3.241831055e+02;2.616145648e-03
3.243966675e+02;4.240419250e-03
3.246102600e+02;3.441595938e-03
3.248238525e+02;2.802537521e-03
3.250374451e+02;1.258146367e-03
3.252510681e+02;2.190106548e-03
3.254646912e+02;3.228576621e-03
3.256783447e+02;1.444538357e-03
3.258919983e+02;4.326958151e-04
3.261056519e+02;1.604303019e-03
3.263193054e+02;1.604303019e-03
3.265329895e+02;2.190106548e-03
3.267466736e+02;2.269988880e-03
3.269603882e+02;1.764067565e-03
3.271741028e+02;3.042184515e-03
3.273878174e+02;3.841007594e-03
3.276015625e+02;3.122066846e-03
3.278152771e+02;4.027399700e-03
3.280290527e+02;3.521478269e-03
3.282427979e+02;4.666457884e-03
3.284565735e+02;1.630930463e-03
3.286703796e+02;3.814380150e-03
3.288841553e+02;3.894262481e-03
3.290979614e+02;1.657557907e-03
3.293117981e+02;1.551048132e-03
3.295256042e+02;9.386171005e-04
3.297394409e+02;2.882419853e-03
3.299533081e+02;1.950459671e-03
3.301671448e+02;1.204891480e-03
3.303810425e+02;2.110224217e-03
3.305949097e+02;2.243361436e-03
3.308088074e+02;3.521478269e-03
3.310227051e+02;2.536263317e-03
3.312366028e+02;3.947517369e-03
3.314505310e+02;3.095439402e-03
3.316644592e+02;4.559948575e-03
3.318784180e+02;5.392055609e-04
3.320923767e+02;3.947517369e-03
3.323063354e+02;4.107282031e-03
3.325202942e+02;2.456380986e-03
3.327342834e+02;5.119124427e-03
3.329482727e+02;2.669400303e-03
3.331622925e+02;9.386171005e-04
3.333763123e+02;4.027399700e-03
3.335903320e+02;2.988929627e-03
3.338043823e+02;3.681242932e-03
3.340184326e+02;3.201949177e-03
3.342324829e+02;2.642773092e-03
3.344465332e+02;1.125009148e-03
3.346606140e+02;3.468223382e-03
3.348747253e+02;2.030341886e-03
3.350888062e+02;-2.329900599e-04
3.353029175e+02;1.764067565e-03
3.355170593e+02;2.749282634e-03
3.357311707e+02;3.548105713e-03
3.359453125e+02;2.429753542e-03
3.361594849e+02;3.175321734e-03
3.363736572e+02;4.719712771e-03
3.365878296e+02;3.228576621e-03
3.368020020e+02;5.145751871e-03
3.370162048e+02;2.616145648e-03
3.372304077e+02;3.494850826e-03
3.374446106e+02;4.326958151e-04
3.376588440e+02;9.652445442e-04
3.378730774e+02;7.788524963e-04
3.380873413e+02;2.988929627e-03
3.383016052e+02;1.417910913e-03
3.385158691e+02;3.148694290e-03
3.387301331e+02;1.710812794e-03
3.389444275e+02;2.509635873e-03
3.391587524e+02;3.095439402e-03
3.393730469e+02;3.068811959e-03
3.395873718e+02;1.817322453e-03
3.398016968e+02;3.601360600e-03
3.400160522e+02;2.669400303e-03
3.402304077e+02;2.296616323e-03
3.404447632e+02;2.995586547e-04
3.406591492e+02;2.935674740e-03
3.408735352e+02;2.376498654e-03
3.410879211e+02;5.278889090e-03
3.413023376e+02;3.255204065e-03
3.415167542e+02;1.311401254e-03
3.417311707e+02;1.204891480e-03
3.419456177e+02;1.444538357e-03
3.421600647e+02;1.311401254e-03
3.423745117e+02;3.814380150e-03
3.425889893e+02;1.764067565e-03
3.428034668e+02;1.204891480e-03
3.430179443e+02;1.604303019e-03
3.432324524e+02;2.110224217e-03
3.434469604e+02;2.775910078e-03
3.436614990e+02;1.737440121e-03
3.438760376e+02;2.589518204e-03
3.440905762e+02;3.148694290e-03
3.443051147e+02;3.201949177e-03
3.445196838e+02;5.039242096e-03
3.447342529e+02;5.545163527e-03
3.449488525e+02;5.225634202e-03
3.451634521e+02;2.935674740e-03
3.453780518e+02;2.536263317e-03
3.455926514e+02;3.841007594e-03
3.458072815e+02;1.790695009e-03
3.460219116e+02;-1.797351870e-04
3.462365723e+02;3.494850826e-03
3.464512329e+02;3.794409567e-04
3.466658936e+02;9.652445442e-04
3.468805847e+02;3.794409567e-04
3.470952759e+02;1.338028582e-03
3.473099670e+02;4.133909475e-03
3.475246887e+02;2.296616323e-03
3.477394104e+02;3.441595938e-03
3.479541321e+02;4.000772256e-03
3.481688843e+02;4.533321131e-03
3.483836365e+02;3.068811959e-03
3.485983887e+02;5.332143977e-03
3.488131714e+02;5.598418415e-03
3.490279541e+02;3.681242932e-03
3.492427673e+02;3.441595938e-03
3.494575500e+02;2.988929627e-03
3.496723633e+02;8.587347693e-04
3.498872070e+02;5.125781172e-04
3.501020508e+02;3.148694290e-03
3.503168945e+02;1.551048132e-03
3.505317383e+02;3.228576621e-03
3.507466125e+02;1.131665995e-04
3.509614868e+02;2.190106548e-03
3.511763916e+02;-2.329900599e-04
3.513912964e+02;3.068811959e-03
3.516062012e+02;2.323243767e-03
3.518211060e+02;4.133909475e-03
3.520360413e+02;3.681242932e-03
3.522509766e+02;2.269988880e-03
3.524659424e+02;3.441595938e-03
3.526809082e+02;2.855792409e-03
3.528958740e+02;2.935674740e-03
3.531108704e+02;2.616145648e-03
3.533258667e+02;4.240419250e-03
3.535408630e+02;2.669400303e-03
3.537558899e+02;1.151636592e-03
3.539709167e+02;4.267046694e-03
3.541859436e+02;1.710812794e-03
3.544010010e+02;3.308458952e-03
3.546160583e+02;2.429753542e-03
3.548311157e+02;1.764067565e-03
3.550462036e+02;6.190878921e-04
3.552612915e+02;2.056969330e-03
3.554763794e+02;1.231518923e-03
3.556914978e+02;3.441595938e-03
3.559066162e+02;2.616145648e-03
3.561217651e+02;3.574733157e-03
3.563368835e+02;3.734497819e-03
3.565520325e+02;4.080654588e-03
3.567672119e+02;4.160536919e-03
3.569823914e+02;4.746340215e-03
3.571975708e+02;4.080654588e-03
3.574127502e+02;4.000772256e-03
3.576279602e+02;2.190106548e-03
3.578431702e+02;3.042184515e-03
3.580584106e+02;1.364656026e-03
3.582736511e+02;5.658330047e-04
3.584888916e+02;1.764067565e-03
3.587041626e+02;1.471165800e-03
3.589194031e+02;2.562890761e-03
3.591347046e+02;2.642773092e-03
3.593499756e+02;3.528135130e-04
3.595652771e+02;2.696027746e-03
3.597806091e+02;1.930489088e-04
3.599959106e+02;4.480066244e-03
3.602112427e+02;2.030341886e-03
3.604265747e+02;4.160536919e-03
3.606419373e+02;2.509635873e-03
3.608572998e+02;3.201949177e-03
3.610726624e+02;3.654615488e-03
3.612880554e+02;4.267046694e-03
3.615034485e+02;2.562890761e-03
3.617188416e+02;2.136851661e-03
3.619342651e+02;9.918719297e-04
3.621496887e+02;3.974144813e-03
3.623651428e+02;1.843949896e-03
3.625805664e+02;1.417910913e-03
3.627960510e+02;1.930489088e-04
3.630115051e+02;1.684185350e-03
3.632269897e+02;1.131665995e-04
3.634424744e+02;4.213791806e-03
3.636579590e+02;2.030341886e-03
3.638734741e+02;2.589518204e-03
3.640889893e+02;2.030341886e-03
3.643045349e+02;4.133909475e-03
3.645200806e+02;2.083596773e-03
3.647356262e+02;1.897204784e-03
3.649511719e+02;1.178264036e-03
3.651667480e+02;5.412026308e-03
3.653823242e+02;4.426811356e-03
3.655979309e+02;5.012614653e-03
3.658135376e+02;3.468223382e-03
3.660291443e+02;3.468223382e-03
3.662447815e+02;6.190878921e-04
3.664604187e+02;2.110224217e-03
3.666760559e+02;2.030341886e-03
3.668917236e+02;2.003714442e-03
3.671073914e+02;2.456380986e-03
3.673230591e+02;3.841007594e-03
3.675387268e+02;3.281831509e-03
3.677544250e+02;3.015557071e-03
3.679701538e+02;3.388341283e-03
3.681858826e+02;1.018499373e-03
3.684016113e+02;3.681242932e-03
3.686173401e+02;4.506693687e-03
3.688330994e+02;3.122066846e-03
3.690488586e+02;3.122066846e-03
3.692646179e+02;3.947517369e-03
3.694804077e+02;3.654615488e-03
3.696961975e+02;5.412026308e-03
3.699119873e+02;4.373556469e-03
3.701278076e+02;3.015557071e-03
3.703436279e+02;2.456380986e-03
3.705594788e+02;9.918719297e-04
3.707752991e+02;2.616145648e-03
3.709911804e+02;1.737440121e-03
3.712070312e+02;1.151636592e-03
3.714229126e+02;2.083596773e-03
3.716387939e+02;2.030341886e-03
3.718547058e+02;1.391283469e-03
3.720706177e+02;2.909047296e-03
3.722865295e+02;1.950459671e-03
3.725024414e+02;3.867635038e-03
3.727183838e+02;2.243361436e-03
3.729343262e+02;5.145751871e-03
3.731502991e+02;3.761125263e-03
3.733662720e+02;4.639830440e-03
3.735822449e+02;5.571790971e-03
3.737982483e+02;3.414968727e-03
3.740142517e+02;3.414968727e-03
3.742302551e+02;3.361713840e-03
3.744462891e+02;3.361713840e-03
3.746623230e+02;2.403126098e-03
3.748783569e+02;2.509635873e-03
3.750944214e+02;8.321073838e-04
3.753104858e+02;8.321073838e-04
3.755265503e+02;2.722655190e-03
3.757426453e+02;2.882419853e-03
3.759587402e+02;2.616145648e-03
3.761748352e+02;3.042184515e-03
3.763909607e+02;6.770025473e-03
3.766070862e+02;3.148694290e-03
3.768232117e+02;5.971202627e-03
3.770393677e+02;4.107282031e-03
3.772555237e+02;4.400183912e-03
3.774717102e+02;4.666457884e-03
3.776878662e+02;5.145751871e-03
3.779040833e+02;5.092496984e-03
3.781202698e+02;4.932732321e-03
3.783364868e+02;3.548105713e-03
3.785527039e+02;2.269988880e-03
3.787689514e+02;1.870577340e-03
3.789851685e+02;3.814380150e-03
3.792014465e+02;4.426811356e-03
3.794176941e+02;3.255204065e-03
3.796339722e+02;3.122066846e-03
3.798502502e+02;4.054027144e-03
3.800665588e+02;1.577675575e-03
3.802828674e+02;4.054027144e-03
3.804991760e+02;4.932732321e-03
3.807154846e+02;5.332143977e-03
3.809318237e+02;4.506693687e-03
3.811481934e+02;5.039242096e-03
3.813645325e+02;4.826222546e-03
3.815809021e+02;5.838065408e-03
3.817973022e+02;4.133909475e-03
3.820136719e+02;7.009672467e-03
3.822300720e+02;4.852849990e-03
3.824465027e+02;6.690143142e-03
3.826629028e+02;6.723427214e-04
3.828793335e+02;5.811437964e-03
3.830957947e+02;3.175321734e-03
3.833122253e+02;3.494850826e-03
3.835286865e+02;2.855792409e-03
3.837451782e+02;5.491908640e-03
3.839616394e+02;2.882419853e-03
3.841781616e+02;4.133909475e-03
3.843946533e+02;3.734497819e-03
3.846111755e+02;4.852849990e-03
3.848276978e+02;4.719712771e-03
3.850442200e+02;5.731555633e-03
3.852607727e+02;6.530378480e-03
3.854773254e+02;6.317358930e-03
3.856939087e+02;5.332143977e-03
3.859104614e+02;6.130966824e-03
3.861270752e+02;5.545163527e-03
3.863436584e+02;6.104339380e-03
3.865602722e+02;4.639830440e-03
3.867768860e+02;5.278889090e-03
3.869935303e+02;3.441595938e-03
3.872101746e+02;6.051084958e-03
3.874268188e+02;3.494850826e-03
3.876434631e+02;4.320301581e-03
3.878601379e+02;3.654615488e-03
3.880768127e+02;5.891320296e-03
3.882935181e+02;3.681242932e-03
3.885102234e+02;3.015557071e-03
3.887269287e+02;5.065869540e-03
3.889436646e+02;3.681242932e-03
3.891604004e+02;5.971202627e-03
3.893771362e+02;6.024457514e-03
3.895939026e+02;5.092496984e-03
3.898106689e+02;7.089554798e-03
3.900274353e+02;7.355829235e-03
3.902442322e+02;7.275946904e-03
3.904610291e+02;4.533321131e-03
3.906778259e+02;5.758183077e-03
3.908946533e+02;4.107282031e-03
3.911114807e+02;6.237476598e-03
3.913283081e+02;4.480066244e-03
3.915451660e+02;3.201949177e-03
3.917620239e+02;4.480066244e-03
3.919788818e+02;6.051084958e-03
3.921957703e+02;1.897204784e-03
3.924126587e+02;4.852849990e-03
3.926295776e+02;4.320301581e-03
3.928464661e+02;4.213791806e-03
3.930634155e+02;4.346929025e-03
3.932803345e+02;6.876535248e-03
3.934972839e+02;5.731555633e-03
3.937142334e+02;6.477123592e-03
3.939311829e+02;6.503751036e-03
3.941481628e+02;6.690143142e-03
3.943651428e+02;7.808495313e-03
3.945821533e+02;8.101397194e-03
3.947991638e+02;5.518536083e-03
3.950161743e+02;6.264104042e-03
3.952332153e+02;4.879477434e-03
3.954502258e+02;5.065869540e-03
3.956672974e+02;5.172379315e-03
3.958843384e+02;5.332143977e-03
3.961014099e+02;4.559948575e-03
3.963184814e+02;5.864692852e-03
3.965355835e+02;6.530378480e-03
3.967526855e+02;7.169437129e-03
3.969697876e+02;4.453438800e-03
3.971869202e+02;6.450496148e-03
3.974040527e+02;6.503751036e-03
3.976211853e+02;6.743398029e-03
3.978383484e+02;7.222692017e-03
3.980555115e+02;7.675358094e-03
3.982726746e+02;7.435711566e-03
3.984898682e+02;8.580691181e-03
3.987070618e+02;4.932732321e-03
3.989242554e+02;7.249319460e-03
3.991414795e+02;6.636888254e-03
3.993587036e+02;6.903162692e-03
3.995759277e+02;5.518536083e-03
3.997931824e+02;5.412026308e-03
4.000104370e+02;6.743398029e-03
4.002276917e+02;5.625045858e-03
4.004449768e+02;7.036299910e-03
4.006622620e+02;6.690143142e-03
4.008795776e+02;5.917947739e-03
4.010968933e+02;6.157594267e-03
4.013142090e+02;6.557005923e-03
4.015315247e+02;8.500808850e-03
4.017488708e+02;8.048142307e-03
4.019662170e+02;5.412026308e-03
4.021835938e+02;6.423868705e-03
4.024009399e+02;8.420926519e-03
4.026183472e+02;7.915005088e-03
4.028357239e+02;9.166494943e-03
4.030531311e+02;7.196064573e-03
4.032705383e+02;8.687200956e-03
4.034879761e+02;7.808495313e-03
4.037054138e+02;6.690143142e-03
4.039228516e+02;8.527436294e-03
4.041402893e+02;7.302574348e-03
4.043577576e+02;4.586575553e-03
4.045752563e+02;7.009672467e-03
4.047927246e+02;9.965317324e-03
4.050102234e+02;6.903162692e-03
4.052277222e+02;8.128024638e-03
4.054452515e+02;9.166494943e-03
4.056627808e+02;6.849907804e-03
4.058803101e+02;1.017833687e-02
4.060978699e+02;9.512651712e-03
4.063154297e+02;9.645788930e-03
4.065329895e+02;1.111029740e-02
4.067505798e+02;8.394299075e-03
4.069681702e+02;9.539279155e-03
4.071857605e+02;9.832181036e-03
4.074033813e+02;1.081739552e-02
4.076210022e+02;7.116182242e-03
4.078386230e+02;6.210849155e-03
4.080562744e+02;7.329201791e-03
4.082739258e+02;7.329201791e-03
4.084915771e+02;7.142809685e-03
4.087092590e+02;9.752298705e-03
4.089269409e+02;8.687200956e-03
4.091446533e+02;9.299632162e-03
4.093623352e+02;9.193122387e-03
4.095800781e+02;1.156296395e-02
4.097977905e+02;1.071088575e-02
4.100155334e+02;1.060437597e-02
4.102332764e+02;8.873593062e-03
4.104510193e+02;9.193122387e-03
4.106687927e+02;1.113692485e-02
4.108865662e+02;8.101397194e-03
4.111043701e+02;9.565906599e-03
4.113221741e+02;9.406141937e-03
4.115399780e+02;1.001857221e-02
4.117577820e+02;9.539279155e-03
4.119756165e+02;7.462339010e-03
4.121934509e+02;8.447553962e-03
4.124113159e+02;1.095053274e-02
4.126291809e+02;9.139867499e-03
4.128470459e+02;1.113692485e-02
4.130649414e+02;9.965317324e-03
4.132828369e+02;1.055112109e-02
4.135007324e+02;1.260143425e-02
4.137186279e+02;1.073751319e-02
4.139365540e+02;1.233515982e-02
4.141545105e+02;1.057774853e-02
4.143724365e+02;1.321386453e-02
4.145903931e+02;1.225527748e-02
4.148083801e+02;1.284108125e-02
4.150263367e+02;1.127006207e-02
4.152443237e+02;1.225527748e-02
4.154623413e+02;1.089727785e-02
4.156803284e+02;1.262806170e-02
4.158983459e+02;8.793710731e-03
4.161163940e+02;1.068425830e-02
4.163344116e+02;1.007182710e-02
4.165524597e+02;1.161621884e-02
4.167705383e+02;1.177598350e-02
4.169885864e+02;1.214876771e-02
4.172066650e+02;1.065763086e-02
4.174247742e+02;1.398606040e-02
4.176428833e+02;1.233515982e-02
4.178609924e+02;1.342688408e-02
4.180791016e+02;1.403931528e-02
4.182972412e+02;1.228190493e-02
4.185153809e+02;1.196237560e-02
4.187335205e+02;1.268131658e-02
4.189516907e+02;1.382629573e-02
4.191698608e+02;1.489139348e-02
4.193880615e+02;1.326711942e-02
4.196062622e+02;1.542394236e-02
4.198244629e+02;1.249492448e-02
4.200426636e+02;1.427896228e-02
4.202608948e+02;1.182923838e-02
4.204791260e+02;1.180261094e-02
4.206973877e+02;1.387955062e-02
4.209156494e+02;1.438547205e-02
4.211339111e+02;1.225527748e-02
4.213521729e+02;1.401268784e-02
4.215704651e+02;1.297421753e-02
4.217887573e+02;1.555707958e-02
4.220070801e+02;1.571684331e-02
4.222254028e+02;1.459849160e-02
4.224437256e+02;1.497127581e-02
4.226620789e+02;1.582335308e-02
4.228804321e+02;1.414582506e-02
4.230987854e+02;1.837958768e-02
4.233171692e+02;1.728786342e-02
4.235355225e+02;1.715472527e-02
4.237539368e+02;1.390617806e-02
4.239723206e+02;1.446535438e-02
4.241907349e+02;1.486476604e-02
4.244091797e+02;1.632927544e-02
4.246275940e+02;1.441209950e-02
4.248460388e+02;1.696833409e-02
4.250645142e+02;1.616951078e-02
4.252829590e+02;1.566358842e-02
4.255014343e+02;1.755413599e-02
4.257199402e+02;1.718135364e-02
4.259384155e+02;1.577009819e-02
4.261569214e+02;1.670205966e-02
4.263754578e+02;1.702158898e-02
4.265939941e+02;1.867248863e-02
4.268125305e+02;1.912515610e-02
4.270310669e+02;1.827307791e-02
4.272496338e+02;1.880562678e-02
4.274682007e+02;1.766064577e-02
4.276867676e+02;1.667543128e-02
4.279053650e+02;1.893876307e-02
4.281239624e+02;1.859260723e-02
4.283425903e+02;1.989735104e-02
4.285611877e+02;1.704821549e-02
4.287798157e+02;1.816656813e-02
4.289984741e+02;1.779378392e-02
4.292171326e+02;1.925829239e-02
4.294357910e+02;1.840621419e-02
4.296544495e+02;1.955119520e-02
4.298731384e+02;2.106895857e-02
4.300918274e+02;1.952456683e-02
4.303105469e+02;1.891213655e-02
4.305292664e+02;2.122872323e-02
4.307479858e+02;1.933817565e-02
4.309667053e+02;2.162813395e-02
4.311854553e+02;2.234707586e-02
4.314042358e+02;2.245358564e-02
4.316229858e+02;2.149499767e-02
4.318417664e+02;2.295950614e-02
4.320605469e+02;2.365181968e-02
4.322793579e+02;2.301276103e-02
4.324981689e+02;2.098907530e-02
4.327169800e+02;2.359856479e-02
4.329358215e+02;2.213405631e-02
4.331546631e+02;2.301276103e-02
4.333735046e+02;2.407785878e-02
4.335923462e+02;2.232044749e-02
4.338112183e+02;2.495656349e-02
4.340301208e+02;2.357193828e-02
4.342489929e+02;2.445064299e-02
4.344678955e+02;2.698024921e-02
4.346868286e+02;2.615479939e-02
4.349057312e+02;2.543585747e-02
4.351246643e+02;2.735303342e-02
4.353436279e+02;2.831162140e-02
4.355625610e+02;2.972287498e-02
4.357815247e+02;2.724652365e-02
4.360005188e+02;2.644770034e-02
4.362194824e+02;2.447726950e-02
4.364384766e+02;2.895068005e-02
4.366575012e+02;2.618142590e-02
4.368765259e+02;2.740628831e-02
4.370955505e+02;2.807197347e-02
4.373145752e+02;2.767256275e-02
4.375336304e+02;2.745954320e-02
4.377526855e+02;3.028205037e-02
4.379717407e+02;2.935009077e-02
4.381908264e+02;3.201283514e-02
4.384099121e+02;2.884417027e-02
4.386290283e+02;3.217259794e-02
4.388481140e+02;3.150691465e-02
4.390672607e+02;3.385012597e-02
4.392863770e+02;3.270514682e-02
4.395055237e+02;3.126726672e-02
4.397246704e+02;3.182644397e-02
4.399438171e+02;3.369036317e-02
4.401629944e+02;3.257201239e-02
4.403821716e+02;3.084122762e-02
4.406013794e+02;3.235899284e-02
4.408205872e+02;3.182644397e-02
4.410397949e+02;3.246550262e-02
4.412590332e+02;3.238561749e-02
4.414782410e+02;3.408977389e-02
4.416975098e+02;3.467557952e-02
4.419167480e+02;3.619334102e-02
4.421360168e+02;3.544777259e-02
4.423552856e+02;3.387675434e-02
4.425745850e+02;3.435605019e-02
4.427938843e+02;3.446255997e-02
4.430131836e+02;3.632647917e-02
4.432325134e+02;3.518150002e-02
4.434518433e+02;3.803063557e-02
4.436711731e+02;3.957502544e-02
4.438905029e+02;3.579393029e-02
4.441098633e+02;3.835016489e-02
4.443292542e+02;3.672588989e-02
4.445486145e+02;4.109279066e-02
4.447680054e+02;3.430279344e-02
4.449874268e+02;3.853655607e-02
4.452068176e+02;3.611345962e-02
4.454262390e+02;3.933537751e-02
4.456456909e+02;3.819039837e-02
4.458651123e+02;3.941526264e-02
4.460845642e+02;3.752471507e-02
4.463040466e+02;3.904247656e-02
4.465234985e+02;3.925549611e-02
4.467429810e+02;4.210463166e-02
4.469624939e+02;4.173184931e-02
4.471819763e+02;4.213126004e-02
4.474014893e+02;4.194486886e-02
4.476210327e+02;4.117267206e-02
4.478405457e+02;4.109279066e-02
4.480601196e+02;4.266380891e-02
4.482796631e+02;3.888271376e-02
4.484992371e+02;4.261055216e-02
4.487188110e+02;4.506027699e-02
4.489383850e+02;4.311647639e-02
4.491579895e+02;4.170522094e-02
4.493775940e+02;4.050698504e-02
4.495972290e+02;4.133243859e-02
4.498168335e+02;3.976141661e-02
4.500364685e+02;4.537980631e-02
4.502561340e+02;4.274369031e-02
4.504757996e+02;4.002769291e-02
4.506954651e+02;4.519341514e-02
4.509151306e+02;4.404843599e-02
4.511348267e+02;4.439459369e-02
4.513545227e+02;4.442121834e-02
4.515742493e+02;4.412831739e-02
4.517939758e+02;4.873486236e-02
4.520137024e+02;4.655141383e-02
4.522334290e+02;4.652478546e-02
4.524531860e+02;4.407506436e-02
4.526729431e+02;4.484725744e-02
4.528927307e+02;4.836208001e-02
4.531125183e+02;4.788278788e-02
4.533323059e+02;4.439459369e-02
4.535521240e+02;4.692419991e-02
4.537719421e+02;4.641827568e-02
4.539917603e+02;4.266380891e-02
4.542115784e+02;4.495376721e-02
4.544314270e+02;4.663129523e-02
4.546513062e+02;4.460761324e-02
4.548711548e+02;4.607212171e-02
4.550910339e+02;4.663129523e-02
4.553109131e+02;4.548631608e-02
4.555308228e+02;4.599223658e-02
4.557507324e+02;4.801592231e-02
4.559706421e+02;4.905439168e-02
4.561905823e+02;4.849521816e-02
4.564105225e+02;4.918752983e-02
4.566304626e+02;4.950705916e-02
4.568504333e+02;4.969345033e-02
4.570704041e+02;4.881474748e-02
4.572903748e+02;4.812243208e-02
4.575103760e+02;4.769639298e-02
4.577303772e+02;4.769639298e-02
4.579503784e+02;4.652478546e-02
4.581704102e+02;4.945380613e-02
4.583904419e+02;4.729698226e-02
4.586104736e+02;4.468749464e-02
4.588305359e+02;4.822894186e-02
4.590505981e+02;4.876149073e-02
4.592706604e+02;4.820231348e-02
4.594907532e+02;4.886800051e-02
4.597108459e+02;4.836208001e-02
4.599309692e+02;4.732361063e-02
4.601510620e+02;5.017274618e-02
4.603711853e+02;5.129109696e-02
4.605913391e+02;5.142423511e-02
4.608114929e+02;5.190352723e-02
4.610316467e+02;4.716384411e-02
4.612518005e+02;5.054552853e-02
4.614719849e+02;4.628514126e-02
4.616921692e+02;4.908102006e-02
4.619123535e+02;4.700408131e-02
4.621325684e+02;4.766976833e-02
4.623527832e+02;4.801592231e-02
4.625730286e+02;4.743012041e-02
4.627932739e+02;4.758988321e-02
4.630135193e+02;4.751000181e-02
4.632337646e+02;4.724372923e-02
4.634540405e+02;4.772302136e-02
4.636743164e+02;4.820231348e-02
4.638946228e+02;4.636502266e-02
4.641149292e+02;4.873486236e-02
4.643352356e+02;4.663129523e-02
4.645555420e+02;4.884137213e-02
4.647758789e+02;4.439459369e-02
4.649962158e+02;4.862835258e-02
4.652165833e+02;4.655141383e-02
4.654369507e+02;4.966682568e-02
4.656573181e+02;4.577921703e-02
4.658777161e+02;4.508690536e-02
4.660980835e+02;4.607212171e-02
4.663185120e+02;4.412831739e-02
4.665389099e+02;4.404843599e-02
4.667593384e+02;4.322298616e-02
4.669797668e+02;4.364902526e-02
4.672002258e+02;4.580584541e-02
4.674206848e+02;4.242416099e-02
4.676411438e+02;3.965490684e-02
4.678616333e+02;4.266380891e-02
4.680821228e+02;4.596561193e-02
4.683026123e+02;4.197149351e-02
4.685231323e+02;4.167859256e-02
4.687436523e+02;4.189161211e-02
4.689641724e+02;4.300996661e-02
4.691847229e+02;4.484725744e-02
4.694052734e+02;4.234427959e-02
4.696258240e+02;4.295670986e-02
4.698464050e+02;3.914898634e-02
4.700669861e+02;3.890933841e-02
4.702875671e+02;4.069337994e-02
4.705081787e+02;3.781761602e-02
4.707287903e+02;3.789749742e-02
4.709494019e+02;3.744482994e-02
4.711700439e+02;3.683239967e-02
4.713906860e+02;3.629985079e-02
4.716113281e+02;3.560753912e-02
4.718320007e+02;3.624659777e-02
4.720526733e+02;3.590044007e-02
4.722733459e+02;3.462232277e-02
4.724940491e+02;3.627322242e-02
4.727147522e+02;3.470220417e-02
4.729354553e+02;3.606020287e-02
4.731561890e+02;3.664600849e-02
4.733769226e+02;3.558091074e-02
4.735976868e+02;3.430279344e-02
4.738184204e+02;3.717855737e-02
4.740391846e+02;3.345071524e-02
4.742599792e+02;3.323769569e-02
4.744807739e+02;2.908381633e-02
4.747015686e+02;3.094773740e-02
4.749223633e+02;2.961636521e-02
4.751431885e+02;3.195957839e-02
4.753640137e+02;2.998914942e-02
4.755848694e+02;2.756605297e-02
4.758056946e+02;2.868440561e-02
4.760265503e+02;2.895068005e-02
4.762474365e+02;2.860452235e-02
4.764683228e+02;2.849801257e-02
4.766892090e+02;3.065483458e-02
4.769100952e+02;2.817848325e-02
4.771310120e+02;2.719326876e-02
4.773519287e+02;2.958973870e-02
4.775728760e+02;2.703350410e-02
4.777938232e+02;2.953648381e-02
4.780147705e+02;2.844475769e-02
4.782357178e+02;2.615479939e-02
4.784566956e+02;2.495656349e-02
4.786777039e+02;2.570213191e-02
4.788986816e+02;2.676722966e-02
4.791196899e+02;2.301276103e-02
4.793406982e+02;2.479679883e-02
4.795617371e+02;2.378495596e-02
4.797827759e+02;2.383821085e-02
4.800038147e+02;2.365181968e-02
4.802248535e+02;1.960445009e-02
4.804459229e+02;2.437075973e-02
4.806670227e+02;2.274648659e-02
4.808880920e+02;2.447726950e-02
4.811091919e+02;2.074942924e-02
4.813302917e+02;2.114883997e-02
4.815514221e+02;2.106895857e-02
4.817725525e+02;2.271986008e-02
4.819936829e+02;2.229382098e-02
4.822148438e+02;2.162813395e-02
4.824360046e+02;2.019025385e-02
4.826571655e+02;1.907190122e-02
4.828783569e+02;2.117546834e-02
4.830995483e+02;1.880562678e-02
4.833207397e+02;1.614288241e-02
4.835419617e+02;1.798017509e-02
4.837631836e+02;1.837958768e-02
4.839844055e+02;1.752750948e-02
4.842056580e+02;1.766064577e-02
4.844269104e+02;1.915178262e-02
4.846481628e+02;1.832633279e-02
4.848694458e+02;1.547719724e-02
4.850907288e+02;1.856597885e-02
4.853120117e+02;1.875237189e-02
4.855333252e+02;1.774052903e-02
4.857546387e+02;1.843284257e-02
4.859759521e+02;1.803342998e-02
4.861972961e+02;1.750088111e-02
4.864186401e+02;1.845946908e-02
4.866399841e+02;1.513104048e-02
4.868613586e+02;1.537068747e-02
4.870827332e+02;1.499790326e-02
4.873041077e+02;1.305409987e-02
4.875255127e+02;1.475825626e-02
4.877469177e+02;1.241504215e-02
4.879683228e+02;1.457186416e-02
4.881897583e+02;1.313398220e-02
4.884111938e+02;1.356002130e-02
4.886326599e+02;1.305409987e-02
4.888540955e+02;1.214876771e-02
4.890755615e+02;1.260143425e-02
4.892970581e+02;1.379966829e-02
4.895185547e+02;1.406594273e-02
4.897400513e+02;1.395943295e-02
4.899615479e+02;1.491802093e-02
4.901830750e+02;1.348013896e-02
4.904046021e+02;1.246829703e-02
4.906261597e+02;1.220202260e-02
4.908476868e+02;1.124343462e-02
4.910692749e+02;1.353339385e-02
4.912908325e+02;9.166494943e-03
4.915124207e+02;1.427896228e-02
4.917340088e+02;9.672416374e-03
4.919555969e+02;6.796652917e-03
4.921772156e+02;1.009845454e-02
4.923988342e+02;9.379514493e-03
4.926204834e+02;8.713828400e-03
4.928421326e+02;1.092390530e-02
4.930637817e+02;9.006730281e-03
4.932854309e+02;9.539279155e-03
4.935071106e+02;1.068425830e-02
4.937287903e+02;7.701985538e-03
4.939505005e+02;9.805553593e-03
4.941722107e+02;1.153633650e-02
4.943939209e+02;9.752298705e-03
4.946156616e+02;7.382456679e-03
4.948373718e+02;8.527436294e-03
4.950591431e+02;8.900220506e-03
4.952808838e+02;8.128024638e-03
4.955026550e+02;8.953475393e-03
4.957244263e+02;7.968259975e-03
4.959462280e+02;7.089554798e-03
4.961680298e+02;6.370613817e-03
4.963898315e+02;6.104339380e-03
4.966116638e+02;3.681242932e-03
4.968334961e+02;7.728612982e-03
4.970553284e+02;5.332143977e-03
4.972771606e+02;5.385398865e-03
4.974990234e+02;6.610260811e-03
4.977209167e+02;5.891320296e-03
4.979427795e+02;8.021514863e-03
4.981646729e+02;7.728612982e-03
4.983865662e+02;6.024457514e-03
4.986084900e+02;8.420926519e-03
4.988304138e+02;7.249319460e-03
4.990523376e+02;5.092496984e-03
4.992742920e+02;4.879477434e-03
4.994962463e+02;6.184221711e-03
4.997182007e+02;5.305516534e-03
4.999401855e+02;3.548105713e-03
5.001621704e+02;1.684185350e-03
5.003841553e+02;4.852849990e-03
5.006061707e+02;4.985987209e-03
5.008281860e+02;5.252261646e-03
5.010502014e+02;4.693085328e-03
5.012722473e+02;4.799595103e-03
5.014942932e+02;3.814380150e-03
5.017163391e+02;5.971202627e-03
5.019384155e+02;4.213791806e-03
5.021604919e+02;5.838065408e-03
5.023825684e+02;5.065869540e-03
5.026046753e+02;3.574733157e-03
5.028267822e+02;5.997830071e-03
5.030488892e+02;4.932732321e-03
5.032710266e+02;5.199006759e-03
5.034931641e+02;6.477123592e-03
5.037153015e+02;3.521478269e-03
5.039374695e+02;4.133909475e-03
5.041596375e+02;2.083596773e-03
5.043818054e+02;2.136851661e-03
5.046040039e+02;2.988929627e-03
5.048262024e+02;4.772967659e-03
5.050484314e+02;1.071754261e-03
5.052706299e+02;3.281831509e-03
5.054928589e+02;2.403126098e-03
5.057151184e+02;3.148694290e-03
5.059373779e+02;3.201949177e-03
5.061596375e+02;4.799595103e-03
5.063818970e+02;1.923832227e-03
5.066041870e+02;2.829164965e-03
5.068264771e+02;3.841007594e-03
5.070487671e+02;4.852849990e-03
5.072710876e+02;2.403126098e-03
5.074934082e+02;3.201949177e-03
5.077157593e+02;4.240419250e-03
5.079380798e+02;4.613202997e-03
5.081604614e+02;2.802537521e-03
5.083828125e+02;2.403126098e-03
5.086051941e+02;3.255204065e-03
5.088275757e+02;2.030341886e-03
5.090499573e+02;2.962302184e-03
5.092723694e+02;1.737440121e-03
5.094947815e+02;2.775910078e-03
5.097172241e+02;2.296616323e-03
5.099396667e+02;2.988929627e-03
5.101621094e+02;3.787752707e-03
5.103845520e+02;2.429753542e-03
5.106070251e+02;4.027399700e-03
5.108294983e+02;4.373556469e-03
5.110520020e+02;6.184221711e-03
5.112745056e+02;4.373556469e-03
5.114970093e+02;2.855792409e-03
5.117195129e+02;3.707870375e-03
5.119420471e+02;3.787752707e-03
5.121646118e+02;5.491908640e-03
5.123871460e+02;3.068811959e-03
5.126096802e+02;2.855792409e-03
5.128322754e+02;2.669400303e-03
5.130548706e+02;3.574733157e-03
5.132774658e+02;2.855792409e-03
5.135000610e+02;3.148694290e-03
5.137226562e+02;3.281831509e-03
5.139452515e+02;3.255204065e-03
5.141679077e+02;2.669400303e-03
5.143905640e+02;3.255204065e-03
5.146132202e+02;2.536263317e-03
5.148358765e+02;4.799595103e-03
5.150585327e+02;3.920889925e-03
5.152812500e+02;3.494850826e-03
5.155039062e+02;5.864692852e-03
5.157266235e+02;2.855792409e-03
5.159493408e+02;4.293674137e-03
5.161720581e+02;2.136851661e-03
5.163947754e+02;5.065869540e-03
5.166175537e+02;2.935674740e-03
5.168402710e+02;4.240419250e-03
5.170630493e+02;1.391283469e-03
5.172858276e+02;4.320301581e-03
5.175086060e+02;2.056969330e-03
5.177314453e+02;3.974144813e-03
5.179542236e+02;1.977086999e-03
5.181770630e+02;2.536263317e-03
5.183999023e+02;2.962302184e-03
5.186227417e+02;4.559948575e-03
5.188455811e+02;1.604303019e-03
5.190684204e+02;4.906104878e-03
5.192912598e+02;4.346929025e-03
5.195141602e+02;5.332143977e-03
5.197370605e+02;5.625045858e-03
5.199599609e+02;3.787752707e-03
5.201828613e+02;5.039242096e-03
5.204057617e+02;3.548105713e-03
5.206287231e+02;3.175321734e-03
5.208516235e+02;2.829164965e-03
5.210745850e+02;3.814380150e-03
5.212975464e+02;1.497793244e-03
5.215205078e+02;4.746340215e-03
5.217435303e+02;2.456380986e-03
5.219664917e+02;4.107282031e-03
5.221895142e+02;2.749282634e-03
5.224125366e+02;4.000772256e-03
5.226355591e+02;2.935674740e-03
5.228585815e+02;1.897204784e-03
5.230816040e+02;5.065869540e-03
5.233046875e+02;4.107282031e-03
5.235277100e+02;2.163479105e-03
5.237507935e+02;4.107282031e-03
5.239738770e+02;4.187164363e-03
5.241969604e+02;5.491908640e-03
5.244201050e+02;4.586575553e-03
5.246431885e+02;4.453438800e-03
5.248663330e+02;3.122066846e-03
5.250894775e+02;3.414968727e-03
5.253126221e+02;4.160536919e-03
5.255357666e+02;1.817322453e-03
5.257589111e+02;1.417910913e-03
5.259821167e+02;4.213791806e-03
5.262053223e+02;3.175321734e-03
5.264285278e+02;3.255204065e-03
5.266517334e+02;1.870577340e-03
5.268749390e+02;3.228576621e-03
5.270981445e+02;4.000772256e-03
5.273214111e+02;4.879477434e-03
5.275446167e+02;4.187164363e-03
5.277678833e+02;3.867635038e-03
5.279911499e+02;4.613202997e-03
5.282144165e+02;6.823280361e-03
5.284377441e+02;4.506693687e-03
5.286610107e+02;4.133909475e-03
5.288843384e+02;3.281831509e-03
5.291076660e+02;5.305516534e-03
5.293309937e+02;1.657557907e-03
5.295543213e+02;3.521478269e-03
5.297777100e+02;1.764067565e-03
5.300010376e+02;2.190106548e-03
5.302244263e+02;7.522250526e-04
5.304478149e+02;4.293674137e-03
5.306712036e+02;3.388341283e-03
5.308945923e+02;1.790695009e-03
5.311179810e+02;3.122066846e-03
5.313414307e+02;5.039242096e-03
5.315648804e+02;4.080654588e-03
5.317883301e+02;5.545163527e-03
5.320117798e+02;4.959359765e-03
5.322352295e+02;4.559948575e-03
5.324586792e+02;4.533321131e-03
5.326821899e+02;7.169437129e-03
5.329057007e+02;3.548105713e-03
5.331291504e+02;4.772967659e-03
5.333527222e+02;4.160536919e-03
5.335762329e+02;3.521478269e-03
5.337997437e+02;9.119896567e-04
5.340233154e+02;2.696027746e-03
5.342468262e+02;2.669400303e-03
5.344703979e+02;5.891320296e-03
5.346939697e+02;2.190106548e-03
5.349176025e+02;1.764067565e-03
5.351411743e+02;2.376498654e-03
5.353648071e+02;3.707870375e-03
5.355883789e+02;4.160536919e-03
5.358120117e+02;4.346929025e-03
5.360356445e+02;4.133909475e-03
5.362593384e+02;4.373556469e-03
5.364829712e+02;4.000772256e-03
5.367066650e+02;2.696027746e-03
5.369302979e+02;4.559948575e-03
5.371539917e+02;5.092496984e-03
5.373776855e+02;4.719712771e-03
5.376014404e+02;2.483008429e-03
5.378251343e+02;2.083596773e-03
5.380488892e+02;4.586575553e-03
5.382726440e+02;1.737440121e-03
5.384963379e+02;2.829164965e-03
5.387201538e+02;3.787752707e-03
5.389439087e+02;1.604303019e-03
5.391676636e+02;1.977086999e-03
5.393914795e+02;4.613202997e-03
5.396152954e+02;2.456380986e-03
5.398391113e+02;5.012614653e-03
5.400629272e+02;2.376498654e-03
5.402867432e+02;2.429753542e-03
5.405105591e+02;4.879477434e-03
5.407344360e+02;6.450496148e-03
5.409583130e+02;4.533321131e-03
5.411821899e+02;4.826222546e-03
5.414060669e+02;1.817322453e-03
5.416299438e+02;3.281831509e-03
5.418538818e+02;1.551048132e-03
5.420777588e+02;3.920889925e-03
5.423016968e+02;1.071754261e-03
5.425256348e+02;2.030341886e-03
5.427495728e+02;3.015557071e-03
5.429735107e+02;1.684185350e-03
5.431975098e+02;3.707870375e-03
5.434214478e+02;4.426811356e-03
5.436454468e+02;3.228576621e-03
5.438694458e+02;2.988929627e-03
5.440934448e+02;3.920889925e-03
5.443174438e+02;6.024457514e-03
5.445415039e+02;5.012614653e-03
5.447655640e+02;6.530378480e-03
5.449895630e+02;3.947517369e-03
5.452136230e+02;5.598418415e-03
5.454376831e+02;5.119124427e-03
5.456618042e+02;5.704928190e-03
5.458858643e+02;4.240419250e-03
5.461099854e+02;4.426811356e-03
5.463341064e+02;3.308458952e-03
5.465582275e+02;4.959359765e-03
5.467823486e+02;5.125781172e-04
5.470064697e+02;1.657557907e-03
5.472306519e+02;2.376498654e-03
5.474547729e+02;4.959359765e-03
5.476789551e+02;2.909047296e-03
5.479031372e+02;2.403126098e-03
5.481273193e+02;2.722655190e-03
5.483515015e+02;4.293674137e-03
5.485757446e+02;4.400183912e-03
5.487999878e+02;1.284773811e-03
5.490241699e+02;2.616145648e-03
5.492484131e+02;4.985987209e-03
5.494726562e+02;4.373556469e-03
5.496969604e+02;6.104339380e-03
5.499212036e+02;4.160536919e-03
5.501455078e+02;5.199006759e-03
5.503698120e+02;4.346929025e-03
5.505941162e+02;6.077712402e-03
5.508184204e+02;1.897204784e-03
5.510427246e+02;3.974144813e-03
5.512670898e+02;2.616145648e-03
5.514913940e+02;2.962302184e-03
5.517157593e+02;1.204891480e-03
5.519401245e+02;4.453438800e-03
5.521644897e+02;2.775910078e-03
5.523889160e+02;3.920889925e-03
5.526132812e+02;4.772967659e-03
5.528377075e+02;3.228576621e-03
5.530621338e+02;3.548105713e-03
5.532865601e+02;5.145751871e-03
5.535109863e+02;6.237476598e-03
5.537354126e+02;6.956417579e-03
5.539598999e+02;3.175321734e-03
5.541843262e+02;6.610260811e-03
5.544088135e+02;3.920889925e-03
5.546333008e+02;3.521478269e-03
5.548577881e+02;4.133909475e-03
5.550823364e+02;4.480066244e-03
5.553068237e+02;2.775910078e-03
5.555313721e+02;3.681242932e-03
5.557559204e+02;3.707870375e-03
5.559804688e+02;4.826222546e-03
5.562050171e+02;3.255204065e-03
5.564295654e+02;3.335086396e-03
5.566541748e+02;4.267046694e-03
5.568787231e+02;5.278889090e-03
5.571033325e+02;4.160536919e-03
5.573279419e+02;4.506693687e-03
5.575525513e+02;3.974144813e-03
5.577772217e+02;5.438653752e-03
5.580018311e+02;5.545163527e-03
5.582265015e+02;7.009672467e-03
5.584511719e+02;3.681242932e-03
5.586758423e+02;8.660573512e-03
5.589005127e+02;3.574733157e-03
5.591251831e+02;4.666457884e-03
5.593499146e+02;3.042184515e-03
5.595745850e+02;1.950459671e-03
5.597993164e+02;-7.322544843e-05
5.600240479e+02;4.373556469e-03
5.602488403e+02;2.243361436e-03
5.604735718e+02;4.613202997e-03
5.606983032e+02;2.696027746e-03
5.609230957e+02;5.039242096e-03
5.611478882e+02;3.414968727e-03
5.613726807e+02;4.240419250e-03
5.615974731e+02;3.601360600e-03
5.618223267e+02;6.450496148e-03
5.620471191e+02;4.959359765e-03
5.622719727e+02;4.559948575e-03
5.624968262e+02;5.598418415e-03
5.627216797e+02;6.983045023e-03
5.629465332e+02;3.521478269e-03
5.631713867e+02;4.666457884e-03
5.633963013e+02;3.681242932e-03
5.636211548e+02;2.083596773e-03
5.638460693e+02;3.228576621e-03
5.640709839e+02;4.133909475e-03
5.642958984e+02;2.962302184e-03
5.645208740e+02;4.613202997e-03
5.647457886e+02;4.000772256e-03
5.649707642e+02;4.293674137e-03
5.651957397e+02;2.882419853e-03
5.654207153e+02;4.693085328e-03
5.656456909e+02;3.601360600e-03
5.658707275e+02;5.465281196e-03
5.660957031e+02;5.731555633e-03
5.663207397e+02;5.385398865e-03
5.665457764e+02;3.015557071e-03
5.667708130e+02;4.879477434e-03
5.669958496e+02;4.639830440e-03
5.672208862e+02;7.009672467e-03
5.674459839e+02;3.281831509e-03
5.676710205e+02;4.613202997e-03
5.678961182e+02;2.323243767e-03
5.681212158e+02;5.678300746e-03
5.683463745e+02;1.764067565e-03
5.685714722e+02;3.361713840e-03
5.687966309e+02;3.308458952e-03
5.690217285e+02;4.027399700e-03
5.692468872e+02;4.480066244e-03
5.694720459e+02;5.438653752e-03
5.696972046e+02;3.574733157e-03
5.699224243e+02;3.974144813e-03
5.701475830e+02;4.160536919e-03
5.703728027e+02;5.119124427e-03
5.705980225e+02;5.199006759e-03
5.708232422e+02;6.663515698e-03
5.710484619e+02;5.625045858e-03
5.712736816e+02;6.583633367e-03
5.714989624e+02;3.867635038e-03
5.717242432e+02;6.077712402e-03
5.719495239e+02;4.480066244e-03
5.721748047e+02;4.346929025e-03
5.724000854e+02;5.012614653e-03
5.726253662e+02;2.829164965e-03
5.728507080e+02;2.988929627e-03
5.730760498e+02;3.947517369e-03
5.733013306e+02;2.829164965e-03
5.735266724e+02;4.107282031e-03
5.737520752e+02;4.240419250e-03
5.739774170e+02;4.826222546e-03
5.742028198e+02;4.133909475e-03
5.744281616e+02;5.891320296e-03
5.746535645e+02;7.515593898e-03
5.748789673e+02;5.358771421e-03
5.751043701e+02;6.743398029e-03
5.753298340e+02;6.184221711e-03
5.755552368e+02;6.397241261e-03
5.757807007e+02;4.799595103e-03
5.760061646e+02;7.196064573e-03
5.762316284e+02;5.997830071e-03
5.764570923e+02;3.867635038e-03
5.766826172e+02;3.122066846e-03
5.769080811e+02;5.625045858e-03
5.771336060e+02;5.678300746e-03
5.773591309e+02;5.944575183e-03
5.775846558e+02;6.503751036e-03
5.778101807e+02;8.287789300e-03
5.780357666e+02;7.329201791e-03
5.782612915e+02;7.941632532e-03
5.784868774e+02;6.983045023e-03
5.787124634e+02;1.055112109e-02
5.789380493e+02;7.036299910e-03
5.791636353e+02;1.233515982e-02
5.793892212e+02;1.164284628e-02
5.796148682e+02;1.233515982e-02
5.798405151e+02;1.273457147e-02
5.800661621e+02;1.403931528e-02
5.802918091e+02;1.321386453e-02
5.805174561e+02;1.553045213e-02
5.807431030e+02;1.510441303e-02
5.809688110e+02;1.923166588e-02
5.811944580e+02;1.869911700e-02
5.814201660e+02;1.941805705e-02
5.816458740e+02;2.085593902e-02
5.818716431e+02;2.349205501e-02
5.820973511e+02;2.450389788e-02
5.823231201e+02;3.006903082e-02
5.825488281e+02;3.361048177e-02
5.827745972e+02;3.363710642e-02
5.830003662e+02;3.752471507e-02
5.832261963e+02;4.367564991e-02
5.834519653e+02;3.973479196e-02
5.836777344e+02;4.447447509e-02
5.839035645e+02;4.876149073e-02
5.841293945e+02;5.073192343e-02
5.843552246e+02;5.552485958e-02
5.845810547e+02;6.228822842e-02
5.848069458e+02;5.962548405e-02
5.850327759e+02;6.878532469e-02
5.852586670e+02;6.953088939e-02
5.854845581e+02;8.039488643e-02
5.857104492e+02;8.116707951e-02
5.859363403e+02;8.601327240e-02
5.861622925e+02;9.176480025e-02
5.863881836e+02;9.464056045e-02
5.866141357e+02;1.024423987e-01
5.868400879e+02;1.094187871e-01
5.870660400e+02;1.129069850e-01
5.872919922e+02;1.228390187e-01
5.875180054e+02;1.269928962e-01
5.877439575e+02;1.373509765e-01
5.879699707e+02;1.376705021e-01
5.881959839e+02;1.464042962e-01
5.884219971e+02;1.522623301e-01
5.886480103e+02;1.578274667e-01
5.888740234e+02;1.680257767e-01
5.891000977e+02;1.758542359e-01
5.893261719e+02;1.832034141e-01
5.895522461e+02;1.884223968e-01
5.897783203e+02;1.907656044e-01
5.900043945e+02;2.014165819e-01
5.902304688e+02;2.084994763e-01
5.904566040e+02;2.113486081e-01
5.906827393e+02;2.260735780e-01
5.909088135e+02;2.332363725e-01
5.911350098e+02;2.364849150e-01
5.913611450e+02;2.496654987e-01
5.915872803e+02;2.550176084e-01
5.918134766e+02;2.647898793e-01
5.920396118e+02;2.723254263e-01
5.922658081e+02;2.782633603e-01
5.924920044e+02;2.900060713e-01
5.927182617e+02;2.945593596e-01
5.929444580e+02;2.951185107e-01
5.931707153e+02;3.084056079e-01
5.933969116e+02;3.110949993e-01
5.936231689e+02;3.256868124e-01
5.938494263e+02;3.277371228e-01
5.940757446e+02;3.362312913e-01
5.943020020e+02;3.426751196e-01
5.945282593e+02;3.507698774e-01
5.947545776e+02;3.578794003e-01
5.949808960e+02;3.640303314e-01
5.952072144e+02;3.710067272e-01
5.954335327e+02;3.851192594e-01
5.956599121e+02;3.832020760e-01
5.958862305e+02;3.893796504e-01
5.961126099e+02;4.045839012e-01
5.963389893e+02;4.149686098e-01
5.965653687e+02;4.203473628e-01
5.967917480e+02;4.238888025e-01
5.970181885e+02;4.337409437e-01
5.972445679e+02;4.421552122e-01
5.974710083e+02;4.474008381e-01
5.976974487e+02;4.460161924e-01
5.979238892e+02;4.597826004e-01
5.981503296e+02;4.622589350e-01
5.983768311e+02;4.718714356e-01
5.986032715e+02;4.811910391e-01
5.988297729e+02;4.835875034e-01
5.990562744e+02;4.915491045e-01
5.992827759e+02;5.016675591e-01
5.995092773e+02;5.035314560e-01
5.997357788e+02;5.130374432e-01
5.999623413e+02;5.138629079e-01
6.001889038e+02;5.211588144e-01
6.004154663e+02;5.241943598e-01
6.006420288e+02;5.343926549e-01
6.008685913e+02;5.419282317e-01
6.010951538e+02;5.462152362e-01
6.013217773e+02;5.488247275e-01
6.015484009e+02;5.569727421e-01
6.017749634e+02;5.624313354e-01
6.020015869e+02;5.653603673e-01
6.022282715e+02;5.791800022e-01
6.024548950e+02;5.776356459e-01
6.026815796e+02;5.802983642e-01
6.029082031e+02;5.810971856e-01
6.031348877e+02;5.879138112e-01
6.033615723e+02;5.929197669e-01
6.035883179e+02;6.081506610e-01
6.038150024e+02;6.169111133e-01
6.040416870e+02;6.189880371e-01
6.042684326e+02;6.174169779e-01
6.044951782e+02;6.256981492e-01
6.047219238e+02;6.276419163e-01
6.049486694e+02;6.316893101e-01
6.051754761e+02;6.396242976e-01
6.054022217e+02;6.424733996e-01
6.056290283e+02;6.546688080e-01
6.058558350e+02;6.479586959e-01
6.060826416e+02;6.556273699e-01
6.063094482e+02;6.660919785e-01
6.065363159e+02;6.642280221e-01
6.067631226e+02;6.697931886e-01
6.069899902e+02;6.747458577e-01
6.072168579e+02;6.740535498e-01
6.074437256e+02;6.827607155e-01
6.076705933e+02;6.878199577e-01
6.078974609e+02;6.994827390e-01
6.081243896e+02;6.941306591e-01
6.083513184e+02;7.065390348e-01
6.085781860e+02;6.981247663e-01
6.088051147e+02;7.082964182e-01
6.090321045e+02;7.078171372e-01
6.092590332e+02;7.188675404e-01
6.094860229e+02;7.131159902e-01
6.097129517e+02;7.207847238e-01
6.099399414e+02;7.257108092e-01
6.101669312e+02;7.335126400e-01
6.103939209e+02;7.354830503e-01
6.106209717e+02;7.351901531e-01
6.108479614e+02;7.396901846e-01
6.110750122e+02;7.459742427e-01
6.113020630e+02;7.501547933e-01
6.115291138e+02;7.449890375e-01
6.117561646e+02;7.512465119e-01
6.119832764e+02;7.595009804e-01
6.122103271e+02;7.636282444e-01
6.124374390e+02;7.556666732e-01
6.126645508e+02;7.706578970e-01
6.128916626e+02;7.669833302e-01
6.131187744e+02;7.638412714e-01
6.133458862e+02;7.748118043e-01
6.135730591e+02;7.757970095e-01
6.138002319e+02;7.757437229e-01
6.140273438e+02;7.819745541e-01
6.142545166e+02;7.840248942e-01
6.144817505e+02;7.887911797e-01
6.147089233e+02;8.032232523e-01
6.149361572e+02;7.982439399e-01
6.151633301e+02;7.938770056e-01
6.153905640e+02;8.002143502e-01
6.156177979e+02;8.063918948e-01
6.158450317e+02;8.053534627e-01
6.160723267e+02;8.074570298e-01
6.162995605e+02;8.190665841e-01
6.165268555e+02;8.087084889e-01
6.167541504e+02;8.113712668e-01
6.169814453e+02;8.168831468e-01
6.172087402e+02;8.180547357e-01
6.174360352e+02;8.193594813e-01
6.176633911e+02;8.409543037e-01
6.178907471e+02;8.320341110e-01
6.181180420e+02;8.359483480e-01
6.183453979e+02;8.303565979e-01
6.185728149e+02;8.271346688e-01
6.188001709e+02;8.314749599e-01
6.190275879e+02;8.376791477e-01
6.192549438e+02;8.359749913e-01
6.194823608e+02;8.468922377e-01
6.197097778e+02;8.439099789e-01
6.199371948e+02;8.500342965e-01
6.201646729e+02;8.457206488e-01
6.203920898e+02;8.394099474e-01
6.206195679e+02;8.472650051e-01
6.208470459e+02;8.499277830e-01
6.210745239e+02;8.504070640e-01
6.213020020e+02;8.571970463e-01
6.215294800e+02;8.557059169e-01
6.217570190e+02;8.590077162e-01
6.219844971e+02;8.549869657e-01
6.222120361e+02;8.499011397e-01
6.224395752e+02;8.589544892e-01
6.226671143e+02;8.605254889e-01
6.228947144e+02;8.566645384e-01
6.231222534e+02;8.624160290e-01
6.233498535e+02;8.653450608e-01
6.235774536e+02;8.725877404e-01
6.238050537e+02;8.629219532e-01
6.240326538e+02;8.744516373e-01
6.242602539e+02;8.736528158e-01
6.244879150e+02;8.733066320e-01
6.247155762e+02;8.726143241e-01
6.249431763e+02;8.677948117e-01
6.251708374e+02;8.722415566e-01
6.253985596e+02;8.777534366e-01
6.256262207e+02;8.801232576e-01
6.258538818e+02;8.834783435e-01
6.260816040e+02;8.871529102e-01
6.263093262e+02;8.796439767e-01
6.265370483e+02;8.842505217e-01
6.267647705e+02;8.868067861e-01
6.269924927e+02;8.900819421e-01
6.272202759e+02;8.829191923e-01
6.274480591e+02;8.885375261e-01
6.276757812e+02;8.824132681e-01
6.279035645e+02;8.960198760e-01
6.281314087e+02;8.955139518e-01
6.283591919e+02;8.958600760e-01
6.285869751e+02;8.972447515e-01
6.288148193e+02;8.876854777e-01
6.290426636e+02;8.977772593e-01
6.292705078e+02;8.959932327e-01
6.294983521e+02;9.014784694e-01
6.297261963e+02;8.958068490e-01
6.299541016e+02;8.947151303e-01
6.301819458e+02;9.019045234e-01
6.304098511e+02;9.002270103e-01
6.306377563e+02;8.932240009e-01
6.308656616e+02;9.012122154e-01
6.310936279e+02;9.059785008e-01
6.313215332e+02;9.045672417e-01
6.315494995e+02;8.994281888e-01
6.317774658e+02;9.045938849e-01
6.320054321e+02;9.027566314e-01
6.322333984e+02;8.962329030e-01
6.324613647e+02;9.013985991e-01
6.326893921e+02;9.063513279e-01
6.329173584e+02;9.114903808e-01
6.331453857e+02;9.093602300e-01
6.333734131e+02;9.070436358e-01
6.336014404e+02;9.206236005e-01
6.338294678e+02;9.112774134e-01
6.340575562e+02;9.151117206e-01
6.342855835e+02;9.102655649e-01
6.345136719e+02;9.041678309e-01
6.347417603e+02;9.107182026e-01
6.349698486e+02;9.116768241e-01
6.351979980e+02;9.108780026e-01
6.354260864e+02;9.119164348e-01
6.356542358e+02;9.207567573e-01
6.358823853e+02;9.128750563e-01
6.361105347e+02;9.138336182e-01
6.363386841e+02;9.206768870e-01
6.365668335e+02;9.207567573e-01
6.367949829e+02;9.198247790e-01
6.370231934e+02;9.289313555e-01
6.372514038e+02;9.245378375e-01
6.374796143e+02;9.240585566e-01
6.377078247e+02;9.253100157e-01
6.379360352e+02;9.245644808e-01
6.381643066e+02;9.221413732e-01
6.383925171e+02;9.241650701e-01
6.386207886e+02;9.267745614e-01
6.388490601e+02;9.322065711e-01
6.390773315e+02;9.296769500e-01
6.393056030e+02;9.210762978e-01
6.395339355e+02;9.226739407e-01
6.397622070e+02;9.223544002e-01
6.399905396e+02;9.403960705e-01
6.402188721e+02;9.217398763e-01
6.404472046e+02;9.269102812e-01
6.406755371e+02;9.389889240e-01
6.409039307e+02;9.332798719e-01
6.411323242e+02;9.340332150e-01
6.413606567e+02;9.454122186e-01
6.415890503e+02;9.497603774e-01
6.418174438e+02;9.417093992e-01
6.420458984e+02;9.415955544e-01
6.422742920e+02;9.356288314e-01
6.425027466e+02;9.430454373e-01
6.427311401e+02;9.359353185e-01
6.429595947e+02;9.446343184e-01
6.431880493e+02;9.354251623e-01
6.434165649e+02;9.267420769e-01
6.436450195e+02;9.348216653e-01
6.438735352e+02;9.556728601e-01
6.441019897e+02;9.461603165e-01
6.443305054e+02;9.367733598e-01
6.445590210e+02;9.248567820e-01
6.447875977e+02;9.288217425e-01
6.450161133e+02;9.331089854e-01
6.452446899e+02;9.257555604e-01
6.454732056e+02;9.401657581e-01
6.457017822e+02;9.145370722e-01
6.459303589e+02;9.336485267e-01
6.461589966e+02;9.245697260e-01
6.463875732e+02;9.330419302e-01
6.466162109e+02;9.403797984e-01
6.468447876e+02;9.254556298e-01
6.470734253e+02;9.262453318e-01
6.473020630e+02;9.470744729e-01
6.475307617e+02;9.508724213e-01
6.477593994e+02;9.465373158e-01
6.479880981e+02;9.433198571e-01
6.482167358e+02;9.483262897e-01
6.484454346e+02;9.517992735e-01
6.486741333e+02;9.248052835e-01
6.489028320e+02;9.360506535e-01
6.491315918e+02;9.453824759e-01
6.493602905e+02;9.313414097e-01
6.495890503e+02;9.337775707e-01
6.498178101e+02;9.327390790e-01
6.500465698e+02;9.305289984e-01
6.502753296e+02;9.238988161e-01
6.505041504e+02;9.221413732e-01
6.507329102e+02;9.279994369e-01
6.509617310e+02;9.175881147e-01
6.511905518e+02;9.308751822e-01
6.514193726e+02;9.218484759e-01
6.516481934e+02;9.126087427e-01
6.518770142e+02;9.219816327e-01
6.521058960e+02;9.169223905e-01
6.523347778e+02;9.192922711e-01
6.525636597e+02;9.115968943e-01
6.527925415e+02;9.215822220e-01
6.530214233e+02;9.186531901e-01
6.532503052e+02;9.240319133e-01
6.534792480e+02;9.236591458e-01
6.537081299e+02;9.070968628e-01
6.539370728e+02;9.103187919e-01
6.541660156e+02;9.154845476e-01
6.543949585e+02;9.176945686e-01
6.546239624e+02;9.072300196e-01
6.548529053e+02;9.157508016e-01
6.550819092e+02;9.239786863e-01
6.553109131e+02;9.138868451e-01
6.555399170e+02;9.118632078e-01
6.557689209e+02;9.165762663e-01
6.559979248e+02;9.129282832e-01
6.562269897e+02;9.122359753e-01
6.564560547e+02;9.256295562e-01
6.566851196e+02;9.141798019e-01
6.569141846e+02;9.087743759e-01
6.571432495e+02;9.090939164e-01
6.573723145e+02;9.080288410e-01
6.576014404e+02;9.134608507e-01
6.578305054e+02;9.220082164e-01
6.580596313e+02;9.117034078e-01
6.582887573e+02;9.090939164e-01
6.585178833e+02;9.125288725e-01
6.587470703e+02;9.073631763e-01
6.589761963e+02;9.096531272e-01
6.592053833e+02;9.021707773e-01
6.594345703e+02;9.111974835e-01
6.596637573e+02;9.157508016e-01
6.598929443e+02;9.092270732e-01
6.601221313e+02;9.016648531e-01
6.603513794e+02;9.113838673e-01
6.605805664e+02;9.031560421e-01
6.608098145e+02;8.934370279e-01
6.610390625e+02;9.026501179e-01
6.612683105e+02;8.972447515e-01
6.614975586e+02;9.059785008e-01
6.617268677e+02;8.982831836e-01
6.619561768e+02;8.997743130e-01
6.621854248e+02;8.983364701e-01
6.624147339e+02;9.023305774e-01
6.626441040e+02;8.914399743e-01
6.628734131e+02;8.994548321e-01
6.631027222e+02;8.963926435e-01
6.633320923e+02;8.997210860e-01
6.635614624e+02;9.036353230e-01
6.637908325e+02;8.940760493e-01
6.640202026e+02;8.973512650e-01
6.642495728e+02;8.910139203e-01
6.644790039e+02;8.914665580e-01
6.647083740e+02;9.027832150e-01
6.649378052e+02;9.009725451e-01
6.651672363e+02;8.992683887e-01
6.653966675e+02;8.969252110e-01
6.656260986e+02;8.920523524e-01
6.658555908e+02;8.923985362e-01
6.660850220e+02;8.929311037e-01
6.663145142e+02;8.871795535e-01
6.665440063e+02;8.923186660e-01
6.667734985e+02;8.800433874e-01
6.670030518e+02;8.996944427e-01
6.672325439e+02;8.886706829e-01
6.674620972e+02;8.844901919e-01
6.676915894e+02;8.769013882e-01
6.679211426e+02;8.881914020e-01
6.681506958e+02;8.902416825e-01
6.683803101e+02;8.884310722e-01
6.686098633e+02;8.794575930e-01
6.688394775e+02;8.894695044e-01
6.690690308e+02;8.796972632e-01
6.692986450e+02;8.862475753e-01
6.695282593e+02;8.882446289e-01
6.697579346e+02;8.874458075e-01
6.699875488e+02;8.849428296e-01
6.702172241e+02;8.861943483e-01
6.704468384e+02;8.774605393e-01
6.706765137e+02;8.804694414e-01
6.709061890e+02;8.837445974e-01
6.711359253e+02;8.698184490e-01
6.713656006e+02;8.824931383e-01
6.715953369e+02;8.840109110e-01
6.718250122e+02;8.766617179e-01
6.720547485e+02;8.851026297e-01
6.722844849e+02;8.815878034e-01
6.725142822e+02;8.878452182e-01
6.727440186e+02;8.817741871e-01
6.729738159e+02;8.836380839e-01
6.732035522e+02;8.825996518e-01
6.734333496e+02;8.840374947e-01
6.736631470e+02;8.752504587e-01
6.738929443e+02;8.780996203e-01
6.741228027e+02;8.738125563e-01
6.743526001e+02;8.895227909e-01
6.745824585e+02;8.814546466e-01
6.748123169e+02;8.776735663e-01
6.750421753e+02;8.737061024e-01
6.752720337e+02;8.784990311e-01
6.755019531e+02;8.841440082e-01
6.757318115e+02;8.769546151e-01
6.759617310e+02;8.747445345e-01
6.761916504e+02;8.829724193e-01
6.764215698e+02;8.827061653e-01
6.766514893e+02;8.764753342e-01
6.768814087e+02;8.765552044e-01
6.771113892e+02;8.798303604e-01
6.773413696e+02;8.804960847e-01
6.775712891e+02;8.744782805e-01
6.778012695e+02;8.793510795e-01
6.780313110e+02;8.854753971e-01
6.782612915e+02;8.758096695e-01
6.784912720e+02;8.814546466e-01
6.787213135e+02;8.741853833e-01
6.789513550e+02;8.810818791e-01
6.791813965e+02;8.852623701e-01
6.794114380e+02;8.718421459e-01
6.796415405e+02;8.725877404e-01
6.798715820e+02;8.825463653e-01
6.801016846e+02;8.740255833e-01
6.803317871e+02;8.765818477e-01
6.805618896e+02;8.786587715e-01
6.807919922e+02;8.750640750e-01
6.810220947e+02;8.702178597e-01
6.812522583e+02;8.831854463e-01
6.814823608e+02;8.804694414e-01
6.817125244e+02;8.758895397e-01
6.819426880e+02;8.778067231e-01
6.821728516e+02;8.733865619e-01
6.824030151e+02;8.728273511e-01
6.826332397e+02;8.751972318e-01
6.828634644e+02;8.727208376e-01
6.830936279e+02;8.846499324e-01
6.833238525e+02;8.746646643e-01
6.835540771e+02;8.735463023e-01
6.837843628e+02;8.744516373e-01
6.840145874e+02;8.745315075e-01
6.842448730e+02;8.712829947e-01
6.844751587e+02;8.767948747e-01
6.847054443e+02;8.638539314e-01
6.849357300e+02;8.719753027e-01
6.851660156e+02;8.639604449e-01
6.853963623e+02;8.655847311e-01
6.856266479e+02;8.706705570e-01
6.858569946e+02;8.705374002e-01
6.860873413e+02;8.708302975e-01
6.863176880e+02;8.708569407e-01
6.865480347e+02;8.650255203e-01
6.867784424e+02;8.648923635e-01
6.870087891e+02;8.683539629e-01
6.872391968e+02;8.628154397e-01
6.874696045e+02;8.661705256e-01
6.877000122e+02;8.723747134e-01
6.879304199e+02;8.650788069e-01
6.881608887e+02;8.607118726e-01
6.883912964e+02;8.604189754e-01
6.886217651e+02;8.637740612e-01
6.888522339e+02;8.620432615e-01
6.890827026e+02;8.611112833e-01
6.893131714e+02;8.673154712e-01
6.895437012e+02;8.629219532e-01
6.897741699e+02;8.593539000e-01
6.900046997e+02;8.677681684e-01
6.902352295e+02;8.544011712e-01
6.904657593e+02;8.570905328e-01
6.906962891e+02;8.526171446e-01
6.909268799e+02;8.569574356e-01
6.911574097e+02;8.561053276e-01
6.913880005e+02;8.533360958e-01
6.916185913e+02;8.548005819e-01
6.918491821e+02;8.508064747e-01
6.920797729e+02;8.510461450e-01
6.923104248e+02;8.599396944e-01
6.925410156e+02;8.479040861e-01
6.927716675e+02;8.570106626e-01
6.930023193e+02;8.527503014e-01
6.932329712e+02;8.523508906e-01
6.934636230e+02;8.475313187e-01
6.936942749e+02;8.430845141e-01
6.939249878e+02;8.426052332e-01
6.941557007e+02;8.368270993e-01
6.943864136e+02;8.527236581e-01
6.946171265e+02;8.479040861e-01
6.948478394e+02;8.387708664e-01
6.950785522e+02;8.389572501e-01
6.953093262e+02;8.488094211e-01
6.955400391e+02;8.356022239e-01
6.957708130e+02;8.468390107e-01
6.960015869e+02;8.378921747e-01
6.962323608e+02;8.460135460e-01
6.964631958e+02;8.356820941e-01
6.966939697e+02;8.427649736e-01
6.969248047e+02;8.281198740e-01
6.971556396e+02;8.282530308e-01
6.973864746e+02;8.357353210e-01
6.976173096e+02;8.375459909e-01
6.978481445e+02;8.353625536e-01
6.980790405e+02;8.402886391e-01
6.983099365e+02;8.307560086e-01
6.985407715e+02;8.414336443e-01
6.987716675e+02;8.311021924e-01
6.990025635e+02;8.351495266e-01
6.992335205e+02;8.415401578e-01
6.994644165e+02;8.419395685e-01
6.996953735e+02;8.354957104e-01
6.999263306e+02;8.397028446e-01
7.001572876e+02;8.313684464e-01
7.003882446e+02;8.408744335e-01
7.006192017e+02;8.277471066e-01
7.008502197e+02;8.363744020e-01
7.010811768e+02;8.303033710e-01
7.013121948e+02;8.311021924e-01
7.015432129e+02;8.297708035e-01
7.017742310e+02;8.293980360e-01
7.020052490e+02;8.353359103e-01
7.022363281e+02;8.329660892e-01
7.024674072e+02;8.371465802e-01
7.026984253e+02;8.366672993e-01
7.029295044e+02;8.325666785e-01
7.031605835e+02;8.299571872e-01
7.033917236e+02;8.286524415e-01
7.036228027e+02;8.285459280e-01
7.038539429e+02;8.299838305e-01
7.040850220e+02;8.316879869e-01
7.043161621e+02;8.313418031e-01
7.045473022e+02;8.380253315e-01
7.047785034e+02;8.301169872e-01
7.050096436e+02;8.356554508e-01
7.052408447e+02;8.382383585e-01
7.054719849e+02;8.383182287e-01
7.057031860e+02;8.360016346e-01
7.059343872e+02;8.365342021e-01
7.061656494e+02;8.348832726e-01
7.063968506e+02;8.307826519e-01
7.066281128e+02;8.271346688e-01
7.068593140e+02;8.387176394e-01
7.070905762e+02;8.238328695e-01
7.073218384e+02;8.342708349e-01
7.075531616e+02;8.250045180e-01
7.077844238e+02;8.363744020e-01
7.080157471e+02;8.303565979e-01
7.082470093e+02;8.373063803e-01
7.084783325e+02;8.396229744e-01
7.087096558e+02;8.272678256e-01
7.089409790e+02;8.302500844e-01
7.091723633e+02;8.300637007e-01
7.094036865e+02;8.362945318e-01
7.096350708e+02;8.342708349e-01
7.098664551e+02;8.227944374e-01
7.100978394e+02;8.279334903e-01
7.103292236e+02;8.243387938e-01
7.105606689e+02;8.272411823e-01
7.107920532e+02;8.220754862e-01
7.110234985e+02;8.247382045e-01
7.112549438e+02;8.178683519e-01
7.114863892e+02;8.225015402e-01
7.117178345e+02;8.254305124e-01
7.119492798e+02;8.332323432e-01
7.121807861e+02;8.131286502e-01
7.124122314e+02;8.268950582e-01
7.126437378e+02;8.113712668e-01
7.128752441e+02;8.224482536e-01
7.131067505e+02;8.177351952e-01
7.133383179e+02;8.226879239e-01
7.135698242e+02;8.173890710e-01
7.138013916e+02;8.146996498e-01
7.140329590e+02;8.143801689e-01
7.142645264e+02;8.132085204e-01
7.144960938e+02;8.098801374e-01
7.147276611e+02;8.101996183e-01
7.149592896e+02;8.013593554e-01
7.151908569e+02;8.037824035e-01
7.154224854e+02;7.964066267e-01
7.156541138e+02;8.050871491e-01
7.158857422e+02;7.934775949e-01
7.161173706e+02;7.983238101e-01
7.163490601e+02;7.968859076e-01
7.165806885e+02;7.929716706e-01
7.168123779e+02;7.888710499e-01
7.170440674e+02;8.005871177e-01
7.172757568e+02;7.932645679e-01
7.175075073e+02;7.898562551e-01
7.177391968e+02;7.844508886e-01
7.179709473e+02;7.858089209e-01
7.182026367e+02;7.828798890e-01
7.184343872e+02;7.793917060e-01
7.186661377e+02;7.786195278e-01
7.188979492e+02;7.846639156e-01
7.191296997e+02;7.728679776e-01
7.193615112e+02;7.784597278e-01
7.195933228e+02;7.712969780e-01
7.198250732e+02;7.761964202e-01
7.200569458e+02;7.588086724e-01
7.202887573e+02;7.709241509e-01
7.205205688e+02;7.692999244e-01
7.207524414e+02;7.602465749e-01
7.209842529e+02;7.669034004e-01
7.212161255e+02;7.648531199e-01
7.214479980e+02;7.608856559e-01
7.216799316e+02;7.615513206e-01
7.219118042e+02;7.539092302e-01
7.221437378e+02;7.564920783e-01
7.223756104e+02;7.618442178e-01
7.226075439e+02;7.494890690e-01
7.228394775e+02;7.481577396e-01
7.230714111e+02;7.529506683e-01
7.233034058e+02;7.527908683e-01
7.235353394e+02;7.549743652e-01
7.237673340e+02;7.420067787e-01
7.239993286e+02;7.438973188e-01
7.242313232e+02;7.357493043e-01
7.244633179e+02;7.469328642e-01
7.246953735e+02;7.368144393e-01
7.249273682e+02;7.319149971e-01
7.251594238e+02;7.384387255e-01
7.253914795e+02;7.327936888e-01
7.256235352e+02;7.353498936e-01
7.258555908e+02;7.389180064e-01
7.260876465e+02;7.303705812e-01
7.263197632e+02;7.326339483e-01
7.265518188e+02;7.290126085e-01
7.267839355e+02;7.208912373e-01
7.270160522e+02;7.219030857e-01
7.272481689e+02;7.237669826e-01
7.274803467e+02;7.227551341e-01
7.277124634e+02;7.178823352e-01
7.279446411e+02;7.156189680e-01
7.281768188e+02;7.190539241e-01
7.284089355e+02;7.130894065e-01
7.286411743e+02;7.119976282e-01
7.288733521e+02;7.063526511e-01
7.291055298e+02;7.065390348e-01
7.293377686e+02;7.083763480e-01
7.295700073e+02;7.091751695e-01
7.298022461e+02;7.083763480e-01
7.300344849e+02;7.084828615e-01
7.302667236e+02;7.007076144e-01
7.304990234e+02;7.066987753e-01
7.307312622e+02;7.064591646e-01
7.309635620e+02;7.023319006e-01
7.311958618e+02;7.006011009e-01
7.314281616e+02;7.002815604e-01
7.316604614e+02;6.981247663e-01
7.318928223e+02;6.930122972e-01
7.321251221e+02;6.882460117e-01
7.323574829e+02;6.968200207e-01
7.325898438e+02;6.849707961e-01
7.328222046e+02;6.867282391e-01
7.330545654e+02;6.809234619e-01
7.332869873e+02;6.838258505e-01
7.335193481e+02;6.831335425e-01
7.337517700e+02;6.798849702e-01
7.339841919e+02;6.787399650e-01
7.342166138e+02;6.827607155e-01
7.344490356e+02;6.777814031e-01
7.346815186e+02;6.830536127e-01
7.349139404e+02;6.762369871e-01
7.351464233e+02;6.634292006e-01
7.353789062e+02;6.737606525e-01
7.356113892e+02;6.739204526e-01
7.358438721e+02;6.569321156e-01
7.360763550e+02;6.693937778e-01
7.363088989e+02;6.615653038e-01
7.365414429e+02;6.600475311e-01
7.367739258e+02;6.597013474e-01
7.370065308e+02;6.597013474e-01
7.372390747e+02;6.562131643e-01
7.374716187e+02;6.587960124e-01
7.377042236e+02;6.518995166e-01
7.379367676e+02;6.531776786e-01
7.381693726e+02;6.504083872e-01
7.384019775e+02;6.429793239e-01
7.386345825e+02;6.475326419e-01
7.388672485e+02;6.457219720e-01
7.390998535e+02;6.432988644e-01
7.393325195e+02;6.443639994e-01
7.395651855e+02;6.336064935e-01
7.397978516e+02;6.407160163e-01
7.400305176e+02;6.308106184e-01
7.402631836e+02;6.352307796e-01
7.404959106e+02;6.304644346e-01
7.407285767e+02;6.423403025e-01
7.409613037e+02;6.357632875e-01
7.411940308e+02;6.326478720e-01
7.414267578e+02;6.186152697e-01
7.416594849e+02;6.255117655e-01
7.418922729e+02;6.202394962e-01
7.421250000e+02;6.275620461e-01
7.423577881e+02;6.277484298e-01
7.425905762e+02;6.180028319e-01
7.428233643e+02;6.070855856e-01
7.430562134e+02;6.234880686e-01
7.432890015e+02;6.125974655e-01
7.435218506e+02;6.121714115e-01
7.437546387e+02;6.110530496e-01
7.439874878e+02;6.086832285e-01
7.442203369e+02;6.031180620e-01
7.444532471e+02;6.032245755e-01
7.446860962e+02;6.026387811e-01
7.449190063e+02;6.022660136e-01
7.451518555e+02;5.980588794e-01
7.453847656e+02;6.054346561e-01
7.456176758e+02;5.981919765e-01
7.458506470e+02;6.011742949e-01
7.460835571e+02;5.967541337e-01
7.463164673e+02;6.027985215e-01
7.465494385e+02;5.947836637e-01
7.467824097e+02;5.971535444e-01
7.470153809e+02;5.954227448e-01
7.472483521e+02;5.928398967e-01
7.474813843e+02;5.806444883e-01
7.477143555e+02;5.894315839e-01
7.479473877e+02;5.794462562e-01
7.481804199e+02;5.927600265e-01
7.484134521e+02;5.832273960e-01
7.486464844e+02;5.748131275e-01
7.488795166e+02;5.716710687e-01
7.491126099e+02;5.793930292e-01
7.493457031e+02;5.714846849e-01
7.495787354e+02;5.730823278e-01
7.498118286e+02;5.711651444e-01
7.500449829e+02;5.727095604e-01
7.502780762e+02;5.697272420e-01
7.505111694e+02;5.637094975e-01
7.507443237e+02;5.646414161e-01
7.509774780e+02;5.690083504e-01
7.512106323e+02;5.686355233e-01
7.514437866e+02;5.612863898e-01
7.516769409e+02;5.667716265e-01
7.519101562e+02;5.648012161e-01
7.521433105e+02;5.647479296e-01
7.523765259e+02;5.546295047e-01
7.526097412e+02;5.480791926e-01
7.528429565e+02;5.585170984e-01
7.530762329e+02;5.462951064e-01
7.533094482e+02;5.510348082e-01
7.535427246e+02;5.531650186e-01
7.537759399e+02;5.540703535e-01
7.540092163e+02;5.502359867e-01
7.542425537e+02;5.471738577e-01
7.544758301e+02;5.459223390e-01
7.547091064e+02;5.485850573e-01
7.549424438e+02;5.454697013e-01
7.551757812e+02;5.369755030e-01
7.554090576e+02;5.448838472e-01
7.556424561e+02;5.385199189e-01
7.558757935e+02;5.478128791e-01
7.561091309e+02;5.403305888e-01
7.563425293e+02;5.417950749e-01
7.565759277e+02;5.402773023e-01
7.568092651e+02;5.364163518e-01
7.570426636e+02;5.343660116e-01
7.572761230e+02;5.276026726e-01
7.575095215e+02;5.337802172e-01
7.577429810e+02;5.293600559e-01
7.579763794e+02;5.239813328e-01
7.582098389e+02;5.264044404e-01
7.584432983e+02;5.240345597e-01
7.586767578e+02;5.266174674e-01
7.589102783e+02;5.256322622e-01
7.591437378e+02;5.286411643e-01
7.593772583e+02;5.232357383e-01
7.596107788e+02;5.265109539e-01
7.598442993e+02;5.116528273e-01
7.600778198e+02;5.291470289e-01
7.603113403e+02;5.181232691e-01
7.605449219e+02;5.205197930e-01
7.607785034e+02;5.150079131e-01
7.610120239e+02;5.202268362e-01
7.612456055e+02;5.124250054e-01
7.614792480e+02;5.135433674e-01
7.617128296e+02;5.110936761e-01
7.619464111e+02;5.159931183e-01
7.621800537e+02;5.030521750e-01
7.624136963e+02;5.102948546e-01
7.626473389e+02;5.062208176e-01
7.628809814e+02;5.085107684e-01
7.631146240e+02;5.052622557e-01
7.633483276e+02;5.066735148e-01
7.635819702e+02;4.995107353e-01
7.638156738e+02;5.035048127e-01
7.640493774e+02;5.032918453e-01
7.642830811e+02;5.076320767e-01
7.645167847e+02;4.996704757e-01
7.647505493e+02;5.010284781e-01
7.649842529e+02;4.983391166e-01
7.652180176e+02;5.023598671e-01
7.654517822e+02;4.946645200e-01
7.656855469e+02;4.977266788e-01
7.659193726e+02;4.883804619e-01
7.661531372e+02;4.925875962e-01
7.663869019e+02;4.913094640e-01
7.666207275e+02;4.876082540e-01
7.668545532e+02;4.904840291e-01
7.670883789e+02;4.853183031e-01
7.673222046e+02;4.856378138e-01
7.675560913e+02;4.895254374e-01
7.677899170e+02;4.837206602e-01
7.680238037e+02;4.908301830e-01
7.682576904e+02;4.815371931e-01
7.684915771e+02;4.830283523e-01
7.687254639e+02;4.803389609e-01
7.689594116e+02;4.799928069e-01
7.691932983e+02;4.742412865e-01
7.694272461e+02;4.819632471e-01
7.696611938e+02;4.799928069e-01
7.698951416e+02;4.843064547e-01
7.701290894e+02;4.762649834e-01
7.703630371e+02;4.758389294e-01
7.705970459e+02;4.664128125e-01
7.708309937e+02;4.735489786e-01
7.710650024e+02;4.701406658e-01
7.712990112e+02;4.693152010e-01
7.715330200e+02;4.688625336e-01
7.717670898e+02;4.706199467e-01
7.720010986e+02;4.672116339e-01
7.722351685e+02;4.674246609e-01
7.724692383e+02;4.635104239e-01
7.727033081e+02;4.638832211e-01
7.729373779e+02;4.628713727e-01
7.731714478e+02;4.648684263e-01
7.734055176e+02;4.570133388e-01
7.736396484e+02;4.634039104e-01
7.738737793e+02;4.514215589e-01
7.741079102e+02;4.561878741e-01
7.743420410e+02;4.513416886e-01
7.745761719e+02;4.546168745e-01
7.748103638e+02;4.413563907e-01
7.750444946e+02;4.516079724e-01
7.752786865e+02;4.503032267e-01
7.755128784e+02;4.499304295e-01
7.757470703e+02;4.456167817e-01
7.759812622e+02;4.466020167e-01
7.762155151e+02;4.447114468e-01
7.764497070e+02;4.450043738e-01
7.766839600e+02;4.406640828e-01
7.769182129e+02;4.377883375e-01
7.771524658e+02;4.417824447e-01
7.773867188e+02;4.350190759e-01
7.776209717e+02;4.315841198e-01
7.778552856e+02;4.334480464e-01
7.780895996e+02;4.332350194e-01
7.783239136e+02;4.382942319e-01
7.785582275e+02;4.344865084e-01
7.787925415e+02;4.309983253e-01
7.790268555e+02;4.268178344e-01
7.792612305e+02;4.309450686e-01
7.794955444e+02;4.316906333e-01
7.797299194e+02;4.253266752e-01
7.799642944e+02;4.231964946e-01
7.801986694e+02;4.250337780e-01
7.804331055e+02;4.224242866e-01
7.806674805e+02;4.292941689e-01
7.809019165e+02;4.248740077e-01
7.811363525e+02;4.264982939e-01
7.813707886e+02;4.195485413e-01
7.816052246e+02;4.215988517e-01
7.818396606e+02;4.163798690e-01
7.820741577e+02;4.186964631e-01
7.823085938e+02;4.195218980e-01
7.825430908e+02;4.193621278e-01
7.827775879e+02;4.145958424e-01
7.830120850e+02;4.133709669e-01
7.832465820e+02;4.145159423e-01
7.834811401e+02;4.131046832e-01
7.837156372e+02;4.131845832e-01
7.839501953e+02;4.112940133e-01
7.841847534e+02;4.038383365e-01
7.844193115e+02;4.028264880e-01
7.846539307e+02;4.065010846e-01
7.848884888e+02;4.131046832e-01
7.851231079e+02;4.013353586e-01
7.853576660e+02;4.044774175e-01
7.855922852e+02;4.082318842e-01
7.858269043e+02;4.053561091e-01
7.860615845e+02;4.031194150e-01
7.862962036e+02;3.968353271e-01
7.865308228e+02;3.982998431e-01
7.867655029e+02;3.973412514e-01
7.870001831e+02;4.022140801e-01
7.872348633e+02;4.029862583e-01
7.874695435e+02;3.976874053e-01
7.877042847e+02;3.962495327e-01
7.879389648e+02;4.001637697e-01
7.881737061e+02;3.997377157e-01
7.884084473e+02;3.963560462e-01
7.886431885e+02;3.989655375e-01
7.888779297e+02;3.948915303e-01
7.891126709e+02;3.956104815e-01
7.893474731e+02;3.870097995e-01
7.895822144e+02;3.898323178e-01
7.898170166e+02;3.892997503e-01
7.900518188e+02;3.917228580e-01
7.902866211e+02;3.910039067e-01
7.905214844e+02;3.930009902e-01
7.907562866e+02;3.890334964e-01
7.909911499e+02;3.866636455e-01
7.912260132e+02;3.864772618e-01
7.914608765e+02;3.854387999e-01
7.916957397e+02;3.850393891e-01
7.919306030e+02;3.912701905e-01
7.921655273e+02;3.908707798e-01
7.924003906e+02;3.860512078e-01
7.926353149e+02;3.857849538e-01
7.928702393e+02;3.818973303e-01
7.931051636e+02;3.775570691e-01
7.933400879e+02;3.856784403e-01
7.935750732e+02;3.773440421e-01
7.938099976e+02;3.746280372e-01
7.940449829e+02;3.763854504e-01
7.942799683e+02;3.759860396e-01
7.945149536e+02;3.757996559e-01
7.947499390e+02;3.774505556e-01
7.949849854e+02;3.788351715e-01
7.952199707e+02;3.741487563e-01
7.954550171e+02;3.797937632e-01
7.956900635e+02;3.776103258e-01
7.959251099e+02;3.741221130e-01
7.961601562e+02;3.729771376e-01
7.963952026e+02;3.697285950e-01
7.966303101e+02;3.716191351e-01
7.968654175e+02;3.694623113e-01
7.971004639e+02;3.743085265e-01
7.973355713e+02;3.711398542e-01
7.975707397e+02;3.741753697e-01
7.978058472e+02;3.633380234e-01
7.980410156e+02;3.667729497e-01
7.982761230e+02;3.658942580e-01
7.985112915e+02;3.607817888e-01
7.987464600e+02;3.664001822e-01
7.989816284e+02;3.608350456e-01
7.992167969e+02;3.602758646e-01
7.994520264e+02;3.618468642e-01
7.996872559e+02;3.629918694e-01
7.999224243e+02;3.580657840e-01
8.001576538e+02;3.609149158e-01
8.003928833e+02;3.562551141e-01
8.006281738e+02;3.572137058e-01
8.008634033e+02;3.599030674e-01
8.010986938e+02;3.589977324e-01
8.013339844e+02;3.581190407e-01
8.015692749e+02;3.545243442e-01
8.018045654e+02;3.553764224e-01
8.020398560e+02;3.504237235e-01
8.022751465e+02;3.525006473e-01
8.025104980e+02;3.555361629e-01
8.027458496e+02;3.536722660e-01
8.029812012e+02;3.533527255e-01
8.032165527e+02;3.507432342e-01
8.034519043e+02;3.502373099e-01
8.036872559e+02;3.506633639e-01
8.039226685e+02;3.503704667e-01
8.041580811e+02;3.444591761e-01
8.043934326e+02;3.415035307e-01
8.046288452e+02;3.454443812e-01
8.048643188e+02;3.473881781e-01
8.050997314e+02;3.405715525e-01
8.053352051e+02;3.402520418e-01
8.055706177e+02;3.438733518e-01
8.058060913e+02;3.431011736e-01
8.060415649e+02;3.445656598e-01
8.062770386e+02;3.404650390e-01
8.065125732e+02;3.397727311e-01
8.067480469e+02;3.386810124e-01
8.069835815e+02;3.356987238e-01
8.072191162e+02;3.338880837e-01
8.074546509e+02;3.336217999e-01
8.076901855e+02;3.312253356e-01
8.079257202e+02;3.370567262e-01
8.081613159e+02;3.308259249e-01
8.083968506e+02;3.266720474e-01
8.086324463e+02;3.284028172e-01
8.088680420e+02;3.270980716e-01
8.091036377e+02;3.297075629e-01
8.093392334e+02;3.235832453e-01
8.095748901e+02;3.231305778e-01
8.098104858e+02;3.272844553e-01
8.100461426e+02;3.252607882e-01
8.102817993e+02;3.187636733e-01
8.105174561e+02;3.245152235e-01
8.107531128e+02;3.194826245e-01
8.109888306e+02;3.193494976e-01
8.112244873e+02;3.193761110e-01
8.114602051e+02;3.149027228e-01
8.116959229e+02;3.135180771e-01
8.119316406e+02;3.143701553e-01
8.121673584e+02;3.132784367e-01
8.124031372e+02;3.152488768e-01
8.126388550e+02;3.135979772e-01
8.128746338e+02;3.105624318e-01
8.131104126e+02;3.054766059e-01
8.133461914e+02;3.060091436e-01
8.135819702e+02;3.056629896e-01
8.138177490e+02;3.015623689e-01
8.140535889e+02;3.052103221e-01
8.142894287e+02;2.987132370e-01
8.145252075e+02;3.010564446e-01
8.147610474e+02;3.055298626e-01
8.149969482e+02;2.982073128e-01
8.152327881e+02;3.030268848e-01
8.154686279e+02;2.963966429e-01
8.157045288e+02;2.992457747e-01
8.159404297e+02;2.906451225e-01
8.161763306e+02;2.961836159e-01
8.164122314e+02;2.900859416e-01
8.166481323e+02;3.006570339e-01
8.168840942e+02;2.877427340e-01
8.171199951e+02;2.930682003e-01
8.173559570e+02;2.895001471e-01
8.175919189e+02;2.920031250e-01
8.178278809e+02;2.880356312e-01
8.180638428e+02;2.836154699e-01
8.182998657e+02;2.857190371e-01
8.185358276e+02;2.850799859e-01
8.187718506e+02;2.848669589e-01
8.190078735e+02;2.849734724e-01
8.192438965e+02;2.812988758e-01
8.194799194e+02;2.856391668e-01
8.197160034e+02;2.799941301e-01
8.199520264e+02;2.825237513e-01
8.201881104e+02;2.763728201e-01
8.204241943e+02;2.770917416e-01
8.206602783e+02;2.748017907e-01
8.208963623e+02;2.750148177e-01
8.211325073e+02;2.803935409e-01
8.213685913e+02;2.781834900e-01
8.216047363e+02;2.757071257e-01
8.218408813e+02;2.730443776e-01
8.220770264e+02;2.740029693e-01
8.223131714e+02;2.810326219e-01
8.225493164e+02;2.706479132e-01
8.227855225e+02;2.704348862e-01
8.230216675e+02;2.730976343e-01
8.232578735e+02;2.684644759e-01
8.234940796e+02;2.685976028e-01
8.237302856e+02;2.699556053e-01
8.239665527e+02;2.656685710e-01
8.242027588e+02;2.704082727e-01
8.244390259e+02;2.644703388e-01
8.246752930e+02;2.657484710e-01
8.249115601e+02;2.620472610e-01
8.251478271e+02;2.636182606e-01
8.253840942e+02;2.635916471e-01
8.256203613e+02;2.679585516e-01
8.258566895e+02;2.597839236e-01
8.260930176e+02;2.613815665e-01
8.263293457e+02;2.606093585e-01
8.265656738e+02;2.606892586e-01
8.268020020e+02;2.600235641e-01
8.270383301e+02;2.583194077e-01
8.272747192e+02;2.552306354e-01
8.275111084e+02;2.593312562e-01
8.277474976e+02;2.591182292e-01
8.279838867e+02;2.574407160e-01
8.282202759e+02;2.533933222e-01
8.284566650e+02;2.586655617e-01
8.286931152e+02;2.589851022e-01
8.289295044e+02;2.562158406e-01
8.291659546e+02;2.594377697e-01
8.294024048e+02;2.581862807e-01
8.296388550e+02;2.516359091e-01
8.298753662e+02;2.554436326e-01
8.301118164e+02;2.506773472e-01
8.303483276e+02;2.531270683e-01
8.305848389e+02;2.525945008e-01
8.308213501e+02;2.492927015e-01
8.310578613e+02;2.482009828e-01
8.312943726e+02;2.459909022e-01
8.315309448e+02;2.437808365e-01
8.317674561e+02;2.496388704e-01
8.320040283e+02;2.484406382e-01
8.322406006e+02;2.486270219e-01
8.324771729e+02;2.498518825e-01
8.327138062e+02;2.455648631e-01
8.329503784e+02;2.455382347e-01
8.331870117e+02;2.464435697e-01
8.334235840e+02;2.451654524e-01
8.336602173e+02;2.448725551e-01
8.338968506e+02;2.454317361e-01
8.341335449e+02;2.409316897e-01
8.343701782e+02;2.443666309e-01
8.346068726e+02;2.429553717e-01
8.348435059e+02;2.426891029e-01
8.350802002e+02;2.438074499e-01
8.353168945e+02;2.390944064e-01
8.355535889e+02;2.414908707e-01
8.357903442e+02;2.418103963e-01
8.360270386e+02;2.448725551e-01
8.362637939e+02;2.421033084e-01
8.365005493e+02;2.386151105e-01
8.367373047e+02;2.406654209e-01
8.369740601e+02;2.453252226e-01
8.372108765e+02;2.398133427e-01
8.374476318e+02;2.428222448e-01
8.376844482e+02;2.422896922e-01
8.379212646e+02;2.376032621e-01
8.381580200e+02;2.374435067e-01
8.383948975e+02;2.395736873e-01
8.386317139e+02;2.410914600e-01
8.388685303e+02;2.336091548e-01
8.391054077e+02;2.313191891e-01
8.393422852e+02;2.357393503e-01
8.395791626e+02;2.339819372e-01
8.398160400e+02;2.374701202e-01
8.400529175e+02;2.348073870e-01
8.402898560e+02;2.346742451e-01
8.405267334e+02;2.290558517e-01
8.407636719e+02;2.324907929e-01
8.410006104e+02;2.354730666e-01
8.412375488e+02;2.327038199e-01
8.414744873e+02;2.286298126e-01
8.417114868e+02;2.390411496e-01
8.419484253e+02;2.299079299e-01
8.421854248e+02;2.347008735e-01
8.424224243e+02;2.330499738e-01
8.426594238e+02;2.311594188e-01
8.428964233e+02;2.268457860e-01
8.431334839e+02;2.318517417e-01
8.433704834e+02;2.303605974e-01
8.436075439e+02;2.301475853e-01
8.438446045e+02;2.216001749e-01
8.440816650e+02;2.230646908e-01
8.443187256e+02;2.263931185e-01
8.445557861e+02;2.225587666e-01
8.447929077e+02;2.253546417e-01
8.450299683e+02;2.224522531e-01
8.452670898e+02;2.238102555e-01
8.455042114e+02;2.237037420e-01
8.457413330e+02;2.228782922e-01
8.459785156e+02;2.219995856e-01
8.462156372e+02;2.234907299e-01
8.464528198e+02;2.264996171e-01
8.466899414e+02;2.235972285e-01
8.469271240e+02;2.258339375e-01
8.471643677e+02;2.203486860e-01
8.474015503e+02;2.184048891e-01
8.476387329e+02;2.229315490e-01
8.478759766e+02;2.221327275e-01
8.481132202e+02;2.170202583e-01
8.483504639e+02;2.206682116e-01
8.485877075e+02;2.148368061e-01
8.488249512e+02;2.161149234e-01
8.490621948e+02;2.188309282e-01
8.492994995e+02;2.164344490e-01
8.495368042e+02;2.153693587e-01
8.497740479e+02;2.132125348e-01
8.500113525e+02;2.164344490e-01
8.502487183e+02;2.168338597e-01
8.504860229e+02;2.125734687e-01
8.507233887e+02;2.134788036e-01
8.509606934e+02;2.094314396e-01
8.511980591e+02;2.068219483e-01
8.514354248e+02;2.062893957e-01
8.516727905e+02;2.101503760e-01
8.519102173e+02;2.098042220e-01
8.521475830e+02;2.099906206e-01
8.523850098e+02;2.122539431e-01
8.526224365e+02;2.088190019e-01
8.528598633e+02;2.061828971e-01
8.530972900e+02;2.083663344e-01
8.533347168e+02;2.046118677e-01
8.535721436e+02;2.064225376e-01
8.538096313e+02;2.045319825e-01
8.540471191e+02;2.076207697e-01
8.542846069e+02;2.047450095e-01
8.545220947e+02;2.014165819e-01
8.547595825e+02;2.018958777e-01
8.549971313e+02;2.044787407e-01
8.552346191e+02;2.073545009e-01
8.554721680e+02;2.012568116e-01
8.557097168e+02;2.028544545e-01
8.559472656e+02;2.039728165e-01
8.561848145e+02;2.021355182e-01
8.564224243e+02;1.989402324e-01
8.566599731e+02;1.956384331e-01
8.568975830e+02;1.945733279e-01
8.571351929e+02;1.943336874e-01
8.573728027e+02;1.944401860e-01
8.576104126e+02;1.981680393e-01
8.578480225e+02;1.955052912e-01
8.580856934e+02;1.951325089e-01
8.583233032e+02;1.964106262e-01
8.585609741e+02;1.955319196e-01
8.587986450e+02;1.914579123e-01
8.590363159e+02;1.846146733e-01
8.592740479e+02;1.898070127e-01
8.595117188e+02;1.941472888e-01
8.597494507e+02;1.899401546e-01
8.599871826e+02;1.926827878e-01
8.602249146e+02;1.903928220e-01
8.604626465e+02;1.914046705e-01
8.607003784e+02;1.878632158e-01
8.609381714e+02;1.857862771e-01
8.611759033e+02;1.918839514e-01
8.614136963e+02;1.856265068e-01
8.616514893e+02;1.832832992e-01
8.618892822e+02;1.846413016e-01
8.621270752e+02;1.898602694e-01
8.623649292e+02;1.861058027e-01
8.626027222e+02;1.910318732e-01
8.628405762e+02;1.850939542e-01
8.630784302e+02;1.839756072e-01
8.633162842e+02;1.847478002e-01
8.635541382e+02;1.843750179e-01
8.637919922e+02;1.830170155e-01
8.640299072e+02;1.828572601e-01
8.642678223e+02;1.845880449e-01
8.645057373e+02;1.846413016e-01
8.647436523e+02;1.814460009e-01
8.649815674e+02;1.848010570e-01
8.652194824e+02;1.827241182e-01
8.654574585e+02;1.796619594e-01
8.656953735e+02;1.791560501e-01
8.659333496e+02;1.774252653e-01
8.661713257e+02;1.765731871e-01
8.664093018e+02;1.796619594e-01
8.666472778e+02;1.774785221e-01
8.668853149e+02;1.776116490e-01
8.671233521e+02;1.818187833e-01
8.673613281e+02;1.733246297e-01
8.675993652e+02;1.741234511e-01
8.678374023e+02;1.743364781e-01
8.680755005e+02;1.752418131e-01
8.683135376e+02;1.736974120e-01
8.685516357e+02;1.746027470e-01
8.687896729e+02;1.752950698e-01
8.690277710e+02;1.736707985e-01
8.692658691e+02;1.752418131e-01
8.695040283e+02;1.717536151e-01
8.697421265e+02;1.771323532e-01
8.699802856e+02;1.666944027e-01
8.702183838e+02;1.691441238e-01
8.704565430e+02;1.693571508e-01
8.706947021e+02;1.690376252e-01
8.709328613e+02;1.727654636e-01
8.711710815e+02;1.678926349e-01
8.714092407e+02;1.663748771e-01
8.716474609e+02;1.705287546e-01
8.718856812e+02;1.672802120e-01
8.721239014e+02;1.722062826e-01
8.723621216e+02;1.645375788e-01
8.726003418e+02;1.665612608e-01
8.728386230e+02;1.644044369e-01
8.730768433e+02;1.639517844e-01
8.733151245e+02;1.614754200e-01
8.735534058e+02;1.649902463e-01
8.737916870e+02;1.631263345e-01
8.740299683e+02;1.618748307e-01
8.742683105e+02;1.637920141e-01
8.745066528e+02;1.572949141e-01
8.747449341e+02;1.611558944e-01
8.749832764e+02;1.614754200e-01
8.752216187e+02;1.570819020e-01
8.754600220e+02;1.599310338e-01
8.756983643e+02;1.603570729e-01
8.759367065e+02;1.585197747e-01
8.761751099e+02;1.571617872e-01
8.764135132e+02;1.559635401e-01
8.766519165e+02;1.575878263e-01
8.768903198e+02;1.530877799e-01
8.771287842e+02;1.567623764e-01
8.773671875e+02;1.540463716e-01
8.776056519e+02;1.539664865e-01
8.778441162e+02;1.534605622e-01
8.780825806e+02;1.480019391e-01
8.783210449e+02;1.563097090e-01
8.785595093e+02;1.488007605e-01
8.787980347e+02;1.496794671e-01
8.790364990e+02;1.502919048e-01
8.792750244e+02;1.481350809e-01
8.795135498e+02;1.487741321e-01
8.797520752e+02;1.537801027e-01
8.799906616e+02;1.497060955e-01
8.802291870e+02;1.453392059e-01
8.804677734e+02;1.476557851e-01
8.807062988e+02;1.485344917e-01
8.809448853e+02;1.475492716e-01
8.811834717e+02;1.443273574e-01
8.814221191e+02;1.457386166e-01
8.816607056e+02;1.435817927e-01
8.818993530e+02;1.441675872e-01
8.821379395e+02;1.433953941e-01
8.823765869e+02;1.419575214e-01
8.826152344e+02;1.417178661e-01
8.828539429e+02;1.436883062e-01
8.830925903e+02;1.438480616e-01
8.833312988e+02;1.439545751e-01
8.835699463e+02;1.387089640e-01
8.838086548e+02;1.396409273e-01
8.840473633e+02;1.429427266e-01
8.842860718e+02;1.379367709e-01
8.845248413e+02;1.379633993e-01
8.847635498e+02;1.388687342e-01
8.850023193e+02;1.389219910e-01
8.852410889e+02;1.397208124e-01
8.854798584e+02;1.313065439e-01
8.857186279e+02;1.364722699e-01
8.859573975e+02;1.358065754e-01
8.861961670e+02;1.350876391e-01
8.864349976e+02;1.336763799e-01
8.866738281e+02;1.357533187e-01
8.869126587e+02;1.342888176e-01
8.871514893e+02;1.349278688e-01
8.873903198e+02;1.371113211e-01
8.876292114e+02;1.354604214e-01
8.878680420e+02;1.342621893e-01
8.881069336e+02;1.367119104e-01
8.883458252e+02;1.330107003e-01
8.885847168e+02;1.303745806e-01
8.888236084e+02;1.288568228e-01
8.890625000e+02;1.321319938e-01
8.893014526e+02;1.292029768e-01
8.895404053e+02;1.307739913e-01
8.897793579e+02;1.294692457e-01
8.900183105e+02;1.369249374e-01
8.902572632e+02;1.293361187e-01
8.904962158e+02;1.226259992e-01
8.907352295e+02;1.249425858e-01
8.909741821e+02;1.284307837e-01
8.912131958e+02;1.254218817e-01
8.914522095e+02;1.298952848e-01
8.916912231e+02;1.305343509e-01
8.919302368e+02;1.276319623e-01
8.921693115e+02;1.285372823e-01
8.924083862e+02;1.279781163e-01
8.926473999e+02;1.260343045e-01
8.928864746e+02;1.279514879e-01
8.931255493e+02;1.248360723e-01
8.933646851e+02;1.215609014e-01
8.936037598e+02;1.222265884e-01
8.938428955e+02;1.235579550e-01
8.940819702e+02;1.229721531e-01
8.943211060e+02;1.243567839e-01
8.945602417e+02;1.185519993e-01
8.947994385e+02;1.200165078e-01
8.950385742e+02;1.201230213e-01
8.952777100e+02;1.189247817e-01
8.955169067e+02;1.200963929e-01
8.957561035e+02;1.215609014e-01
8.959953003e+02;1.187383905e-01
8.962344971e+02;1.237177253e-01
8.964737549e+02;1.176732928e-01
8.967129517e+02;1.230786666e-01
8.969522095e+02;1.184454933e-01
8.971914673e+02;1.181525886e-01
8.974307251e+02;1.211614907e-01
8.976699829e+02;1.177531779e-01
8.979092407e+02;1.134129018e-01
8.981484985e+02;1.138655692e-01
8.983878174e+02;1.139987111e-01
8.986271362e+02;1.156762391e-01
8.988664551e+02;1.139720827e-01
8.991057739e+02;1.153567061e-01
8.993450928e+02;1.132531390e-01
8.995844727e+02;1.160490215e-01
8.998237915e+02;1.115756109e-01
9.000631714e+02;1.131732613e-01
9.003025513e+02;1.120549068e-01
9.005419312e+02;1.137324348e-01
9.007813110e+02;1.115489826e-01
9.010206909e+02;1.137324348e-01
9.012601318e+02;1.105637699e-01
9.014995728e+02;1.123744324e-01
9.017390137e+02;1.096850634e-01
9.019784546e+02;1.138389409e-01
9.022178955e+02;1.087264791e-01
9.024573364e+02;1.097116917e-01
9.026968384e+02;1.100578457e-01
9.029362793e+02;1.076347530e-01
9.031757812e+02;1.083803177e-01
9.034152832e+02;1.074217334e-01
9.036547852e+02;1.049453840e-01
9.038943481e+02;1.100045964e-01
9.041338501e+02;1.082205549e-01
9.043734131e+02;1.108566746e-01
9.046129150e+02;1.055578142e-01
9.048524780e+02;1.053447947e-01
9.050920410e+02;1.042530686e-01
9.053316650e+02;1.050785184e-01
9.055712280e+02;1.047589853e-01
9.058108521e+02;1.036672667e-01
9.060504150e+02;1.042530686e-01
9.062900391e+02;1.084335744e-01
9.065296631e+02;1.035607532e-01
9.067693481e+02;1.034808680e-01
9.070089722e+02;1.029483229e-01
9.072486572e+02;1.017234623e-01
9.074882812e+02;1.012707949e-01
9.077279663e+02;1.028151885e-01
9.079676514e+02;1.016968340e-01
9.082073364e+02;9.786248207e-02
9.084470825e+02;9.927373379e-02
9.086867676e+02;1.039335355e-01
9.089265137e+02;1.025489122e-01
9.091662598e+02;1.000991836e-01
9.094060059e+02;9.946013242e-02
9.096457520e+02;9.440091252e-02
9.098854980e+02;9.701040387e-02
9.101252441e+02;9.594530612e-02
9.103650513e+02;1.004986018e-01
9.106048584e+02;9.916722775e-02
9.108446655e+02;9.858142585e-02
9.110844727e+02;9.812875837e-02
9.113242798e+02;9.919385612e-02
9.115641479e+02;9.770271927e-02
9.118039551e+02;9.511985630e-02
9.120438232e+02;9.874118865e-02
9.122836914e+02;9.538613260e-02
9.125235596e+02;9.517311305e-02
9.127634277e+02;9.341569990e-02
9.130032959e+02;9.442754090e-02
9.132432251e+02;9.480033070e-02
9.134831543e+02;9.155178070e-02
9.137230225e+02;9.203107655e-02
9.139629517e+02;9.376185387e-02
9.142029419e+02;9.067307413e-02
9.144428711e+02;9.067307413e-02
9.146828003e+02;9.400150180e-02
9.149227905e+02;9.293640405e-02
9.151627808e+02;9.517311305e-02
9.154027710e+02;9.133876115e-02
9.156427612e+02;9.171154350e-02
9.158827515e+02;8.947484195e-02
9.161228027e+02;8.817009628e-02
9.163627930e+02;8.785056323e-02
9.166028442e+02;8.769080043e-02
9.168428955e+02;8.785056323e-02
9.170829468e+02;8.798370510e-02
9.173229980e+02;8.832985908e-02
9.175631104e+02;8.564049006e-02
9.178031616e+02;8.593339473e-02
9.180432739e+02;8.633280545e-02
9.182833862e+02;8.737127483e-02
9.185234985e+02;8.670558780e-02
9.187636108e+02;8.758429438e-02
9.190037231e+02;8.627954870e-02
9.192438965e+02;8.646593988e-02
9.194840698e+02;8.627954870e-02
9.197241821e+02;8.827660233e-02
9.199643555e+02;8.734464645e-02
9.202045898e+02;8.705174178e-02
9.204447632e+02;8.297774941e-02
9.206849365e+02;8.686535060e-02
9.209251709e+02;8.260495961e-02
9.211654053e+02;8.228543401e-02
9.214056396e+02;8.268484473e-02
9.216458740e+02;8.201915771e-02
9.218861084e+02;8.476178348e-02
9.221264038e+02;8.193927258e-02
9.223666382e+02;7.829131931e-02
9.226069336e+02;8.092743158e-02
9.228472290e+02;7.738598436e-02
9.230875244e+02;8.111382276e-02
9.233278198e+02;8.148661256e-02
9.235681763e+02;8.018186688e-02
9.238084717e+02;8.076766878e-02
9.240488281e+02;8.111382276e-02
9.242891846e+02;8.034162968e-02
9.245295410e+02;8.188602328e-02
9.247698975e+02;7.554869354e-02
9.250102539e+02;8.036825806e-02
9.252506714e+02;7.954280823e-02
9.254910278e+02;7.690668851e-02
9.257314453e+02;7.972919941e-02
9.259718628e+02;7.594810426e-02
9.262122803e+02;7.315222174e-02
9.264527588e+02;7.634751499e-02
9.266931763e+02;7.773213834e-02
9.269336548e+02;7.506939769e-02
9.271741333e+02;7.387116551e-02
9.274146118e+02;7.520253211e-02
9.276550903e+02;7.773213834e-02
9.278955688e+02;7.605461031e-02
9.281360474e+02;7.176759839e-02
9.283765869e+02;7.573508471e-02
9.286171265e+02;7.581496239e-02
9.288576660e+02;7.296583056e-02
9.290982056e+02;7.261967659e-02
9.293387451e+02;7.451022416e-02
9.295792847e+02;7.142143697e-02
9.298198853e+02;7.328535616e-02
9.300604248e+02;6.995692849e-02
9.303010254e+02;7.091552019e-02
9.305416260e+02;7.222026587e-02
9.307822266e+02;6.966403127e-02
9.310228882e+02;7.264629751e-02
9.312634888e+02;6.998355687e-02
9.315041504e+02;7.102202624e-02
9.317448120e+02;7.136818767e-02
9.319854736e+02;6.780010462e-02
9.322261353e+02;6.886520237e-02
9.324667969e+02;6.878532469e-02
9.327075195e+02;7.171434164e-02
9.329481812e+02;7.014331967e-02
9.331889038e+02;6.910485029e-02
9.334296265e+02;6.897171587e-02
9.336703491e+02;6.814626604e-02
9.339110718e+02;6.708116829e-02
9.341518555e+02;6.708116829e-02
9.343925781e+02;6.758708507e-02
9.346333618e+02;6.638885289e-02
9.348741455e+02;6.455156207e-02
9.351149292e+02;6.388587505e-02
9.353557129e+02;6.401900947e-02
9.355964966e+02;6.492434442e-02
9.358373413e+02;6.439179927e-02
9.360781250e+02;6.175567955e-02
9.363189697e+02;6.388587505e-02
9.365598145e+02;6.266101450e-02
9.368006592e+02;6.191544607e-02
9.370415649e+02;5.981187895e-02
9.372824097e+02;6.295391172e-02
9.375233154e+02;6.108999252e-02
9.377642212e+02;6.002489850e-02
9.380051270e+02;6.399238110e-02
9.382460327e+02;6.417877972e-02
9.384869385e+02;5.925270170e-02
9.387278442e+02;6.053081900e-02
9.389688110e+02;5.954560265e-02
9.392097778e+02;5.893317237e-02
9.394507446e+02;5.824085698e-02
9.396917114e+02;5.712250620e-02
9.399326782e+02;5.725564435e-02
9.401736450e+02;6.093022972e-02
9.404146729e+02;5.922607332e-02
9.406556396e+02;5.856038630e-02
9.408966675e+02;5.698936805e-02
9.411376953e+02;5.658995733e-02
9.413787842e+02;5.568462610e-02
9.416198120e+02;5.898642540e-02
9.418608398e+02;5.869352445e-02
9.421019287e+02;5.749528855e-02
9.423430176e+02;5.445976183e-02
9.425841064e+02;5.640356615e-02
9.428251953e+02;5.621717498e-02
9.430662842e+02;5.195678398e-02
9.433074341e+02;5.469940975e-02
9.435485229e+02;5.467278138e-02
9.437896729e+02;5.390058830e-02
9.440308228e+02;5.307513475e-02
9.442719727e+02;5.099819601e-02
9.445131226e+02;5.043901876e-02
9.447543335e+02;5.195678398e-02
9.449954834e+02;5.374082178e-02
9.452366943e+02;5.139760673e-02
9.454779053e+02;5.097156763e-02
9.457191162e+02;5.027925596e-02
9.459603271e+02;5.051890388e-02
9.462015381e+02;4.977333546e-02
9.464428101e+02;5.185027421e-02
9.466840820e+02;5.075854808e-02
9.469252930e+02;5.065203831e-02
9.471665649e+02;4.948043078e-02
9.474078979e+02;5.081180483e-02
9.476491699e+02;5.043901876e-02
9.478904419e+02;4.644490406e-02
9.481317749e+02;4.900113866e-02
9.483731079e+02;4.687094316e-02
9.486144409e+02;4.607212171e-02
9.488557739e+02;4.359576851e-02
9.490971069e+02;4.466086626e-02
9.493384399e+02;4.378215969e-02
9.495798340e+02;4.639165103e-02
9.498212280e+02;4.772302136e-02
9.500626221e+02;4.484725744e-02
9.503040161e+02;4.348925874e-02
9.505454102e+02;4.506027699e-02
9.507868042e+02;4.527329654e-02
9.510282593e+02;4.024071246e-02
9.512697144e+02;4.575259238e-02
9.515111084e+02;4.460761324e-02
9.517525635e+02;4.378215969e-02
9.519940796e+02;4.532655329e-02
9.522355347e+02;4.423482716e-02
9.524769897e+02;3.986792639e-02
9.527185059e+02;4.074663296e-02
9.529600220e+02;4.213126004e-02
9.532015381e+02;3.904247656e-02
9.534430542e+02;4.215788841e-02
9.536845703e+02;3.856318444e-02
9.539261475e+02;3.952177241e-02
9.541676636e+02;3.866969422e-02
9.544092407e+02;4.199812189e-02
9.546508179e+02;4.016083106e-02
9.548923950e+02;4.175847769e-02
9.551339722e+02;3.779098764e-02
9.553756104e+02;3.600694984e-02
9.556171875e+02;3.856318444e-02
9.558588257e+02;3.808388859e-02
9.561004639e+02;3.944188729e-02
9.563421021e+02;3.845667467e-02
9.565837402e+02;3.949514404e-02
9.568253784e+02;3.744482994e-02
9.570670776e+02;3.856318444e-02
9.573087158e+02;3.632647917e-02
9.575504150e+02;3.789749742e-02
9.577921143e+02;3.635310754e-02
9.580338135e+02;3.502173349e-02
9.582755737e+02;3.416965529e-02
9.585172729e+02;3.683239967e-02
9.587590332e+02;3.547440097e-02
9.590007324e+02;3.504836187e-02
9.592424927e+02;3.520812839e-02
9.594843140e+02;3.361048177e-02
9.597260742e+02;3.419628367e-02
9.599678345e+02;3.342408687e-02
9.602096558e+02;3.297142312e-02
9.604514160e+02;3.611345962e-02
9.606932373e+02;3.403652087e-02
9.609350586e+02;3.315781429e-02
9.611769409e+02;3.342408687e-02
9.614187622e+02;3.249212727e-02
9.616605835e+02;3.363710642e-02
9.619024658e+02;3.097436391e-02
9.621443481e+02;3.129389510e-02
9.623862305e+02;2.836487629e-02
9.626281128e+02;2.801871859e-02
9.628699951e+02;3.062820807e-02
9.631119385e+02;2.905718982e-02
9.633538818e+02;2.996252105e-02
9.635957642e+02;2.879091538e-02
9.638377075e+02;2.844475769e-02
9.640796509e+02;2.698024921e-02
9.643216553e+02;3.054832481e-02
9.645635986e+02;3.001577593e-02
9.648056030e+02;3.030867875e-02
9.650475464e+02;2.759267949e-02
9.652895508e+02;3.166667745e-02
9.655315552e+02;2.945660055e-02
9.657735596e+02;2.714001387e-02
9.660156250e+02;2.953648381e-02
9.662576294e+02;3.049506992e-02
9.664996948e+02;3.044181503e-02
9.667417603e+02;2.804534696e-02
9.669838257e+02;2.751279809e-02
9.672258911e+02;2.615479939e-02
9.674679565e+02;2.761930786e-02
9.677100830e+02;2.429087833e-02
9.679522095e+02;2.591515146e-02
9.681942749e+02;2.490330860e-02
9.684364014e+02;2.753942460e-02
9.686785278e+02;2.855126746e-02
9.689207153e+02;2.785895392e-02
9.691628418e+02;2.647432871e-02
9.694050293e+02;2.892405167e-02
9.696471558e+02;2.439738810e-02
9.698893433e+02;2.543585747e-02
9.701315308e+02;2.639444545e-02
9.703737793e+02;2.524946630e-02
9.706159668e+02;2.599503472e-02
9.708582153e+02;2.578201517e-02
9.711004028e+02;2.469028905e-02
9.713426514e+02;2.796546370e-02
9.715848999e+02;2.498319186e-02
9.718271484e+02;2.562225051e-02
9.720694580e+02;2.418436855e-02
9.723117065e+02;2.338554524e-02
9.725540161e+02;2.192103676e-02
9.727963257e+02;2.250684053e-02
9.730386353e+02;2.335891873e-02
9.732809448e+02;2.434413321e-02
9.735232544e+02;2.487668209e-02
9.737655640e+02;2.394472063e-02
9.740079346e+02;2.458377928e-02
9.742503052e+02;2.506307326e-02
9.744926758e+02;2.519621141e-02
9.747350464e+02;2.514295653e-02
9.749774170e+02;2.540923096e-02
9.752197876e+02;2.495656349e-02
9.754622192e+02;2.508970164e-02
9.757046509e+02;2.516958304e-02
9.759470825e+02;2.343880013e-02
9.761895142e+02;2.090919390e-02
9.764319458e+02;2.354530990e-02
9.766743774e+02;2.165476233e-02
9.769168701e+02;2.178789862e-02
9.771593018e+02;2.037664503e-02
9.774017944e+02;2.125534974e-02
9.776442871e+02;2.144174278e-02
9.778867798e+02;2.248021215e-02
9.781292725e+02;2.128197812e-02
9.783718262e+02;2.074942924e-02
9.786143799e+02;2.351868339e-02
9.788568726e+02;2.122872323e-02
9.790994263e+02;2.271986008e-02
9.793419800e+02;2.152162418e-02
9.795845947e+02;2.096244879e-02
9.798271484e+02;2.274648659e-02
9.800697021e+02;2.301276103e-02
9.803123169e+02;2.458377928e-02
9.805549316e+02;2.088256553e-02
9.807975464e+02;2.037664503e-02
9.810401611e+02;1.925829239e-02
9.812828369e+02;2.101570368e-02
9.815254517e+02;2.053640969e-02
9.817681274e+02;1.686182432e-02
9.820108032e+02;1.731448993e-02
9.822534790e+02;2.053640969e-02
9.824961548e+02;1.859260723e-02
9.827388306e+02;1.827307791e-02
9.829815674e+02;2.061629109e-02
9.832242432e+02;1.925829239e-02
9.834669800e+02;1.952456683e-02
9.837097168e+02;1.949794032e-02
9.839524536e+02;2.149499767e-02
9.841951904e+02;2.037664503e-02
9.844379883e+02;2.019025385e-02
9.846807251e+02;2.077605575e-02
9.849235229e+02;2.013699897e-02
9.851663208e+02;1.947131194e-02
9.854091187e+02;1.917841099e-02
9.856519165e+02;1.696833409e-02
9.858947144e+02;1.947131194e-02
9.861375732e+02;1.851272397e-02
9.863804321e+02;1.885888167e-02
9.866232300e+02;1.667543128e-02
9.868660889e+02;1.595649123e-02
9.871089478e+02;1.784703881e-02
9.873518677e+02;1.686182432e-02
9.875947266e+02;1.867248863e-02
9.878376465e+02;1.968433149e-02
9.880805664e+02;1.869911700e-02
9.883234863e+02;1.811331324e-02
9.885664062e+02;1.949794032e-02
9.888093262e+02;2.032339014e-02
9.890522461e+02;2.112221345e-02
9.892952271e+02;1.979084127e-02
9.895382080e+02;1.710147038e-02
9.897811279e+02;1.798017509e-02
9.900241699e+02;1.816656813e-02
9.902671509e+02;1.867248863e-02
9.905101318e+02;1.758076437e-02
9.907531738e+02;1.598311774e-02
9.909961548e+02;1.912515610e-02
9.912391968e+02;1.651566662e-02
9.914822388e+02;1.736774482e-02
9.917252808e+02;1.611625589e-02
9.919683838e+02;1.667543128e-02
9.922114258e+02;1.840621419e-02
9.924545288e+02;1.632927544e-02
9.926975708e+02;1.694170572e-02
9.929406738e+02;1.720798016e-02
9.931837769e+02;1.539731491e-02
9.934269409e+02;1.638253033e-02
9.936700439e+02;1.933817565e-02
9.939132080e+02;1.648904011e-02
9.941563110e+02;1.659554988e-02
9.943994751e+02;1.731448993e-02
9.946426392e+02;1.595649123e-02
9.948858643e+02;1.577009819e-02
9.951290283e+02;1.574347168e-02
9.953721924e+02;1.526417769e-02
9.956154175e+02;1.377304085e-02
9.958586426e+02;1.513104048e-02
9.961018677e+02;1.515766792e-02
9.963450928e+02;1.616951078e-02
9.965883179e+02;1.619613729e-02
9.968316040e+02;1.505115815e-02
9.970748291e+02;1.497127581e-02
9.973181152e+02;1.414582506e-02
9.975614014e+02;1.608962752e-02
9.978046875e+02;1.888550818e-02
9.980480347e+02;1.366653107e-02
9.982913208e+02;1.579672657e-02
9.985346680e+02;1.630264707e-02
9.987779541e+02;1.662217639e-02
9.990213013e+02;1.329374686e-02
9.992646484e+02;1.553045213e-02
9.995079956e+02;1.467837393e-02
9.997514038e+02;1.592986286e-02
9.999947510e+02;1.483813860e-02
1.000238159e+03;1.465174649e-02
1.000481567e+03;1.342688408e-02
1.000724976e+03;1.521092281e-02
1.000968384e+03;1.198900305e-02
1.001211792e+03;1.502453070e-02
1.001455261e+03;1.414582506e-02
1.001698669e+03;1.731448993e-02
1.001942139e+03;1.467837393e-02
1.002185608e+03;1.502453070e-02
1.002429077e+03;1.523755025e-02
1.002672546e+03;1.395943295e-02
1.002916077e+03;1.616951078e-02
1.003159546e+03;1.768727414e-02
1.003403076e+03;1.409257017e-02
1.003646606e+03;1.648904011e-02
1.003890137e+03;1.409257017e-02
1.004133667e+03;1.478488371e-02
1.004377258e+03;1.443872694e-02
1.004620789e+03;1.270794403e-02
1.004864380e+03;9.645788930e-03
1.005107971e+03;1.449198183e-02
1.005351562e+03;1.028484665e-02
1.005595154e+03;1.292096358e-02
1.005838745e+03;1.057774853e-02
1.006082336e+03;1.308072731e-02
1.006325989e+03;1.156296395e-02
1.006569641e+03;1.212214027e-02
1.006813293e+03;1.289433613e-02
1.007056946e+03;1.449198183e-02
1.007300598e+03;1.483813860e-02
1.007544312e+03;1.569021679e-02
1.007787964e+03;1.486476604e-02
1.008031677e+03;1.531743258e-02
1.008275391e+03;1.262806170e-02
1.008519104e+03;1.435884461e-02
1.008762817e+03;1.329374686e-02
1.009006531e+03;1.273457147e-02
1.009250305e+03;1.185586583e-02
1.009494019e+03;1.265468914e-02
1.009737793e+03;9.912062436e-03
1.009981567e+03;1.073751319e-02
1.010225342e+03;1.097716019e-02
1.010469177e+03;1.273457147e-02
1.010712952e+03;1.254817937e-02
1.010956787e+03;1.270794403e-02
1.011200623e+03;1.260143425e-02
1.011444397e+03;1.188249327e-02
1.011688293e+03;1.124343462e-02
1.011932129e+03;1.377304085e-02
1.012175964e+03;1.342688408e-02
1.012419861e+03;1.142982673e-02
1.012663696e+03;1.300084498e-02
1.012907593e+03;1.422570739e-02
1.013151489e+03;1.169610117e-02
1.013395447e+03;1.228190493e-02
1.013639343e+03;9.619161487e-03
1.013883240e+03;1.161621884e-02
1.014127197e+03;1.129668951e-02
1.014371155e+03;1.025821920e-02
1.014615112e+03;1.071088575e-02
1.014859070e+03;1.023159176e-02
1.015103027e+03;1.150970906e-02
1.015347046e+03;1.097716019e-02
1.015591003e+03;8.980102837e-03
1.015835022e+03;1.111029740e-02
1.016079041e+03;1.326711942e-02
1.016323059e+03;1.089727785e-02
1.016567078e+03;1.172272861e-02
1.016811157e+03;1.009845454e-02
1.017055176e+03;1.406594273e-02
1.017299255e+03;1.201563049e-02
1.017543335e+03;1.220202260e-02
1.017787415e+03;1.188249327e-02
1.018031494e+03;1.209551282e-02
1.018275574e+03;1.033810154e-02
1.018519714e+03;9.352887049e-03
1.018763855e+03;6.583633367e-03
1.019007935e+03;-2.496322151e-03
1.019252075e+03;-7.921662182e-04
1.019496216e+03;-9.985288489e-05
1.019740417e+03;1.664214651e-04
1.019984558e+03;-1.537734410e-03
1.020228760e+03;-6.856564432e-04
[EndOfFile]
