#Thorlabs FTS
[SpectrumHeader]
#Date;20251107
#Time;19434632
#GMTTime;22434632
#Instrument;0
#InstrModel;CCS200
#Series;0
#InterferometerSerial;M00311012
#Type;emission
#ChannelIndex;0
#XAxisUnit;nm_air
#YAxisUnit;intensity
#Average;1
#RollingAverage;0
#SpectrumSmooth;0
#SSmoothParam1;0
#SSmoothParam2;0
#SSmoothParam3;0
#SSmoothParam4;0
#IntegrationTime;0.145000
#TriggerMode;0
#AirMeasureOpt;0
#AirTemp;0.00
#AirPressure;0.00
#AirRelHum;0.00
#WnrMin;9799.037109
#WnrMax;50982.906250
#Length;3648
#Resolution;0.0000000000e+00
#ADC;0
#InstrStatus;0
#RefLaserLocked;0
#ChannelIndex;0
#AttenuationFilter;0
#Stitched;0
#ExcitationWavelength_nm;0
#SoftwareVersion;3.310000
#FirmwareVersion;
#Motor_FirmwareVersion;
#ReconstructionAlgorithms_SoftwareVersion;
#Sensor_FirmwareVersion;
#InstrSeriesIdentifier;MUN_CCS_SERIES
#RefGainIndex;0
#RefSignalInPerecent;0.0
#BBRefGainIndex;0
#BBRefSignalInPerecent;0.0
#AutogainStatus;0
#Name;
#Comment;""
#ExtComment;""
#Source;
[Data]
1.960870056e+02;4.842357244e-03
1.962940979e+02;4.017560277e-03
1.965012054e+02;5.587335210e-03
1.967083282e+02;4.363442771e-03
1.969154510e+02;3.006518586e-03
1.971225891e+02;5.613941699e-03
1.973297424e+02;5.321271718e-03
1.975368958e+02;5.693760701e-03
1.977440643e+02;5.001995247e-03
1.979512482e+02;2.554210369e-03
1.981584320e+02;4.070772789e-03
1.983656311e+02;2.101902384e-03
1.985728455e+02;2.447785111e-03
1.987800751e+02;2.474391367e-03
1.989873047e+02;1.942264149e-03
1.991945496e+02;1.995476894e-03
1.994018097e+02;-5.321271965e-05
1.996090698e+02;2.128508786e-04
1.998163452e+02;2.793667605e-03
2.000236359e+02;3.591858549e-03
2.002309418e+02;2.873486839e-03
2.004382477e+02;1.968870638e-03
2.006455688e+02;2.288146876e-03
2.008528900e+02;2.500997623e-03
2.010602417e+02;4.283623770e-03
2.012675934e+02;4.123985767e-03
2.014749451e+02;4.203804769e-03
2.016823273e+02;4.682719242e-03
2.018897095e+02;5.587335210e-03
2.020971069e+02;4.177198280e-03
2.023045044e+02;3.512039315e-03
2.025119171e+02;2.447785111e-03
2.027193451e+02;4.868963733e-03
2.029267883e+02;1.011041692e-03
2.031342316e+02;1.809232403e-03
2.033416901e+02;9.046162013e-04
2.035491638e+02;2.900093095e-03
2.037566376e+02;9.844353190e-04
2.039641418e+02;1.702807029e-03
2.041716309e+02;3.139550332e-03
2.043791504e+02;2.900093095e-03
2.045866699e+02;2.979912097e-03
2.047942047e+02;4.549687263e-03
2.050017548e+02;2.660635859e-03
2.052093048e+02;3.804709297e-03
2.054168701e+02;1.516562421e-03
2.056244507e+02;4.363442771e-03
2.058320312e+02;3.671677550e-03
2.060396423e+02;5.214846227e-03
2.062472534e+02;3.458826570e-03
2.064548645e+02;4.070772789e-03
2.066624908e+02;2.474391367e-03
2.068701324e+02;3.245975822e-03
2.070777893e+02;1.436743420e-03
2.072854462e+02;2.288146876e-03
2.074931335e+02;1.011041692e-03
2.077008057e+02;9.312225739e-04
2.079085083e+02;1.277105184e-03
2.081162109e+02;3.990953846e-04
2.083239288e+02;1.117467065e-03
2.085316467e+02;2.979912097e-03
2.087393951e+02;2.634029603e-03
2.089471436e+02;1.995476894e-03
2.091548920e+02;3.086337587e-03
2.093626709e+02;2.634029603e-03
2.095704498e+02;2.580816858e-03
2.097782440e+02;4.602900241e-03
2.099860382e+02;1.809232403e-03
2.101938629e+02;4.363442771e-03
2.104016724e+02;5.241452716e-03
2.106095123e+02;6.013037171e-03
2.108173523e+02;4.177198280e-03
2.110252075e+02;4.496474750e-03
2.112330780e+02;1.117467065e-03
2.114409637e+02;1.702807029e-03
2.116488495e+02;2.474391367e-03
2.118567505e+02;2.367965877e-03
2.120646515e+02;2.075295895e-03
2.122725677e+02;1.144073438e-03
2.124804993e+02;1.277105184e-03
2.126884460e+02;1.889051520e-03
2.128963928e+02;3.565252060e-03
2.131043549e+02;2.314753132e-03
2.133123322e+02;1.702807029e-03
2.135203094e+02;5.241452716e-03
2.137283173e+02;3.033124842e-03
2.139363098e+02;4.177198280e-03
2.141443329e+02;4.203804769e-03
2.143523560e+02;4.922176246e-03
2.145603943e+02;5.241452716e-03
2.147684479e+02;4.070772789e-03
2.149765015e+02;6.066249683e-03
2.151845703e+02;5.826792680e-03
2.153926544e+02;4.044166766e-03
2.156007538e+02;4.602900241e-03
2.158088531e+02;1.489956048e-03
2.160169678e+02;1.702807029e-03
2.162250824e+02;8.247971418e-04
2.164332123e+02;3.379007569e-03
2.166413574e+02;2.793667605e-03
2.168495178e+02;1.676200656e-03
2.170576782e+02;3.006518586e-03
2.172658691e+02;3.751496552e-03
2.174740448e+02;3.272582078e-03
2.176822510e+02;4.549687263e-03
2.178904572e+02;5.108420737e-03
2.180986786e+02;4.735931754e-03
2.183069000e+02;5.214846227e-03
2.185151520e+02;5.241452716e-03
2.187234039e+02;4.257017281e-03
2.189316559e+02;2.022083383e-03
2.191399384e+02;4.948782735e-03
2.193482208e+02;4.203804769e-03
2.195565186e+02;4.789144732e-03
2.197648163e+02;3.671677550e-03
2.199731293e+02;9.578289464e-04
2.201814575e+02;2.713848604e-03
2.203898010e+02;1.942264149e-03
2.205981445e+02;8.247971418e-04
2.208065033e+02;2.740454860e-03
2.210148773e+02;3.964347299e-03
2.212232513e+02;2.128508640e-03
2.214316406e+02;4.336836282e-03
2.216400452e+02;1.889051520e-03
2.218484650e+02;3.751496552e-03
2.220568848e+02;4.097379278e-03
2.222653198e+02;4.123985767e-03
2.224737549e+02;4.203804769e-03
2.226822205e+02;4.310230259e-03
2.228906860e+02;3.245975822e-03
2.230991516e+02;6.385526154e-03
2.233076477e+02;4.735931754e-03
2.235161438e+02;8.434215561e-03
2.237246552e+02;4.336836282e-03
2.239331665e+02;4.044166766e-03
2.241416931e+02;2.474391367e-03
2.243502350e+02;1.383530675e-03
2.245587921e+02;2.394572366e-04
2.247673492e+02;3.192763077e-03
2.249759216e+02;7.981907693e-04
2.251845093e+02;1.569775166e-03
2.253930969e+02;2.261540620e-03
2.256017151e+02;2.367965877e-03
2.258103180e+02;3.139550332e-03
2.260189514e+02;3.751496552e-03
2.262275848e+02;2.234934131e-03
2.264362335e+02;3.831315786e-03
2.266448975e+02;3.618464805e-03
2.268535614e+02;5.161633715e-03
2.270622406e+02;4.257017281e-03
2.272709351e+02;3.112944076e-03
2.274796295e+02;3.565252060e-03
2.276883392e+02;3.778103041e-03
2.278970642e+02;2.075295895e-03
2.281058044e+02;2.926699584e-03
2.283145447e+02;3.485433059e-03
2.285233002e+02;3.112944076e-03
2.287320557e+02;3.272582078e-03
2.289408417e+02;1.596381539e-03
2.291496277e+02;3.432220314e-03
2.293584137e+02;3.857922042e-03
2.295672302e+02;1.729413285e-03
2.297760468e+02;2.580816858e-03
2.299848785e+02;2.607423114e-03
2.301937103e+02;3.645071061e-03
2.304025726e+02;1.915657893e-03
2.306114197e+02;4.469868261e-03
2.308202972e+02;3.379007569e-03
2.310291748e+02;3.671677550e-03
2.312380676e+02;1.356924302e-03
2.314469757e+02;4.815750755e-03
2.316558990e+02;4.203804769e-03
2.318648224e+02;4.602900241e-03
2.320737610e+02;2.953305840e-03
2.322826996e+02;2.846880350e-03
2.324916534e+02;1.622987911e-03
2.327006226e+02;2.660635859e-03
2.329096069e+02;1.436743420e-03
2.331185913e+02;3.751496552e-03
2.333275909e+02;2.234934131e-03
2.335366058e+02;2.873486839e-03
2.337456207e+02;4.815750755e-03
2.339546661e+02;2.367965877e-03
2.341636963e+02;3.857922042e-03
2.343727570e+02;3.804709297e-03
2.345818176e+02;3.884528298e-03
2.347908936e+02;3.911134787e-03
2.349999847e+02;3.857922042e-03
2.352090759e+02;7.183717098e-03
2.354181824e+02;2.793667605e-03
2.356273041e+02;4.735931754e-03
2.358364258e+02;4.523081239e-03
2.360455627e+02;4.257017281e-03
2.362547150e+02;5.268059205e-03
2.364638824e+02;4.789144732e-03
2.366730499e+02;2.314753132e-03
2.368822327e+02;2.474391367e-03
2.370914154e+02;4.789144732e-04
2.373006287e+02;2.288146876e-03
2.375098419e+02;4.363442771e-03
2.377190552e+02;1.862445148e-03
2.379282990e+02;4.257017281e-03
2.381375427e+02;3.645071061e-03
2.383468018e+02;3.405614058e-03
2.385560608e+02;4.762538243e-03
2.387653503e+02;3.405614058e-03
2.389746246e+02;3.591858549e-03
2.391839294e+02;3.219369333e-03
2.393932343e+02;3.645071061e-03
2.396025543e+02;5.081814714e-03
2.398118896e+02;5.667154677e-03
2.400212402e+02;4.203804769e-03
2.402305908e+02;2.075295895e-03
2.404399414e+02;4.416655749e-03
2.406493225e+02;3.006518586e-03
2.408587036e+02;1.223892556e-03
2.410681000e+02;1.782626030e-03
2.412775116e+02;9.844353190e-04
2.414869232e+02;1.489956048e-03
2.416963501e+02;1.064254320e-03
2.419057922e+02;2.580816858e-03
2.421152344e+02;1.543168793e-03
2.423246918e+02;3.990953788e-03
2.425341644e+02;3.352401312e-03
2.427436371e+02;5.214846227e-03
2.429531403e+02;2.820274094e-03
2.431626434e+02;5.294665229e-03
2.433721466e+02;3.245975822e-03
2.435816650e+02;4.656112753e-03
2.437911987e+02;4.948782735e-03
2.440007477e+02;5.108420737e-03
2.442103119e+02;4.842357244e-03
2.444198761e+02;2.687242348e-03
2.446294403e+02;1.995476894e-03
2.448390350e+02;1.569775166e-03
2.450486298e+02;2.846880350e-03
2.452582397e+02;2.687242348e-03
2.454678650e+02;1.968870638e-03
2.456774902e+02;2.687242348e-03
2.458871307e+02;1.436743420e-03
2.460967865e+02;3.751496552e-03
2.463064423e+02;2.474391367e-03
2.465161133e+02;3.245975822e-03
2.467257996e+02;4.203804769e-03
2.469354858e+02;5.214846227e-03
2.471451874e+02;2.793667605e-03
2.473549042e+02;3.379007569e-03
2.475646362e+02;1.809232403e-03
2.477743683e+02;4.123985767e-03
2.479841156e+02;4.363442771e-03
2.481938782e+02;4.336836282e-03
2.484036407e+02;2.394572366e-03
2.486134186e+02;3.618464805e-03
2.488232117e+02;1.463349792e-03
2.490330048e+02;3.645071061e-03
2.492428284e+02;8.514035144e-04
2.494526367e+02;3.325794823e-03
2.496624756e+02;8.247971418e-04
2.498723145e+02;2.234934131e-03
2.500821686e+02;3.724890295e-03
2.502920380e+02;4.310230259e-03
2.505019073e+02;3.990953788e-03
2.507117920e+02;1.197286183e-03
2.509216919e+02;2.979912097e-03
2.511315918e+02;3.112944076e-03
2.513415222e+02;2.634029603e-03
2.515514374e+02;4.762538243e-03
2.517613831e+02;3.937741276e-03
2.519713287e+02;4.948782735e-03
2.521812897e+02;3.698283806e-03
2.523912659e+02;5.560729187e-03
2.526012421e+02;3.671677550e-03
2.528112335e+02;9.312225739e-04
2.530212402e+02;4.363442771e-03
2.532312469e+02;2.341359621e-03
2.534412689e+02;-2.660635801e-04
2.536513062e+02;3.245975822e-03
2.538613586e+02;3.245975822e-03
2.540714111e+02;2.634029603e-03
2.542814789e+02;2.367965877e-03
2.544915466e+02;3.618464805e-03
2.547016449e+02;1.170679810e-03
2.549117432e+02;5.613941699e-03
2.551218567e+02;4.230411258e-03
2.553319702e+02;5.880005192e-03
2.555420990e+02;3.618464805e-03
2.557522430e+02;2.634029603e-03
2.559623871e+02;4.177198280e-03
2.561725464e+02;4.576293752e-03
2.563827209e+02;4.682719242e-03
2.565928955e+02;3.884528298e-03
2.568031006e+02;2.474391367e-03
2.570133057e+02;4.735931754e-03
2.572235107e+02;3.990953846e-04
2.574337463e+02;2.208327875e-03
2.576439819e+02;2.500997623e-03
2.578542480e+02;2.900093095e-03
2.580644836e+02;4.257017281e-03
2.582747498e+02;5.454303697e-03
2.584850464e+02;3.299188567e-03
2.586953430e+02;2.953305840e-03
2.589056396e+02;3.964347299e-03
2.591159363e+02;4.602900241e-03
2.593262634e+02;2.367965877e-03
2.595365906e+02;5.800186191e-03
2.597469482e+02;3.272582078e-03
2.599573059e+02;4.363442771e-03
2.601676636e+02;5.001995247e-03
2.603780212e+02;5.321271718e-03
2.605884094e+02;3.911134787e-03
2.607988281e+02;1.516562421e-03
2.610092163e+02;2.713848604e-03
2.612196350e+02;3.033124842e-03
2.614300842e+02;1.489956048e-03
2.616405029e+02;5.321271601e-04
2.618509521e+02;1.223892556e-03
2.620614319e+02;3.245975822e-03
2.622718811e+02;1.596381539e-03
2.624823608e+02;4.390049260e-03
2.626928711e+02;3.884528298e-03
2.629033508e+02;2.314753132e-03
2.631138916e+02;4.682719242e-03
2.633244019e+02;5.001995247e-03
2.635349426e+02;4.576293752e-03
2.637454834e+02;3.591858549e-03
2.639560242e+02;4.443261772e-03
2.641665955e+02;5.321271718e-03
2.643771973e+02;1.489956048e-03
2.645877686e+02;6.172675174e-03
2.647983704e+02;3.033124842e-03
2.650089722e+02;4.310230259e-03
2.652196045e+02;1.250498812e-03
2.654302368e+02;4.922176246e-03
2.656408691e+02;2.394572366e-03
2.658515320e+02;6.917653373e-04
2.660621948e+02;3.804709297e-03
2.662728577e+02;3.618464805e-03
2.664835510e+02;3.591858549e-03
2.666942444e+02;3.857922042e-03
2.669049377e+02;1.649594284e-03
2.671156616e+02;3.831315786e-03
2.673263855e+02;4.416655749e-03
2.675371094e+02;6.598377135e-03
2.677478638e+02;3.857922042e-03
2.679586182e+02;3.112944076e-03
2.681694031e+02;6.013037171e-03
2.683801575e+02;3.645071061e-03
2.685909729e+02;2.979912097e-03
2.688017578e+02;4.017560277e-03
2.690125732e+02;2.926699584e-03
2.692233887e+02;1.756019657e-03
2.694342346e+02;1.011041692e-03
2.696450806e+02;2.341359621e-03
2.698559265e+02;2.660635801e-04
2.700667725e+02;2.793667605e-03
2.702776489e+02;2.022083383e-03
2.704885559e+02;2.953305840e-03
2.706994324e+02;3.086337587e-03
2.709103394e+02;4.177198280e-03
2.711212769e+02;2.101902384e-03
2.713321838e+02;4.177198280e-03
2.715431213e+02;4.044166766e-03
2.717540894e+02;4.177198280e-03
2.719650269e+02;3.112944076e-03
2.721760254e+02;5.347878207e-03
2.723869934e+02;4.789144732e-03
2.725979919e+02;1.170679810e-03
2.728089905e+02;2.873486839e-03
2.730199890e+02;2.447785111e-03
2.732310181e+02;2.208327875e-03
2.734420471e+02;2.101902384e-03
2.736531067e+02;2.075295895e-03
2.738641663e+02;1.889051520e-03
2.740752258e+02;1.889051520e-03
2.742862854e+02;4.656112753e-03
2.744973755e+02;2.447785111e-03
2.747084961e+02;2.181721386e-03
2.749195862e+02;2.820274094e-03
2.751307068e+02;3.724890295e-03
2.753418274e+02;5.534122698e-03
2.755529785e+02;5.347878207e-03
2.757641296e+02;4.070772789e-03
2.759752808e+02;4.789144732e-03
2.761864624e+02;2.208327875e-03
2.763976440e+02;5.001995247e-03
2.766088562e+02;4.469868261e-03
2.768200378e+02;5.560729187e-03
2.770312500e+02;2.075295895e-03
2.772424927e+02;3.964347299e-03
2.774537354e+02;2.101902384e-03
2.776649780e+02;3.059731331e-03
2.778762207e+02;2.075295895e-03
2.780874939e+02;2.181721386e-03
2.782987671e+02;5.853399052e-04
2.785100708e+02;3.352401312e-03
2.787213745e+02;4.762538243e-03
2.789326782e+02;5.294665229e-03
2.791439819e+02;1.569775166e-03
2.793553162e+02;4.363442771e-03
2.795666504e+02;4.523081239e-03
2.797780151e+02;4.203804769e-03
2.799893799e+02;2.607423114e-03
2.802007446e+02;4.070772789e-03
2.804121399e+02;4.390049260e-03
2.806235352e+02;5.480909720e-03
2.808349304e+02;4.203804769e-03
2.810463562e+02;3.166156821e-03
2.812577820e+02;2.341359621e-03
2.814692078e+02;1.170679810e-03
2.816806641e+02;1.649594284e-03
2.818921204e+02;1.410137047e-03
2.821036072e+02;2.820274094e-03
2.823150635e+02;2.740454860e-03
2.825265808e+02;2.500997623e-03
2.827380676e+02;3.804709297e-03
2.829495850e+02;2.979912097e-03
2.831611023e+02;2.128508640e-03
2.833726501e+02;5.108420737e-03
2.835841675e+02;4.496474750e-03
2.837957458e+02;3.724890295e-03
2.840072937e+02;5.214846227e-03
2.842188721e+02;7.050685119e-03
2.844304504e+02;5.587335210e-03
2.846420593e+02;5.880005192e-03
2.848536682e+02;3.990953788e-03
2.850652771e+02;3.405614058e-03
2.852769165e+02;2.261540620e-03
2.854885559e+02;4.177198280e-03
2.857001953e+02;1.223892556e-03
2.859118652e+02;2.793667605e-03
2.861235352e+02;1.277105184e-03
2.863352051e+02;2.820274094e-03
2.865469055e+02;3.086337587e-03
2.867586060e+02;8.514035144e-04
2.869703064e+02;5.374484695e-03
2.871820374e+02;2.660635859e-03
2.873937683e+02;5.534122698e-03
2.876055298e+02;3.831315786e-03
2.878172913e+02;6.039643660e-03
2.880290527e+02;1.915657893e-03
2.882408142e+02;3.299188567e-03
2.884526062e+02;3.512039315e-03
2.886643982e+02;4.895570222e-03
2.888762207e+02;4.070772789e-03
2.890880432e+02;3.166156821e-03
2.892998657e+02;2.820274094e-03
2.895116882e+02;4.523081239e-03
2.897235413e+02;2.048689639e-03
2.899354248e+02;2.554210369e-03
2.901472778e+02;2.820274094e-03
2.903591614e+02;3.033124842e-03
2.905710754e+02;1.569775166e-03
2.907829590e+02;3.857922042e-03
2.909948730e+02;2.261540620e-03
2.912068176e+02;3.884528298e-03
2.914187317e+02;3.645071061e-03
2.916306763e+02;5.534122698e-03
2.918426514e+02;4.363442771e-03
2.920546265e+02;3.565252060e-03
2.922666016e+02;3.751496552e-03
2.924785767e+02;4.017560277e-03
2.926905823e+02;5.028601736e-03
2.929025879e+02;3.804709297e-03
2.931146240e+02;3.990953788e-03
2.933266296e+02;4.602900241e-03
2.935386963e+02;1.676200656e-03
2.937507324e+02;2.288146876e-03
2.939627991e+02;2.208327875e-03
2.941748657e+02;1.064254393e-04
2.943869629e+02;2.421178622e-03
2.945990601e+02;1.702807029e-03
2.948111572e+02;1.170679810e-03
2.950232849e+02;4.922176246e-03
2.952354126e+02;1.170679810e-03
2.954475403e+02;2.394572366e-03
2.956596680e+02;2.554210369e-03
2.958718262e+02;4.203804769e-03
2.960840149e+02;3.192763077e-03
2.962962036e+02;2.953305840e-03
2.965083923e+02;2.687242348e-03
2.967205811e+02;5.268059205e-03
2.969328003e+02;5.214846227e-03
2.971450195e+02;2.447785111e-03
2.973572388e+02;2.634029603e-03
2.975694885e+02;2.979912097e-03
2.977817383e+02;-1.862445060e-04
2.979940186e+02;2.341359621e-03
2.982062683e+02;2.341359621e-03
2.984185791e+02;1.676200656e-03
2.986308594e+02;2.660635859e-03
2.988431702e+02;3.033124842e-03
2.990554810e+02;3.033124842e-03
2.992678223e+02;4.336836282e-03
2.994801636e+02;3.405614058e-03
2.996925049e+02;2.075295895e-03
2.999048462e+02;3.778103041e-03
3.001172180e+02;3.724890295e-03
3.003296204e+02;2.554210369e-03
3.005419922e+02;5.906611681e-03
3.007543945e+02;3.538645804e-03
3.009668274e+02;4.150591791e-03
3.011792297e+02;4.868963733e-03
3.013916626e+02;2.128508640e-03
3.016041260e+02;4.443261772e-03
3.018165588e+02;3.219369333e-03
3.020290222e+02;3.405614058e-03
3.022415161e+02;2.634029603e-03
3.024539795e+02;2.713848604e-03
3.026665039e+02;7.449780242e-04
3.028789978e+02;3.937741276e-03
3.030915222e+02;2.900093095e-03
3.033040466e+02;3.645071061e-03
3.035165710e+02;2.713848604e-03
3.037291260e+02;2.234934131e-03
3.039416809e+02;4.044166766e-03
3.041542664e+02;3.086337587e-03
3.043668518e+02;4.044166766e-03
3.045794373e+02;2.953305840e-03
3.047920532e+02;6.811228115e-03
3.050046387e+02;4.496474750e-03
3.052172852e+02;4.815750755e-03
3.054299011e+02;1.463349792e-03
3.056425476e+02;2.527604112e-03
3.058552246e+02;2.314753132e-03
3.060678711e+02;3.086337587e-03
3.062805481e+02;2.767061349e-03
3.064932556e+02;2.261540620e-03
3.067059326e+02;2.155115129e-03
3.069186401e+02;2.607423114e-03
3.071313782e+02;-5.321271601e-04
3.073440857e+02;3.352401312e-03
3.075568237e+02;3.245975822e-03
3.077695923e+02;4.097379278e-03
3.079823608e+02;4.416655749e-03
3.081951294e+02;5.214846227e-03
3.084078979e+02;5.534122698e-03
3.086206970e+02;6.731408648e-03
3.088334961e+02;3.884528298e-03
3.090463257e+02;2.873486839e-03
3.092591248e+02;4.017560277e-03
3.094719849e+02;6.864440627e-03
3.096848145e+02;3.804709297e-03
3.098976746e+02;3.831315786e-03
3.101105347e+02;1.915657893e-03
3.103234253e+02;3.379007569e-03
3.105363159e+02;1.995476894e-03
3.107492065e+02;3.219369333e-03
3.109621277e+02;1.303711557e-03
3.111750183e+02;3.272582078e-03
3.113879700e+02;3.831315786e-03
3.116008911e+02;2.793667605e-03
3.118138428e+02;2.447785111e-03
3.120268250e+02;3.192763077e-03
3.122397766e+02;2.820274094e-03
3.124527588e+02;3.698283806e-03
3.126657715e+02;4.948782735e-03
3.128787842e+02;6.731408648e-03
3.130917969e+02;2.767061349e-03
3.133048096e+02;3.538645804e-03
3.135178528e+02;2.767061349e-03
3.137308960e+02;3.352401312e-03
3.139439392e+02;2.075295895e-03
3.141570129e+02;9.046162013e-04
3.143700867e+02;1.383530675e-03
3.145831909e+02;1.410137047e-03
3.147962952e+02;3.219369333e-03
3.150093994e+02;2.341359621e-03
3.152225037e+02;6.917653373e-04
3.154356384e+02;3.618464805e-03
3.156487732e+02;3.911134787e-03
3.158619385e+02;2.740454860e-03
3.160751038e+02;4.523081239e-03
3.162882690e+02;3.485433059e-03
3.165014648e+02;5.427697208e-03
3.167146606e+02;2.926699584e-03
3.169278564e+02;3.857922042e-03
3.171410828e+02;2.634029603e-03
3.173543091e+02;4.789144732e-03
3.175675354e+02;4.549687263e-03
3.177807922e+02;2.713848604e-03
3.179940491e+02;4.070772789e-03
3.182073059e+02;1.223892556e-03
3.184205933e+02;3.538645804e-03
3.186338806e+02;9.578289464e-04
3.188471680e+02;2.367965877e-03
3.190604858e+02;4.203804769e-03
3.192738037e+02;3.139550332e-03
3.194871521e+02;4.709325731e-03
3.197004700e+02;4.123985767e-03
3.199138184e+02;4.044166766e-03
3.201271973e+02;2.900093095e-03
3.203405762e+02;5.135027226e-03
3.205539551e+02;4.283623770e-03
3.207673340e+02;3.432220314e-03
3.209807434e+02;4.656112753e-03
3.211941833e+02;4.443261772e-03
3.214075928e+02;4.363442771e-03
3.216210327e+02;4.416655749e-03
3.218344727e+02;4.257017281e-03
3.220479431e+02;1.915657893e-03
3.222614136e+02;3.139550332e-03
3.224748840e+02;3.352401312e-03
3.226883850e+02;1.277105184e-03
3.229018860e+02;2.208327875e-03
3.231153870e+02;2.634029603e-03
3.233289185e+02;2.713848604e-03
3.235424500e+02;4.576293752e-03
3.237559814e+02;3.884528298e-03
3.239695435e+02;3.352401312e-03
3.241831055e+02;3.538645804e-03
3.243966675e+02;4.390049260e-03
3.246102600e+02;3.139550332e-03
3.248238525e+02;4.842357244e-03
3.250374451e+02;5.640548188e-03
3.252510681e+02;5.321271718e-03
3.254646912e+02;4.948782735e-03
3.256783447e+02;4.656112753e-03
3.258919983e+02;2.979912097e-03
3.261056519e+02;4.283623770e-03
3.263193054e+02;3.192763077e-03
3.265329895e+02;7.183717098e-04
3.267466736e+02;3.405614058e-03
3.269603882e+02;1.676200656e-03
3.271741028e+02;4.576293752e-03
3.273878174e+02;3.911134787e-03
3.276015625e+02;5.188240204e-03
3.278152771e+02;3.645071061e-03
3.280290527e+02;1.702807029e-03
3.282427979e+02;4.602900241e-03
3.284565735e+02;3.432220314e-03
3.286703796e+02;4.123985767e-03
3.288841553e+02;4.948782735e-03
3.290979614e+02;3.990953788e-03
3.293117981e+02;3.724890295e-03
3.295256042e+02;5.108420737e-03
3.297394409e+02;3.645071061e-03
3.299533081e+02;3.219369333e-03
3.301671448e+02;1.622987911e-03
3.303810425e+02;3.671677550e-03
3.305949097e+02;1.889051520e-03
3.308088074e+02;2.394572366e-03
3.310227051e+02;2.527604112e-03
3.312366028e+02;3.352401312e-03
3.314505310e+02;2.687242348e-03
3.316644592e+02;3.884528298e-03
3.318784180e+02;1.915657893e-03
3.320923767e+02;3.352401312e-03
3.323063354e+02;2.793667605e-03
3.325202942e+02;4.416655749e-03
3.327342834e+02;2.660635859e-03
3.329482727e+02;5.321271718e-03
3.331622925e+02;3.325794823e-03
3.333763123e+02;5.294665229e-03
3.335903320e+02;3.831315786e-03
3.338043823e+02;2.394572366e-03
3.340184326e+02;4.257017281e-03
3.342324829e+02;3.245975822e-03
3.344465332e+02;1.117467065e-03
3.346606140e+02;1.889051520e-03
3.348747253e+02;2.022083383e-03
3.350888062e+02;2.979912097e-03
3.353029175e+02;1.436743420e-03
3.355170593e+02;2.394572366e-03
3.357311707e+02;2.128508640e-03
3.359453125e+02;3.059731331e-03
3.361594849e+02;2.500997623e-03
3.363736572e+02;7.582812104e-03
3.365878296e+02;3.538645804e-03
3.368020020e+02;4.576293752e-03
3.370162048e+02;2.022083383e-03
3.372304077e+02;4.203804769e-03
3.374446106e+02;4.948782735e-03
3.376588440e+02;4.975389224e-03
3.378730774e+02;1.303711557e-03
3.380873413e+02;1.516562421e-03
3.383016052e+02;3.724890121e-04
3.385158691e+02;2.128508640e-03
3.387301331e+02;3.033124842e-03
3.389444275e+02;3.006518586e-03
3.391587524e+02;2.979912097e-03
3.393730469e+02;2.367965877e-03
3.395873718e+02;6.651589647e-04
3.398016968e+02;2.873486839e-03
3.400160522e+02;1.277105184e-03
3.402304077e+02;3.591858549e-03
3.404447632e+02;3.006518586e-03
3.406591492e+02;4.203804769e-03
3.408735352e+02;4.017560277e-03
3.410879211e+02;4.177198280e-03
3.413023376e+02;5.454303697e-03
3.415167542e+02;3.778103041e-03
3.417311707e+02;4.842357244e-03
3.419456177e+02;3.804709297e-03
3.421600647e+02;2.075295895e-03
3.423745117e+02;2.846880350e-03
3.425889893e+02;2.314753132e-03
3.428034668e+02;4.123985767e-03
3.430179443e+02;1.197286183e-03
3.432324524e+02;3.671677550e-03
3.434469604e+02;3.884528298e-03
3.436614990e+02;1.702807029e-03
3.438760376e+02;4.789144732e-04
3.440905762e+02;3.192763077e-03
3.443051147e+02;3.778103041e-03
3.445196838e+02;5.001995247e-03
3.447342529e+02;2.234934131e-03
3.449488525e+02;4.283623770e-03
3.451634521e+02;5.640548188e-03
3.453780518e+02;5.214846227e-03
3.455926514e+02;4.044166766e-03
3.458072815e+02;3.512039315e-03
3.460219116e+02;2.607423114e-03
3.462365723e+02;3.857922042e-03
3.464512329e+02;3.538645804e-03
3.466658936e+02;1.942264149e-03
3.468805847e+02;1.516562421e-03
3.470952759e+02;6.385525921e-04
3.473099670e+02;1.356924302e-03
3.475246887e+02;3.857922042e-03
3.477394104e+02;-5.055208458e-04
3.479541321e+02;4.017560277e-03
3.481688843e+02;-2.128508786e-04
3.483836365e+02;4.842357244e-03
3.485983887e+02;3.458826570e-03
3.488131714e+02;3.937741276e-03
3.490279541e+02;4.576293752e-03
3.492427673e+02;3.538645804e-03
3.494575500e+02;4.656112753e-03
3.496723633e+02;3.245975822e-03
3.498872070e+02;2.101902384e-03
3.501020508e+02;4.496474750e-03
3.503168945e+02;5.401090719e-03
3.505317383e+02;3.512039315e-03
3.507466125e+02;-6.917653373e-04
3.509614868e+02;3.059731331e-03
3.511763916e+02;3.139550332e-03
3.513912964e+02;2.394572366e-03
3.516062012e+02;2.767061349e-03
3.518211060e+02;2.740454860e-03
3.520360413e+02;2.234934131e-03
3.522509766e+02;4.203804769e-03
3.524659424e+02;4.363442771e-03
3.526809082e+02;3.751496552e-03
3.528958740e+02;8.247971418e-04
3.531108704e+02;4.044166766e-03
3.533258667e+02;2.500997623e-03
3.535408630e+02;7.263536099e-03
3.537558899e+02;3.432220314e-03
3.539709167e+02;5.055208225e-03
3.541859436e+02;5.480909720e-03
3.544010010e+02;4.390049260e-03
3.546160583e+02;3.458826686e-04
3.548311157e+02;3.299188567e-03
3.550462036e+02;8.780098287e-04
3.552612915e+02;3.112944076e-03
3.554763794e+02;9.844353190e-04
3.556914978e+02;3.751496552e-03
3.559066162e+02;1.303711557e-03
3.561217651e+02;4.363442771e-03
3.563368835e+02;2.101902384e-03
3.565520325e+02;5.321271718e-03
3.567672119e+02;2.607423114e-03
3.569823914e+02;2.660635859e-03
3.571975708e+02;3.139550332e-03
3.574127502e+02;4.363442771e-03
3.576279602e+02;4.735931754e-03
3.578431702e+02;6.412132643e-03
3.580584106e+02;4.629506264e-03
3.582736511e+02;5.534122698e-03
3.584888916e+02;4.097379278e-03
3.587041626e+02;2.447785111e-03
3.589194031e+02;3.006518586e-03
3.591347046e+02;2.767061349e-03
3.593499756e+02;1.756019657e-03
3.595652771e+02;3.033124842e-03
3.597806091e+02;2.873486839e-03
3.599959106e+02;2.022083383e-03
3.602112427e+02;3.618464805e-03
3.604265747e+02;4.044166766e-03
3.606419373e+02;3.086337587e-03
3.608572998e+02;1.170679810e-03
3.610726624e+02;3.432220314e-03
3.612880554e+02;5.321271718e-03
3.615034485e+02;3.724890295e-03
3.617188416e+02;5.534122698e-03
3.619342651e+02;3.432220314e-03
3.621496887e+02;5.055208225e-03
3.623651428e+02;2.846880350e-03
3.625805664e+02;4.230411258e-03
3.627960510e+02;3.086337587e-03
3.630115051e+02;1.277105184e-03
3.632269897e+02;2.873486839e-03
3.634424744e+02;3.512039315e-03
3.636579590e+02;2.900093095e-03
3.638734741e+02;2.341359621e-03
3.640889893e+02;2.634029603e-03
3.643045349e+02;2.767061349e-03
3.645200806e+02;2.687242348e-03
3.647356262e+02;4.948782735e-03
3.649511719e+02;4.390049260e-03
3.651667480e+02;5.587335210e-03
3.653823242e+02;2.341359621e-03
3.655979309e+02;6.146068685e-03
3.658135376e+02;5.055208225e-03
3.660291443e+02;5.188240204e-03
3.662447815e+02;4.070772789e-03
3.664604187e+02;3.565252060e-03
3.666760559e+02;3.139550332e-03
3.668917236e+02;4.842357244e-03
3.671073914e+02;2.713848604e-03
3.673230591e+02;1.915657893e-03
3.675387268e+02;1.649594284e-03
3.677544250e+02;3.831315786e-03
3.679701538e+02;2.181721386e-03
3.681858826e+02;2.261540620e-03
3.684016113e+02;3.831315786e-03
3.686173401e+02;3.033124842e-03
3.688330994e+02;2.873486839e-03
3.690488586e+02;4.602900241e-03
3.692646179e+02;3.831315786e-03
3.694804077e+02;3.618464805e-03
3.696961975e+02;4.097379278e-03
3.699119873e+02;4.070772789e-03
3.701278076e+02;4.283623770e-03
3.703436279e+02;5.906611681e-03
3.705594788e+02;4.975389224e-03
3.707752991e+02;5.081814714e-03
3.709911804e+02;4.469868261e-03
3.712070312e+02;3.352401312e-03
3.714229126e+02;3.006518586e-03
3.716387939e+02;4.203804769e-03
3.718547058e+02;1.729413285e-03
3.720706177e+02;3.485433059e-03
3.722865295e+02;3.379007569e-03
3.725024414e+02;3.591858549e-03
3.727183838e+02;3.192763077e-03
3.729343262e+02;4.203804769e-03
3.731502991e+02;6.092856172e-03
3.733662720e+02;4.868963733e-03
3.735822449e+02;2.607423114e-03
3.737982483e+02;4.895570222e-03
3.740142517e+02;4.735931754e-03
3.742302551e+02;4.336836282e-03
3.744462891e+02;5.507516209e-03
3.746623230e+02;6.704802625e-03
3.748783569e+02;3.804709297e-03
3.750944214e+02;4.097379278e-03
3.753104858e+02;4.283623770e-03
3.755265503e+02;3.245975822e-03
3.757426453e+02;2.926699526e-04
3.759587402e+02;4.975389224e-03
3.761748352e+02;4.709325731e-03
3.763909607e+02;4.283623770e-03
3.766070862e+02;4.070772789e-03
3.768232117e+02;3.325794823e-03
3.770393677e+02;5.241452716e-03
3.772555237e+02;2.926699584e-03
3.774717102e+02;5.321271718e-03
3.776878662e+02;5.667154677e-03
3.779040833e+02;3.192763077e-03
3.781202698e+02;6.518558133e-03
3.783364868e+02;2.740454860e-03
3.785527039e+02;5.959824193e-03
3.787689514e+02;5.241452716e-03
3.789851685e+02;6.092856172e-03
3.792014465e+02;5.427697208e-03
3.794176941e+02;4.044166766e-03
3.796339722e+02;4.416655749e-03
3.798502502e+02;5.001995247e-03
3.800665588e+02;3.884528298e-03
3.802828674e+02;3.884528298e-03
3.804991760e+02;4.070772789e-03
3.807154846e+02;3.166156821e-03
3.809318237e+02;4.868963733e-03
3.811481934e+02;3.432220314e-03
3.813645325e+02;2.155115129e-03
3.815809021e+02;6.837834138e-03
3.817973022e+02;6.332313642e-03
3.820136719e+02;6.545164157e-03
3.822300720e+02;4.682719242e-03
3.824465027e+02;7.476387080e-03
3.826629028e+02;4.975389224e-03
3.828793335e+02;6.332313642e-03
3.830957947e+02;5.055208225e-03
3.833122253e+02;5.454303697e-03
3.835286865e+02;3.591858549e-03
3.837451782e+02;5.800186191e-03
3.839616394e+02;5.135027226e-03
3.841781616e+02;4.177198280e-03
3.843946533e+02;3.857922042e-03
3.846111755e+02;5.347878207e-03
3.848276978e+02;4.656112753e-03
3.850442200e+02;2.873486839e-03
3.852607727e+02;3.884528298e-03
3.854773254e+02;5.587335210e-03
3.856939087e+02;4.310230259e-03
3.859104614e+02;6.332313642e-03
3.861270752e+02;6.518558133e-03
3.863436584e+02;7.981907576e-03
3.865602722e+02;5.560729187e-03
3.867768860e+02;9.392044507e-03
3.869935303e+02;6.704802625e-03
3.872101746e+02;7.183717098e-03
3.874268188e+02;5.746973678e-03
3.876434631e+02;7.742450573e-03
3.878601379e+02;4.070772789e-03
3.880768127e+02;6.465345155e-03
3.882935181e+02;3.245975822e-03
3.885102234e+02;4.283623770e-03
3.887269287e+02;4.602900241e-03
3.889436646e+02;4.230411258e-03
3.891604004e+02;5.108420737e-03
3.893771362e+02;4.815750755e-03
3.895939026e+02;5.986430682e-03
3.898106689e+02;5.800186191e-03
3.900274353e+02;5.161633715e-03
3.902442322e+02;7.130504120e-03
3.904610291e+02;6.146068685e-03
3.906778259e+02;7.077291608e-03
3.908946533e+02;5.853399169e-03
3.911114807e+02;6.944259629e-03
3.913283081e+02;6.811228115e-03
3.915451660e+02;7.715844084e-03
3.917620239e+02;6.358919665e-03
3.919788818e+02;7.423174102e-03
3.921957703e+02;3.751496552e-03
3.924126587e+02;4.975389224e-03
3.926295776e+02;3.831315786e-03
3.928464661e+02;4.469868261e-03
3.930634155e+02;4.363442771e-03
3.932803345e+02;6.704802625e-03
3.934972839e+02;4.762538243e-03
3.937142334e+02;6.891047116e-03
3.939311829e+02;4.549687263e-03
3.941481628e+02;6.199281663e-03
3.943651428e+02;6.651589647e-03
3.945821533e+02;7.077291608e-03
3.947991638e+02;6.704802625e-03
3.950161743e+02;6.066249683e-03
3.952332153e+02;7.875482552e-03
3.954502258e+02;6.651589647e-03
3.956672974e+02;8.913130499e-03
3.958843384e+02;6.837834138e-03
3.961014099e+02;6.864440627e-03
3.963184814e+02;8.088333532e-03
3.965355835e+02;6.146068685e-03
3.967526855e+02;5.720367189e-03
3.969697876e+02;5.853399169e-03
3.971869202e+02;5.746973678e-03
3.974040527e+02;6.545164157e-03
3.976211853e+02;5.347878207e-03
3.978383484e+02;6.891047116e-03
3.980555115e+02;7.609418593e-03
3.982726746e+02;6.545164157e-03
3.984898682e+02;8.753492497e-03
3.987070618e+02;9.046162479e-03
3.989242554e+02;9.924171492e-03
3.991414795e+02;6.225888152e-03
3.993587036e+02;9.897565469e-03
3.995759277e+02;6.172675174e-03
3.997931824e+02;7.024078630e-03
4.000104370e+02;7.769056596e-03
4.002276917e+02;9.471863508e-03
4.004449768e+02;7.343355101e-03
4.006622620e+02;7.263536099e-03
4.008795776e+02;7.103897631e-03
4.010968933e+02;4.390049260e-03
4.013142090e+02;7.077291608e-03
4.015315247e+02;6.917653140e-03
4.017488708e+02;8.194758557e-03
4.019662170e+02;6.146068685e-03
4.021835938e+02;8.035120554e-03
4.024009399e+02;8.434215561e-03
4.026183472e+02;9.072768502e-03
4.028357239e+02;9.205800481e-03
4.030531311e+02;6.997472607e-03
4.032705383e+02;1.146734040e-02
4.034879761e+02;9.285619482e-03
4.037054138e+02;9.152587503e-03
4.039228516e+02;8.939736523e-03
4.041402893e+02;8.647066541e-03
4.043577576e+02;7.556206081e-03
4.045752563e+02;8.460822515e-03
4.047927246e+02;6.465345155e-03
4.050102234e+02;8.301183581e-03
4.052277222e+02;6.864440627e-03
4.054452515e+02;7.502993103e-03
4.056627808e+02;6.678196136e-03
4.058803101e+02;9.525076486e-03
4.060978699e+02;6.864440627e-03
4.063154297e+02;1.064254344e-02
4.065329895e+02;8.886523545e-03
4.067505798e+02;7.955301553e-03
4.069681702e+02;9.392044507e-03
4.071857605e+02;1.125448942e-02
4.074033813e+02;9.684714489e-03
4.076210022e+02;1.093521342e-02
4.078386230e+02;1.146734040e-02
4.080562744e+02;7.396567613e-03
4.082739258e+02;9.737927467e-03
4.084915771e+02;9.604895487e-03
4.087092590e+02;9.152587503e-03
4.089269409e+02;7.130504120e-03
4.091446533e+02;7.795663085e-03
4.093623352e+02;8.833311498e-03
4.095800781e+02;7.848875597e-03
4.097977905e+02;9.870959446e-03
4.100155334e+02;1.027005445e-02
4.102332764e+02;1.019023545e-02
4.104510193e+02;1.045629941e-02
4.106687927e+02;1.093521342e-02
4.108865662e+02;8.647066541e-03
4.111043701e+02;9.205800481e-03
4.113221741e+02;1.322336029e-02
4.115399780e+02;1.082878839e-02
4.117577820e+02;1.191964839e-02
4.119756165e+02;1.183982939e-02
4.121934509e+02;1.160037238e-02
4.124113159e+02;1.050951146e-02
4.126291809e+02;1.173340436e-02
4.128470459e+02;1.207928732e-02
4.130649414e+02;1.160037238e-02
4.132828369e+02;9.897565469e-03
4.135007324e+02;1.106824540e-02
4.137186279e+02;1.101503242e-02
4.139365540e+02;1.106824540e-02
4.141545105e+02;1.104163937e-02
4.143724365e+02;1.056272443e-02
4.145903931e+02;1.125448942e-02
4.148083801e+02;1.170679834e-02
4.150263367e+02;1.370227523e-02
4.152443237e+02;1.290408429e-02
4.154623413e+02;1.466010418e-02
4.156803284e+02;1.604363509e-02
4.158983459e+02;1.234535035e-02
4.161163940e+02;1.434082724e-02
4.163344116e+02;1.112145837e-02
4.165524597e+02;1.277105231e-02
4.167705383e+02;1.306372229e-02
4.169885864e+02;1.277105231e-02
4.172066650e+02;1.263802033e-02
4.174247742e+02;1.128109638e-02
4.176428833e+02;1.245177630e-02
4.178609924e+02;1.306372229e-02
4.180791016e+02;1.242516935e-02
4.182972412e+02;1.481974218e-02
4.185153809e+02;1.415458322e-02
4.187335205e+02;1.529865619e-02
4.189516907e+02;1.287747733e-02
4.191698608e+02;1.412797626e-02
4.193880615e+02;1.473992318e-02
4.196062622e+02;1.492616720e-02
4.198244629e+02;1.383530628e-02
4.200426636e+02;1.580417715e-02
4.202608948e+02;1.716110110e-02
4.204791260e+02;1.604363509e-02
4.206973877e+02;1.532526314e-02
4.209156494e+02;1.426100824e-02
4.211339111e+02;1.423440222e-02
4.213521729e+02;1.585738920e-02
4.215704651e+02;1.290408429e-02
4.217887573e+02;1.516562421e-02
4.220070801e+02;1.223892532e-02
4.222254028e+02;1.279765833e-02
4.224437256e+02;1.689503714e-02
4.226620789e+02;1.705467515e-02
4.228804321e+02;1.434082724e-02
4.230987854e+02;1.806571707e-02
4.233171692e+02;1.479313523e-02
4.235355225e+02;1.774644107e-02
4.237539368e+02;1.601702720e-02
4.239723206e+02;1.968870498e-02
4.241907349e+02;1.771983504e-02
4.244091797e+02;1.782626100e-02
4.246275940e+02;1.569775119e-02
4.248460388e+02;1.710788906e-02
4.250645142e+02;1.545829419e-02
4.252829590e+02;1.689503714e-02
4.255014343e+02;1.378209423e-02
4.257199402e+02;1.665558107e-02
4.259384155e+02;1.463349722e-02
4.261569214e+02;1.745377108e-02
4.263754578e+02;1.806571707e-02
4.265939941e+02;1.920979097e-02
4.268125305e+02;1.665558107e-02
4.270310669e+02;1.721431501e-02
4.272496338e+02;1.705467515e-02
4.274682007e+02;1.854463294e-02
4.276867676e+02;1.944924891e-02
4.279053650e+02;2.051350288e-02
4.281239624e+02;2.040707693e-02
4.283425903e+02;1.881069504e-02
4.285611877e+02;2.072635293e-02
4.287798157e+02;1.955567300e-02
4.289984741e+02;2.112544887e-02
4.292171326e+02;1.998137496e-02
4.294357910e+02;1.779965498e-02
4.296544495e+02;2.003458887e-02
4.298731384e+02;1.894372702e-02
4.300918274e+02;2.038047090e-02
4.303105469e+02;1.750698499e-02
4.305292664e+02;2.056671493e-02
4.307479858e+02;2.069974691e-02
4.309667053e+02;2.407875471e-02
4.311854553e+02;2.171078883e-02
4.314042358e+02;2.362644672e-02
4.316229858e+02;2.344020270e-02
4.318417664e+02;2.439803071e-02
4.320605469e+02;2.575495467e-02
4.322793579e+02;2.439803071e-02
4.324981689e+02;2.306771278e-02
4.327169800e+02;2.506319061e-02
4.329358215e+02;2.559531666e-02
4.331546631e+02;2.378608473e-02
4.333735046e+02;2.479712665e-02
4.335923462e+02;2.445124462e-02
4.338112183e+02;2.572834864e-02
4.340301208e+02;2.437142469e-02
4.342489929e+02;2.415857464e-02
4.344678955e+02;2.469070069e-02
4.346868286e+02;2.809631452e-02
4.349057312e+02;2.415857464e-02
4.351246643e+02;2.591459267e-02
4.353436279e+02;2.724491246e-02
4.355625610e+02;2.857523039e-02
4.357815247e+02;2.950645238e-02
4.360005188e+02;2.902753837e-02
4.362194824e+02;2.918717638e-02
4.364384766e+02;3.041106835e-02
4.366575012e+02;2.932020836e-02
4.368765259e+02;3.083677031e-02
4.370955505e+02;3.049088642e-02
4.373145752e+02;2.721830457e-02
4.375336304e+02;2.642011456e-02
4.377526855e+02;3.073034436e-02
4.379717407e+02;2.963948436e-02
4.381908264e+02;2.921378240e-02
4.384099121e+02;2.937342040e-02
4.386290283e+02;3.022482432e-02
4.388481140e+02;3.283224627e-02
4.390672607e+02;3.299188614e-02
4.392863770e+02;3.198084235e-02
4.395055237e+02;3.118265234e-02
4.397246704e+02;3.384329006e-02
4.399438171e+02;3.480111808e-02
4.401629944e+02;3.240654618e-02
4.403821716e+02;3.469469026e-02
4.406013794e+02;3.408274427e-02
4.408205872e+02;3.488093615e-02
4.410397949e+02;3.259278834e-02
4.412590332e+02;3.528003022e-02
4.414782410e+02;3.772781789e-02
4.416975098e+02;3.448184207e-02
4.419167480e+02;3.339098021e-02
4.421360168e+02;3.456166014e-02
4.423552856e+02;3.450844809e-02
4.425745850e+02;3.504057601e-02
4.427938843e+02;3.583876416e-02
4.430131836e+02;3.581215814e-02
4.432325134e+02;3.597179800e-02
4.434518433e+02;3.575894609e-02
4.436711731e+02;3.658374399e-02
4.438905029e+02;3.711587191e-02
4.441098633e+02;3.903152794e-02
4.443292542e+02;4.142609984e-02
4.445486145e+02;3.876546398e-02
4.447680054e+02;3.951044381e-02
4.449874268e+02;4.057469591e-02
4.452068176e+02;4.012238979e-02
4.454262390e+02;4.182519764e-02
4.456456909e+02;3.818012401e-02
4.458651123e+02;4.025541991e-02
4.460845642e+02;4.070772976e-02
4.463040466e+02;4.054808989e-02
4.465234985e+02;3.676998988e-02
4.467429810e+02;3.887189180e-02
4.469624939e+02;3.951044381e-02
4.471819763e+02;4.270320758e-02
4.474014893e+02;4.129306972e-02
4.476210327e+02;4.227750376e-02
4.478405457e+02;4.145270586e-02
4.480601196e+02;4.406012967e-02
4.482796631e+02;4.070772976e-02
4.484992371e+02;4.230410978e-02
4.487188110e+02;4.411334172e-02
4.489383850e+02;4.451243952e-02
4.491579895e+02;4.451243952e-02
4.493775940e+02;4.427298158e-02
4.495972290e+02;4.126646370e-02
4.498168335e+02;4.384727776e-02
4.500364685e+02;4.531062767e-02
4.502561340e+02;4.241053760e-02
4.504757996e+02;4.464546964e-02
4.506954651e+02;4.429958761e-02
4.509151306e+02;4.552347958e-02
4.511348267e+02;4.488492757e-02
4.513545227e+02;4.520420358e-02
4.515742493e+02;4.424637556e-02
4.517939758e+02;4.568311945e-02
4.520137024e+02;4.618863761e-02
4.522334290e+02;4.618863761e-02
4.524531860e+02;4.685379937e-02
4.526729431e+02;4.940800741e-02
4.528927307e+02;4.821072146e-02
4.531125183e+02;4.605560750e-02
4.533323059e+02;4.892909527e-02
4.535521240e+02;4.826393351e-02
4.537719421e+02;4.664094746e-02
4.539917603e+02;4.810429737e-02
4.542115784e+02;5.004655942e-02
4.544314270e+02;4.701343551e-02
4.546513062e+02;4.629506543e-02
4.548711548e+02;4.533723742e-02
4.550910339e+02;4.826393351e-02
4.553109131e+02;4.882266745e-02
4.555308228e+02;4.906212538e-02
4.557507324e+02;4.624185339e-02
4.559706421e+02;5.100439116e-02
4.561905823e+02;5.033922940e-02
4.564105225e+02;5.204203725e-02
4.566304626e+02;5.095117912e-02
4.568504333e+02;4.938140139e-02
4.570704041e+02;5.121723935e-02
4.572903748e+02;5.143009126e-02
4.575103760e+02;4.895570129e-02
4.577303772e+02;4.943461344e-02
4.579503784e+02;4.751895741e-02
4.581704102e+02;5.132366717e-02
4.583904419e+02;4.978049919e-02
4.586104736e+02;5.161633715e-02
4.588305359e+02;4.850339144e-02
4.590505981e+02;4.890248924e-02
4.592706604e+02;4.751895741e-02
4.594907532e+02;4.876945540e-02
4.597108459e+02;4.826393351e-02
4.599309692e+02;4.940800741e-02
4.601510620e+02;5.007316917e-02
4.603711853e+02;5.073832721e-02
4.605913391e+02;5.204203725e-02
4.608114929e+02;5.084475130e-02
4.610316467e+02;5.188240111e-02
4.612518005e+02;5.116402730e-02
4.614719849e+02;4.980710521e-02
4.616921692e+02;5.180257931e-02
4.619123535e+02;5.065850914e-02
4.621325684e+02;4.930158332e-02
4.623527832e+02;4.842357337e-02
4.625730286e+02;5.023280531e-02
4.627932739e+02;4.938140139e-02
4.630135193e+02;4.693361744e-02
4.632337646e+02;4.711986333e-02
4.634540405e+02;4.879606143e-02
4.636743164e+02;4.693361744e-02
4.638946228e+02;4.890248924e-02
4.641149292e+02;4.714646935e-02
4.643352356e+02;4.741253331e-02
4.645555420e+02;5.366502702e-02
4.647758789e+02;4.882266745e-02
4.649962158e+02;4.850339144e-02
4.652165833e+02;4.786483943e-02
4.654369507e+02;4.658773541e-02
4.656573181e+02;4.672076553e-02
4.658777161e+02;4.810429737e-02
4.660980835e+02;4.696022347e-02
4.663185120e+02;4.536384344e-02
4.665389099e+02;4.326193780e-02
4.667593384e+02;4.416655749e-02
4.669797668e+02;4.278302565e-02
4.672002258e+02;4.504456744e-02
4.674206848e+02;4.147931188e-02
4.676411438e+02;4.238393158e-02
4.678616333e+02;4.600239545e-02
4.680821228e+02;4.406012967e-02
4.683026123e+02;4.150592163e-02
4.685231323e+02;4.384727776e-02
4.687436523e+02;4.278302565e-02
4.689641724e+02;4.539044946e-02
4.691847229e+02;4.227750376e-02
4.694052734e+02;4.270320758e-02
4.696258240e+02;4.092058167e-02
4.698464050e+02;4.382067174e-02
4.700669861e+02;4.523080960e-02
4.702875671e+02;4.100039974e-02
4.705081787e+02;4.014899582e-02
4.707287903e+02;3.825994581e-02
4.709494019e+02;4.004257172e-02
4.711700439e+02;3.953704983e-02
4.713906860e+02;3.799388185e-02
4.716113281e+02;3.937740996e-02
4.718320007e+02;3.937740996e-02
4.720526733e+02;3.594519198e-02
4.722733459e+02;3.485433012e-02
4.724940491e+02;3.304509819e-02
4.727147522e+02;3.559930995e-02
4.729354553e+02;3.647731990e-02
4.731561890e+02;3.538645804e-02
4.733769226e+02;3.551948816e-02
4.735976868e+02;3.482772410e-02
4.738184204e+02;3.469469026e-02
4.740391846e+02;3.237994015e-02
4.742599792e+02;3.844618797e-02
4.744807739e+02;3.118265234e-02
4.747015686e+02;3.264600411e-02
4.749223633e+02;3.139550239e-02
4.751431885e+02;3.070373833e-02
4.753640137e+02;2.966609038e-02
4.755848694e+02;2.963948436e-02
4.758056946e+02;2.865504846e-02
4.760265503e+02;2.916056849e-02
4.762474365e+02;2.892111242e-02
4.764683228e+02;2.971930243e-02
4.766892090e+02;2.777703851e-02
4.769100952e+02;3.030464239e-02
4.771310120e+02;2.932020836e-02
4.773519287e+02;2.905414440e-02
4.775728760e+02;2.719169855e-02
4.777938232e+02;2.974590845e-02
4.780147705e+02;2.974590845e-02
4.782357178e+02;2.886789851e-02
4.784566956e+02;2.785685845e-02
4.786777039e+02;2.503658459e-02
4.788986816e+02;2.591459267e-02
4.791196899e+02;2.681921050e-02
4.793406982e+02;2.426499873e-02
4.795617371e+02;2.479712665e-02
4.797827759e+02;2.320074476e-02
4.800038147e+02;2.099241689e-02
4.802248535e+02;2.210988477e-02
4.804459229e+02;2.179060876e-02
4.806670227e+02;2.152454481e-02
4.808880920e+02;2.266861871e-02
4.811091919e+02;2.160436288e-02
4.813302917e+02;2.336038277e-02
4.815514221e+02;2.165757678e-02
4.817725525e+02;2.540907264e-02
4.819936829e+02;1.910336502e-02
4.822148438e+02;2.266861871e-02
4.824360046e+02;2.080617286e-02
4.826571655e+02;2.205667086e-02
4.828783569e+02;1.934282295e-02
4.830995483e+02;1.995476894e-02
4.833207397e+02;2.000798099e-02
4.835419617e+02;2.080617286e-02
4.837631836e+02;1.971531287e-02
4.839844055e+02;2.016762085e-02
4.842056580e+02;1.865105703e-02
4.844269104e+02;1.942264289e-02
4.846481628e+02;1.681521907e-02
4.848694458e+02;1.854463294e-02
4.850907288e+02;1.686843112e-02
4.853120117e+02;1.617666706e-02
4.855333252e+02;1.662897505e-02
4.857546387e+02;1.681521907e-02
4.859759521e+02;1.585738920e-02
4.861972961e+02;1.694825105e-02
4.864186401e+02;1.686843112e-02
4.866399841e+02;1.764001511e-02
4.868613586e+02;1.865105703e-02
4.870827332e+02;1.883730292e-02
4.873041077e+02;1.553811319e-02
4.875255127e+02;1.484634820e-02
4.877469177e+02;1.495277416e-02
4.879683228e+02;1.551150717e-02
4.881897583e+02;1.229213737e-02
4.884111938e+02;1.356924325e-02
4.886326599e+02;1.202607434e-02
4.888540955e+02;1.521883719e-02
4.890755615e+02;1.516562421e-02
4.892970581e+02;1.324996632e-02
4.895185547e+02;1.463349722e-02
4.897400513e+02;1.324996632e-02
4.899615479e+02;1.500598621e-02
4.901830750e+02;1.226553135e-02
4.904046021e+02;1.255820133e-02
4.906261597e+02;1.298390329e-02
4.908476868e+02;1.290408429e-02
4.910692749e+02;1.189304236e-02
4.912908325e+02;1.160037238e-02
4.915124207e+02;1.120127738e-02
4.917340088e+02;1.130770240e-02
4.919555969e+02;1.202607434e-02
4.921772156e+02;9.870959446e-03
4.923988342e+02;9.232406504e-03
4.926204834e+02;8.593853563e-03
4.928421326e+02;9.019555524e-03
4.930637817e+02;1.029666048e-02
4.932854309e+02;1.027005445e-02
4.935071106e+02;9.950778447e-03
4.937287903e+02;1.122788340e-02
4.939505005e+02;1.058933046e-02
4.941722107e+02;1.053611841e-02
4.943939209e+02;9.392044507e-03
4.946156616e+02;1.053611841e-02
4.948373718e+02;9.365438484e-03
4.950591431e+02;1.136091538e-02
4.952808838e+02;8.301183581e-03
4.955026550e+02;1.170679834e-02
4.957244263e+02;9.365438484e-03
4.959462280e+02;8.753492497e-03
4.961680298e+02;6.731408648e-03
4.963898315e+02;8.061726578e-03
4.966116638e+02;5.108420737e-03
4.968334961e+02;9.791140445e-03
4.970553284e+02;5.613941699e-03
4.972771606e+02;6.066249683e-03
4.974990234e+02;4.416655749e-03
4.977209167e+02;7.902088575e-03
4.979427795e+02;6.465345155e-03
4.981646729e+02;6.199281663e-03
4.983865662e+02;7.157110609e-03
4.986084900e+02;6.305707153e-03
4.988304138e+02;5.560729187e-03
4.990523376e+02;6.811228115e-03
4.992742920e+02;5.773579702e-03
4.994962463e+02;7.848875597e-03
4.997182007e+02;6.624983158e-03
4.999401855e+02;7.715844084e-03
5.001621704e+02;5.374484695e-03
5.003841553e+02;6.678196136e-03
5.006061707e+02;5.480909720e-03
5.008281860e+02;4.123985767e-03
5.010502014e+02;6.279100664e-03
5.012722473e+02;5.880005192e-03
5.014942932e+02;4.203804769e-03
5.017163391e+02;4.496474750e-03
5.019384155e+02;4.150591791e-03
5.021604919e+02;2.767061349e-03
5.023825684e+02;4.762538243e-03
5.026046753e+02;5.587335210e-03
5.028267822e+02;4.922176246e-03
5.030488892e+02;5.986430682e-03
5.032710266e+02;4.789144732e-03
5.034931641e+02;4.203804769e-03
5.037153015e+02;5.268059205e-03
5.039374695e+02;4.336836282e-03
5.041596375e+02;4.629506264e-03
5.043818054e+02;6.624983158e-03
5.046040039e+02;4.390049260e-03
5.048262024e+02;3.751496552e-03
5.050484314e+02;2.926699584e-03
5.052706299e+02;4.230411258e-03
5.054928589e+02;2.634029603e-03
5.057151184e+02;3.964347299e-03
5.059373779e+02;3.299188567e-03
5.061596375e+02;4.283623770e-03
5.063818970e+02;3.990953788e-03
5.066041870e+02;4.656112753e-03
5.068264771e+02;5.693760701e-03
5.070487671e+02;4.390049260e-03
5.072710876e+02;4.097379278e-03
5.074934082e+02;5.720367189e-03
5.077157593e+02;4.602900241e-03
5.079380798e+02;5.880005192e-03
5.081604614e+02;5.001995247e-03
5.083828125e+02;4.629506264e-03
5.086051941e+02;5.800186191e-03
5.088275757e+02;3.618464805e-03
5.090499573e+02;3.485433059e-03
5.092723694e+02;3.911134787e-03
5.094947815e+02;1.915657893e-03
5.097172241e+02;3.325794823e-03
5.099396667e+02;3.139550332e-03
5.101621094e+02;4.336836282e-03
5.103845520e+02;3.272582078e-03
5.106070251e+02;4.257017281e-03
5.108294983e+02;2.926699584e-03
5.110520020e+02;3.724890295e-03
5.112745056e+02;4.922176246e-03
5.114970093e+02;6.465345155e-03
5.117195129e+02;3.405614058e-03
5.119420471e+02;5.959824193e-03
5.121646118e+02;6.385526154e-03
5.123871460e+02;4.230411258e-03
5.126096802e+02;4.523081239e-03
5.128322754e+02;5.480909720e-03
5.130548706e+02;4.443261772e-03
5.132774658e+02;2.447785111e-03
5.135000610e+02;3.831315786e-03
5.137226562e+02;2.447785111e-03
5.139452515e+02;2.048689639e-03
5.141679077e+02;5.720367189e-03
5.143905640e+02;2.926699584e-03
5.146132202e+02;2.075295895e-03
5.148358765e+02;4.230411258e-03
5.150585327e+02;4.549687263e-03
5.152812500e+02;2.554210369e-03
5.155039062e+02;3.937741276e-03
5.157266235e+02;2.926699584e-03
5.159493408e+02;4.097379278e-03
5.161720581e+02;1.862445148e-03
5.163947754e+02;6.092856172e-03
5.166175537e+02;3.778103041e-03
5.168402710e+02;6.704802625e-03
5.170630493e+02;5.427697208e-03
5.172858276e+02;4.975389224e-03
5.175086060e+02;2.793667605e-03
5.177314453e+02;3.006518586e-03
5.179542236e+02;3.379007569e-03
5.181770630e+02;3.698283806e-03
5.183999023e+02;2.687242348e-03
5.186227417e+02;2.713848604e-03
5.188455811e+02;3.086337587e-03
5.190684204e+02;3.937741276e-03
5.192912598e+02;3.086337587e-03
5.195141602e+02;4.709325731e-03
5.197370605e+02;5.720367189e-03
5.199599609e+02;4.895570222e-03
5.201828613e+02;4.363442771e-03
5.204057617e+02;3.645071061e-03
5.206287231e+02;5.560729187e-03
5.208516235e+02;6.518558133e-03
5.210745850e+02;5.161633715e-03
5.212975464e+02;3.352401312e-03
5.215205078e+02;6.358919665e-03
5.217435303e+02;2.713848604e-03
5.219664917e+02;2.660635859e-03
5.221895142e+02;7.183717098e-04
5.224125366e+02;3.033124842e-03
5.226355591e+02;1.676200656e-03
5.228585815e+02;3.379007569e-03
5.230816040e+02;1.037647948e-03
5.233046875e+02;4.363442771e-03
5.235277100e+02;5.214846227e-03
5.237507935e+02;6.279100664e-03
5.239738770e+02;4.336836282e-03
5.241969604e+02;5.746973678e-03
5.244201050e+02;3.299188567e-03
5.246431885e+02;7.077291608e-03
5.248663330e+02;5.746973678e-03
5.250894775e+02;5.773579702e-03
5.253126221e+02;5.001995247e-03
5.255357666e+02;6.092856172e-03
5.257589111e+02;3.006518586e-03
5.259821167e+02;4.656112753e-03
5.262053223e+02;4.257017281e-03
5.264285278e+02;5.321271718e-03
5.266517334e+02;3.352401312e-03
5.268749390e+02;2.846880350e-03
5.270981445e+02;2.607423114e-03
5.273214111e+02;3.804709297e-03
5.275446167e+02;2.900093095e-03
5.277678833e+02;7.662631571e-03
5.279911499e+02;3.565252060e-03
5.282144165e+02;5.853399169e-03
5.284377441e+02;4.895570222e-03
5.286610107e+02;5.773579702e-03
5.288843384e+02;3.538645804e-03
5.291076660e+02;6.491951644e-03
5.293309937e+02;4.895570222e-03
5.295543213e+02;4.656112753e-03
5.297777100e+02;5.268059205e-03
5.300010376e+02;6.997472607e-03
5.302244263e+02;3.857922042e-03
5.304478149e+02;5.081814714e-03
5.306712036e+02;1.782626030e-03
5.308945923e+02;4.469868261e-03
5.311179810e+02;2.900093095e-03
5.313414307e+02;2.846880350e-03
5.315648804e+02;4.922176246e-03
5.317883301e+02;1.995476894e-03
5.320117798e+02;3.485433059e-03
5.322352295e+02;5.188240204e-03
5.324586792e+02;3.299188567e-03
5.326821899e+02;5.480909720e-03
5.329057007e+02;3.698283806e-03
5.331291504e+02;7.902088575e-03
5.333527222e+02;5.028601736e-03
5.335762329e+02;8.141545579e-03
5.337997437e+02;4.177198280e-03
5.340233154e+02;6.651589647e-03
5.342468262e+02;2.048689639e-03
5.344703979e+02;5.374484695e-03
5.346939697e+02;3.804709297e-03
5.349176025e+02;5.135027226e-03
5.351411743e+02;2.979912097e-03
5.353648071e+02;5.640548188e-03
5.355883789e+02;3.804709297e-03
5.358120117e+02;3.804709297e-03
5.360356445e+02;2.873486839e-03
5.362593384e+02;5.214846227e-03
5.364829712e+02;4.815750755e-03
5.367066650e+02;4.390049260e-03
5.369302979e+02;5.773579702e-03
5.371539917e+02;5.161633715e-03
5.373776855e+02;4.257017281e-03
5.376014404e+02;5.640548188e-03
5.378251343e+02;5.667154677e-03
5.380488892e+02;3.671677550e-03
5.382726440e+02;3.405614058e-03
5.384963379e+02;5.055208225e-03
5.387201538e+02;3.645071061e-03
5.389439087e+02;2.793667605e-03
5.391676636e+02;3.911134787e-03
5.393914795e+02;5.241452716e-03
5.396152954e+02;1.436743420e-03
5.398391113e+02;5.374484695e-03
5.400629272e+02;4.523081239e-03
5.402867432e+02;4.868963733e-03
5.405105591e+02;3.565252060e-03
5.407344360e+02;4.789144732e-03
5.409583130e+02;4.629506264e-03
5.411821899e+02;4.257017281e-03
5.414060669e+02;6.172675174e-03
5.416299438e+02;6.758015137e-03
5.418538818e+02;4.975389224e-03
5.420777588e+02;5.826792680e-03
5.423016968e+02;4.523081239e-03
5.425256348e+02;4.070772789e-03
5.427495728e+02;6.731408648e-03
5.429735107e+02;3.884528298e-03
5.431975098e+02;4.177198280e-03
5.434214478e+02;4.549687263e-03
5.436454468e+02;4.230411258e-03
5.438694458e+02;1.889051520e-03
5.440934448e+02;4.602900241e-03
5.443174438e+02;4.257017281e-03
5.445415039e+02;3.192763077e-03
5.447655640e+02;4.895570222e-03
5.449895630e+02;4.390049260e-03
5.452136230e+02;6.678196136e-03
5.454376831e+02;5.401090719e-03
5.456618042e+02;5.746973678e-03
5.458858643e+02;6.119462661e-03
5.461099854e+02;5.480909720e-03
5.463341064e+02;6.279100664e-03
5.465582275e+02;5.560729187e-03
5.467823486e+02;4.549687263e-03
5.470064697e+02;5.028601736e-03
5.472306519e+02;2.713848604e-03
5.474547729e+02;3.272582078e-03
5.476789551e+02;4.044166766e-03
5.479031372e+02;5.188240204e-03
5.481273193e+02;2.660635859e-03
5.483515015e+02;5.667154677e-03
5.485757446e+02;4.576293752e-03
5.487999878e+02;3.724890295e-03
5.490241699e+02;5.055208225e-03
5.492484131e+02;4.283623770e-03
5.494726562e+02;4.948782735e-03
5.496969604e+02;7.396567613e-03
5.499212036e+02;4.496474750e-03
5.501455078e+02;5.055208225e-03
5.503698120e+02;3.618464805e-03
5.505941162e+02;4.789144732e-03
5.508184204e+02;4.868963733e-03
5.510427246e+02;5.028601736e-03
5.512670898e+02;5.800186191e-03
5.514913940e+02;4.230411258e-03
5.517157593e+02;2.873486839e-03
5.519401245e+02;2.367965877e-03
5.521644897e+02;3.245975822e-03
5.523889160e+02;3.112944076e-03
5.526132812e+02;2.554210369e-03
5.528377075e+02;4.177198280e-03
5.530621338e+02;4.602900241e-03
5.532865601e+02;6.199281663e-03
5.535109863e+02;4.629506264e-03
5.537354126e+02;6.332313642e-03
5.539598999e+02;5.294665229e-03
5.541843262e+02;6.811228115e-03
5.544088135e+02;5.268059205e-03
5.546333008e+02;7.077291608e-03
5.548577881e+02;6.332313642e-03
5.550823364e+02;7.290142123e-03
5.553068237e+02;4.948782735e-03
5.555313721e+02;4.070772789e-03
5.557559204e+02;3.831315786e-03
5.559804688e+02;4.815750755e-03
5.562050171e+02;4.044166766e-03
5.564295654e+02;3.857922042e-03
5.566541748e+02;4.948782735e-03
5.568787231e+02;5.560729187e-03
5.571033325e+02;3.618464805e-03
5.573279419e+02;4.230411258e-03
5.575525513e+02;5.214846227e-03
5.577772217e+02;4.895570222e-03
5.580018311e+02;3.618464805e-03
5.582265015e+02;4.044166766e-03
5.584511719e+02;5.959824193e-03
5.586758423e+02;8.088333532e-03
5.589005127e+02;6.146068685e-03
5.591251831e+02;4.762538243e-03
5.593499146e+02;5.028601736e-03
5.595745850e+02;6.279100664e-03
5.597993164e+02;4.310230259e-03
5.600240479e+02;4.656112753e-03
5.602488403e+02;4.097379278e-03
5.604735718e+02;3.512039315e-03
5.606983032e+02;2.820274094e-03
5.609230957e+02;6.305707153e-03
5.611478882e+02;2.926699584e-03
5.613726807e+02;3.911134787e-03
5.615974731e+02;6.279100664e-03
5.618223267e+02;6.518558133e-03
5.620471191e+02;4.576293752e-03
5.622719727e+02;7.848875597e-03
5.624968262e+02;5.294665229e-03
5.627216797e+02;7.263536099e-03
5.629465332e+02;4.656112753e-03
5.631713867e+02;6.891047116e-03
5.633963013e+02;4.602900241e-03
5.636211548e+02;5.161633715e-03
5.638460693e+02;6.358919665e-03
5.640709839e+02;5.214846227e-03
5.642958984e+02;4.895570222e-03
5.645208740e+02;5.613941699e-03
5.647457886e+02;3.006518586e-03
5.649707642e+02;5.241452716e-03
5.651957397e+02;4.017560277e-03
5.654207153e+02;4.203804769e-03
5.656456909e+02;4.257017281e-03
5.658707275e+02;3.645071061e-03
5.660957031e+02;3.565252060e-03
5.663207397e+02;5.746973678e-03
5.665457764e+02;3.059731331e-03
5.667708130e+02;5.347878207e-03
5.669958496e+02;6.305707153e-03
5.672208862e+02;7.742450573e-03
5.674459839e+02;6.811228115e-03
5.676710205e+02;4.735931754e-03
5.678961182e+02;6.438738666e-03
5.681212158e+02;5.214846227e-03
5.683463745e+02;4.150591791e-03
5.685714722e+02;5.667154677e-03
5.687966309e+02;4.709325731e-03
5.690217285e+02;4.948782735e-03
5.692468872e+02;3.778103041e-03
5.694720459e+02;4.815750755e-03
5.696972046e+02;4.203804769e-03
5.699224243e+02;5.135027226e-03
5.701475830e+02;5.055208225e-03
5.703728027e+02;5.374484695e-03
5.705980225e+02;3.485433059e-03
5.708232422e+02;6.225888152e-03
5.710484619e+02;5.826792680e-03
5.712736816e+02;7.476387080e-03
5.714989624e+02;7.423174102e-03
5.717242432e+02;7.396567613e-03
5.719495239e+02;6.491951644e-03
5.721748047e+02;5.667154677e-03
5.724000854e+02;3.538645804e-03
5.726253662e+02;5.906611681e-03
5.728507080e+02;5.906611681e-03
5.730760498e+02;4.735931754e-03
5.733013306e+02;4.842357244e-03
5.735266724e+02;3.299188567e-03
5.737520752e+02;5.321271718e-03
5.739774170e+02;6.491951644e-03
5.742028198e+02;4.922176246e-03
5.744281616e+02;6.225888152e-03
5.746535645e+02;5.959824193e-03
5.748789673e+02;6.119462661e-03
5.751043701e+02;5.880005192e-03
5.753298340e+02;7.423174102e-03
5.755552368e+02;3.778103041e-03
5.757807007e+02;7.529599592e-03
5.760061646e+02;6.252494175e-03
5.762316284e+02;8.647066541e-03
5.764570923e+02;6.119462661e-03
5.766826172e+02;5.480909720e-03
5.769080811e+02;6.864440627e-03
5.771336060e+02;5.108420737e-03
5.773591309e+02;5.294665229e-03
5.775846558e+02;6.891047116e-03
5.778101807e+02;6.997472607e-03
5.780357666e+02;8.886523545e-03
5.782612915e+02;7.423174102e-03
5.784868774e+02;8.726885542e-03
5.787124634e+02;8.886523545e-03
5.789380493e+02;1.085539442e-02
5.791636353e+02;1.045629941e-02
5.793892212e+02;1.160037238e-02
5.796148682e+02;1.481974218e-02
5.798405151e+02;1.364906225e-02
5.800661621e+02;1.665558107e-02
5.802918091e+02;1.372888125e-02
5.805174561e+02;1.793268509e-02
5.807431030e+02;1.803911105e-02
5.809688110e+02;1.889051497e-02
5.811944580e+02;2.003458887e-02
5.814201660e+02;1.990155689e-02
5.816458740e+02;2.200345881e-02
5.818716431e+02;2.349341474e-02
5.820973511e+02;2.514300868e-02
5.823231201e+02;3.011839837e-02
5.825488281e+02;3.025143035e-02
5.827745972e+02;3.754157200e-02
5.830003662e+02;3.666356206e-02
5.832261963e+02;4.044166580e-02
5.834519653e+02;4.387388751e-02
5.836777344e+02;4.440601170e-02
5.839035645e+02;5.310629308e-02
5.841293945e+02;5.073832721e-02
5.843552246e+02;5.664493889e-02
5.845810547e+02;6.140747666e-02
5.848069458e+02;6.454702467e-02
5.850327759e+02;6.760675460e-02
5.852586670e+02;7.154449821e-02
5.854845581e+02;7.630703598e-02
5.857104492e+02;8.271916956e-02
5.859363403e+02;8.660370111e-02
5.861622925e+02;9.320207685e-02
5.863881836e+02;9.400026500e-02
5.866141357e+02;1.016096845e-01
5.868400879e+02;1.075429022e-01
5.870660400e+02;1.152321398e-01
5.872919922e+02;1.228149533e-01
5.875180054e+02;1.282160431e-01
5.877439575e+02;1.348144263e-01
5.879699707e+02;1.370227486e-01
5.881959839e+02;1.469203085e-01
5.884219971e+02;1.537315398e-01
5.886480103e+02;1.611281037e-01
5.888740234e+02;1.661301106e-01
5.891000977e+02;1.754689366e-01
5.893261719e+02;1.797791719e-01
5.895522461e+02;1.856857836e-01
5.897783203e+02;1.994146556e-01
5.900043945e+02;1.997871548e-01
5.902304688e+02;2.108553946e-01
5.904566040e+02;2.137554884e-01
5.906827393e+02;2.255687118e-01
5.909088135e+02;2.357057333e-01
5.911350098e+02;2.357855588e-01
5.913611450e+02;2.457363307e-01
5.915872803e+02;2.561128139e-01
5.918134766e+02;2.620726228e-01
5.920396118e+02;2.682985365e-01
5.922658081e+02;2.767061293e-01
5.924920044e+02;2.859651446e-01
5.927182617e+02;2.933883071e-01
5.929444580e+02;2.998802662e-01
5.931707153e+02;3.095649779e-01
5.933969116e+02;3.183184862e-01
5.936231689e+02;3.224158585e-01
5.938494263e+02;3.291738629e-01
5.940757446e+02;3.376879096e-01
5.943020020e+02;3.428495526e-01
5.945282593e+02;3.522681892e-01
5.947545776e+02;3.617134392e-01
5.949808960e+02;3.678328991e-01
5.952072144e+02;3.719036877e-01
5.954335327e+02;3.743780851e-01
5.956599121e+02;3.874417841e-01
5.958862305e+02;3.983504176e-01
5.961126099e+02;4.018890560e-01
5.963389893e+02;4.128774703e-01
5.965653687e+02;4.138087034e-01
5.967917480e+02;4.203006625e-01
5.970181885e+02;4.336038232e-01
5.972445679e+02;4.395636618e-01
5.974710083e+02;4.423041046e-01
5.976974487e+02;4.520952404e-01
5.979238892e+02;4.627377987e-01
5.981503296e+02;4.723692834e-01
5.983768311e+02;4.703206122e-01
5.986032715e+02;4.742583334e-01
5.988297729e+02;4.847146571e-01
5.990562744e+02;4.961021543e-01
5.992827759e+02;4.967939258e-01
5.995092773e+02;5.005454421e-01
5.997357788e+02;5.083410740e-01
5.999623413e+02;5.117201209e-01
6.001889038e+02;5.280297995e-01
6.004154663e+02;5.335106850e-01
6.006420288e+02;5.357988477e-01
6.008685913e+02;5.394173265e-01
6.010951538e+02;5.423440337e-01
6.013217773e+02;5.492084622e-01
6.015484009e+02;5.502727032e-01
6.017749634e+02;5.610749125e-01
6.020015869e+02;5.615538359e-01
6.022282715e+02;5.765331984e-01
6.024548950e+02;5.778635144e-01
6.026815796e+02;5.861114860e-01
6.029082031e+02;5.881601572e-01
6.031348877e+02;5.961952806e-01
6.033615723e+02;5.978714824e-01
6.035883179e+02;6.041771770e-01
6.038150024e+02;6.131169200e-01
6.040416870e+02;6.199547648e-01
6.042684326e+02;6.212052703e-01
6.044951782e+02;6.231741309e-01
6.047219238e+02;6.252760291e-01
6.049486694e+02;6.326991916e-01
6.051754761e+02;6.395636797e-01
6.054022217e+02;6.461088061e-01
6.056290283e+02;6.491419673e-01
6.058558350e+02;6.548357010e-01
6.060826416e+02;6.566449404e-01
6.063094482e+02;6.639617085e-01
6.065363159e+02;6.733271480e-01
6.067631226e+02;6.714114547e-01
6.069899902e+02;6.779832244e-01
6.072168579e+02;6.806438565e-01
6.074437256e+02;6.831448674e-01
6.076705933e+02;6.885725856e-01
6.078974609e+02;6.918717623e-01
6.081243896e+02;6.971930265e-01
6.083513184e+02;6.997472644e-01
6.085781860e+02;7.067180872e-01
6.088051147e+02;7.091392875e-01
6.090321045e+02;7.142477036e-01
6.092590332e+02;7.108420730e-01
6.094860229e+02;7.162963748e-01
6.097129517e+02;7.245177627e-01
6.099399414e+02;7.278435826e-01
6.101669312e+02;7.273114324e-01
6.103939209e+02;7.357456684e-01
6.106209717e+02;7.331648469e-01
6.108479614e+02;7.440202236e-01
6.110750122e+02;7.374750376e-01
6.113020630e+02;7.429559827e-01
6.115291138e+02;7.515498400e-01
6.117561646e+02;7.487295270e-01
6.119832764e+02;7.684714794e-01
6.122103271e+02;7.637887597e-01
6.124374390e+02;7.668218613e-01
6.126645508e+02;7.657310367e-01
6.128916626e+02;7.781295776e-01
6.131187744e+02;7.715045810e-01
6.133458862e+02;7.779433131e-01
6.135730591e+02;7.708394527e-01
6.138002319e+02;7.862445116e-01
6.140273438e+02;7.832912207e-01
6.142545166e+02;7.792204618e-01
6.144817505e+02;7.853133082e-01
6.147089233e+02;7.874417901e-01
6.149361572e+02;7.944126725e-01
6.151633301e+02;7.964879870e-01
6.153905640e+02;8.024743795e-01
6.156177979e+02;7.985100150e-01
6.158450317e+02;8.010376692e-01
6.160723267e+02;8.087534904e-01
6.162995605e+02;8.180923462e-01
6.165268555e+02;8.181189299e-01
6.167541504e+02;8.195290565e-01
6.169814453e+02;8.162032962e-01
6.172087402e+02;8.243980408e-01
6.174360352e+02;8.172143102e-01
6.176633911e+02;8.225888014e-01
6.178907471e+02;8.245044351e-01
6.181180420e+02;8.267660141e-01
6.183453979e+02;8.311294317e-01
6.185728149e+02;8.290807605e-01
6.188001709e+02;8.361580372e-01
6.190275879e+02;8.390049338e-01
6.192549438e+02;8.436344266e-01
6.194823608e+02;8.367965817e-01
6.197097778e+02;8.394572139e-01
6.199371948e+02;8.472262621e-01
6.201646729e+02;8.441931605e-01
6.203920898e+02;8.455500603e-01
6.206195679e+02;8.546494842e-01
6.208470459e+02;8.482905626e-01
6.210745239e+02;8.593587875e-01
6.213020020e+02;8.565118909e-01
6.215294800e+02;8.543834090e-01
6.217570190e+02;8.417187929e-01
6.219844971e+02;8.579220176e-01
6.222120361e+02;8.579486609e-01
6.224395752e+02;8.591725230e-01
6.226671143e+02;8.533191681e-01
6.228947144e+02;8.626579642e-01
6.231222534e+02;8.636423945e-01
6.233498535e+02;8.686444163e-01
6.235774536e+02;8.589065075e-01
6.238050537e+02;8.772116303e-01
6.240326538e+02;8.601303697e-01
6.242602539e+02;8.754822612e-01
6.244879150e+02;8.733271360e-01
6.247155762e+02;8.695756197e-01
6.249431763e+02;8.710123897e-01
6.251708374e+02;8.756152987e-01
6.253985596e+02;8.713050485e-01
6.256262207e+02;8.864706755e-01
6.258538818e+02;8.712252378e-01
6.260816040e+02;8.791006804e-01
6.263093262e+02;8.869229555e-01
6.265370483e+02;8.882001042e-01
6.267647705e+02;8.875349164e-01
6.269924927e+02;8.836237788e-01
6.272202759e+02;8.882799149e-01
6.274480591e+02;8.776639700e-01
6.276757812e+02;8.891578913e-01
6.279035645e+02;8.919515610e-01
6.281314087e+02;8.947186470e-01
6.283591919e+02;8.877211809e-01
6.285869751e+02;8.903020024e-01
6.288148193e+02;8.981508613e-01
6.290426636e+02;8.979380131e-01
6.292705078e+02;8.911267519e-01
6.294983521e+02;9.008913040e-01
6.297261963e+02;8.929892182e-01
6.299541016e+02;9.004390240e-01
6.301819458e+02;8.946388364e-01
6.304098511e+02;8.924837112e-01
6.306377563e+02;9.021152258e-01
6.308656616e+02;9.032326937e-01
6.310936279e+02;8.978315592e-01
6.313215332e+02;8.994545937e-01
6.315494995e+02;9.013968110e-01
6.317774658e+02;9.124384522e-01
6.320054321e+02;9.009977579e-01
6.322333984e+02;9.083676934e-01
6.324613647e+02;9.056006670e-01
6.326893921e+02;9.095117450e-01
6.329173584e+02;9.081016183e-01
6.331453857e+02;9.085539579e-01
6.333734131e+02;9.091659188e-01
6.336014404e+02;9.144871831e-01
6.338294678e+02;9.124118686e-01
6.340575562e+02;9.133430719e-01
6.342855835e+02;9.030996561e-01
6.345136719e+02;9.091392756e-01
6.347417603e+02;9.119861722e-01
6.349698486e+02;9.183184505e-01
6.351979980e+02;9.118797183e-01
6.354260864e+02;9.142743349e-01
6.356542358e+02;9.131302238e-01
6.358823853e+02;9.176533222e-01
6.361105347e+02;9.266728759e-01
6.363386841e+02;9.213516116e-01
6.365668335e+02;9.149394631e-01
6.367949829e+02;9.252361059e-01
6.370231934e+02;9.262471795e-01
6.372514038e+02;9.281362295e-01
6.374796143e+02;9.136357307e-01
6.377078247e+02;9.238792062e-01
6.379360352e+02;9.238259792e-01
6.381643066e+02;9.348676205e-01
6.383925171e+02;9.217773080e-01
6.386207886e+02;9.298922420e-01
6.388490601e+02;9.189836383e-01
6.390773315e+02;9.370227456e-01
6.393056030e+02;9.325528741e-01
6.395339355e+02;9.313821793e-01
6.397622070e+02;9.299720526e-01
6.399905396e+02;9.476509690e-01
6.402188721e+02;9.285831451e-01
6.404472046e+02;9.283242822e-01
6.406755371e+02;9.372231364e-01
6.409039307e+02;9.379249215e-01
6.411323242e+02;9.475609064e-01
6.413606567e+02;9.537800550e-01
6.415890503e+02;9.441030025e-01
6.418174438e+02;9.405305386e-01
6.420458984e+02;9.489935040e-01
6.422742920e+02;9.467320442e-01
6.425027466e+02;9.375113249e-01
6.427311401e+02;9.426905513e-01
6.429595947e+02;9.543383718e-01
6.431880493e+02;9.381729364e-01
6.434165649e+02;9.197474718e-01
6.436450195e+02;9.300453067e-01
6.438735352e+02;9.420289397e-01
6.441019897e+02;9.473012090e-01
6.443305054e+02;9.352819920e-01
6.445590210e+02;9.395812750e-01
6.447875977e+02;9.313673973e-01
6.450161133e+02;9.450078011e-01
6.452446899e+02;9.323694110e-01
6.454732056e+02;9.329180121e-01
6.457017822e+02;9.211515188e-01
6.459303589e+02;9.487248659e-01
6.461589966e+02;9.371945858e-01
6.463875732e+02;9.247810245e-01
6.466162109e+02;9.414293766e-01
6.468447876e+02;9.390687346e-01
6.470734253e+02;9.265102148e-01
6.473020630e+02;9.464489818e-01
6.475307617e+02;9.490841031e-01
6.477593994e+02;9.530121088e-01
6.479880981e+02;9.455676675e-01
6.482167358e+02;9.415870905e-01
6.484454346e+02;9.508780837e-01
6.486741333e+02;9.211952090e-01
6.489028320e+02;9.373018742e-01
6.491315918e+02;9.427347183e-01
6.493602905e+02;9.284819961e-01
6.495890503e+02;9.346547723e-01
6.498178101e+02;9.281096458e-01
6.500465698e+02;9.370759726e-01
6.502753296e+02;9.279233813e-01
6.505041504e+02;9.280830026e-01
6.507329102e+02;9.230278134e-01
6.509617310e+02;9.266196489e-01
6.511905518e+02;9.207130671e-01
6.514193726e+02;9.203671813e-01
6.516481934e+02;9.159505367e-01
6.518770142e+02;9.179726243e-01
6.521058960e+02;9.129173756e-01
6.523347778e+02;9.181588292e-01
6.525636597e+02;9.146468043e-01
6.527925415e+02;9.173606634e-01
6.530214233e+02;9.141146541e-01
6.532503052e+02;9.229745865e-01
6.534792480e+02;9.195689559e-01
6.537081299e+02;9.204469919e-01
6.539370728e+02;9.134761095e-01
6.541660156e+02;9.239856601e-01
6.543949585e+02;9.202075005e-01
6.546239624e+02;9.136357307e-01
6.548529053e+02;9.162431955e-01
6.550819092e+02;9.216442704e-01
6.553109131e+02;9.159238935e-01
6.555399170e+02;9.131568670e-01
6.557689209e+02;9.256884456e-01
6.559979248e+02;9.181854725e-01
6.562269897e+02;9.213249683e-01
6.564560547e+02;9.222562313e-01
6.566851196e+02;9.155780077e-01
6.569141846e+02;9.185047150e-01
6.571432495e+02;9.110283256e-01
6.573723145e+02;9.105228186e-01
6.576014404e+02;9.107090831e-01
6.578305054e+02;9.116935134e-01
6.580596313e+02;9.160037041e-01
6.582887573e+02;9.121457934e-01
6.585178833e+02;9.102833867e-01
6.587470703e+02;9.058666825e-01
6.589761963e+02;9.068777561e-01
6.592053833e+02;9.131834507e-01
6.594345703e+02;9.128375649e-01
6.596637573e+02;9.082080722e-01
6.598929443e+02;9.051749110e-01
6.601221313e+02;9.070107937e-01
6.603513794e+02;8.935479522e-01
6.605805664e+02;8.977783918e-01
6.608098145e+02;9.080218077e-01
6.610390625e+02;9.065318704e-01
6.612683105e+02;8.972196579e-01
6.614975586e+02;9.028069973e-01
6.617268677e+02;9.074897170e-01
6.619561768e+02;9.055207968e-01
6.621854248e+02;8.994279504e-01
6.624147339e+02;8.992417455e-01
6.626441040e+02;8.893441558e-01
6.628734131e+02;9.075428843e-01
6.631027222e+02;8.965810537e-01
6.633320923e+02;8.972462416e-01
6.635614624e+02;8.961021900e-01
6.637908325e+02;9.012371898e-01
6.640202026e+02;8.895835876e-01
6.642495728e+02;8.992151022e-01
6.644790039e+02;8.980444074e-01
6.647083740e+02;9.043235183e-01
6.649378052e+02;8.910203576e-01
6.651672363e+02;8.892909288e-01
6.653966675e+02;8.948250413e-01
6.656260986e+02;9.003592134e-01
6.658555908e+02;8.875881433e-01
6.660850220e+02;9.017959237e-01
6.663145142e+02;8.863908648e-01
6.665440063e+02;8.899561167e-01
6.667734985e+02;8.876945376e-01
6.670030518e+02;8.862844110e-01
6.672325439e+02;8.874816895e-01
6.674620972e+02;8.918185234e-01
6.676915894e+02;8.913396597e-01
6.679211426e+02;8.832778931e-01
6.681506958e+02;8.936544061e-01
6.683803101e+02;8.941066861e-01
6.686098633e+02;8.875881433e-01
6.688394775e+02;8.904083967e-01
6.690690308e+02;8.855394721e-01
6.692986450e+02;8.854064345e-01
6.695282593e+02;8.850871325e-01
6.697579346e+02;8.916323185e-01
6.699875488e+02;8.818411827e-01
6.702172241e+02;8.791273236e-01
6.704468384e+02;8.777970076e-01
6.706765137e+02;8.823466897e-01
6.709061890e+02;8.818145394e-01
6.711359253e+02;8.885991573e-01
6.713656006e+02;8.789144754e-01
6.715953369e+02;8.893175721e-01
6.718250122e+02;8.905946612e-01
6.720547485e+02;8.912597895e-01
6.722844849e+02;8.833577037e-01
6.725142822e+02;8.816283345e-01
6.727440186e+02;8.775043488e-01
6.729738159e+02;8.867899179e-01
6.732035522e+02;8.758547306e-01
6.734333496e+02;8.847678304e-01
6.736631470e+02;8.811227679e-01
6.738929443e+02;8.719170094e-01
6.741228027e+02;8.797126412e-01
6.743526001e+02;8.818411827e-01
6.745824585e+02;8.756152987e-01
6.748123169e+02;8.738858700e-01
6.750421753e+02;8.745244145e-01
6.752720337e+02;8.827191591e-01
6.755019531e+02;8.795530200e-01
6.757318115e+02;8.852467537e-01
6.759617310e+02;8.754556179e-01
6.761916504e+02;8.712518215e-01
6.764215698e+02;8.780098557e-01
6.766514893e+02;8.827191591e-01
6.768814087e+02;8.776905537e-01
6.771113892e+02;8.852201700e-01
6.773413696e+02;8.747638464e-01
6.775712891e+02;8.867633343e-01
6.778012695e+02;8.788612485e-01
6.780313110e+02;8.856724501e-01
6.782612915e+02;8.803778291e-01
6.784912720e+02;8.811494112e-01
6.787213135e+02;8.764400482e-01
6.789513550e+02;8.812824488e-01
6.791813965e+02;8.685113788e-01
6.794114380e+02;8.722096682e-01
6.796415405e+02;8.774244785e-01
6.798715820e+02;8.757749200e-01
6.801016846e+02;8.726087809e-01
6.803317871e+02;8.775841594e-01
6.805618896e+02;8.683251143e-01
6.807919922e+02;8.731142879e-01
6.810220947e+02;8.808035254e-01
6.812522583e+02;8.773713112e-01
6.814823608e+02;8.780364394e-01
6.817125244e+02;8.768923879e-01
6.819426880e+02;8.802713752e-01
6.821728516e+02;8.712784648e-01
6.824030151e+02;8.688572645e-01
6.826332397e+02;8.655048609e-01
6.828634644e+02;8.738060594e-01
6.830936279e+02;8.750565648e-01
6.833238525e+02;8.719435930e-01
6.835540771e+02;8.673939109e-01
6.837843628e+02;8.777970076e-01
6.840145874e+02;8.730610609e-01
6.842448730e+02;8.696554303e-01
6.844751587e+02;8.739390969e-01
6.847054443e+02;8.719701767e-01
6.849357300e+02;8.725023270e-01
6.851660156e+02;8.749501109e-01
6.853963623e+02;8.649993539e-01
6.856266479e+02;8.717573285e-01
6.858569946e+02;8.683783412e-01
6.860873413e+02;8.716775179e-01
6.863176880e+02;8.648396730e-01
6.865480347e+02;8.650525212e-01
6.867784424e+02;8.778235912e-01
6.870087891e+02;8.601303697e-01
6.872391968e+02;8.631103039e-01
6.874696045e+02;8.658241034e-01
6.877000122e+02;8.638818860e-01
6.879304199e+02;8.560861945e-01
6.881608887e+02;8.655314445e-01
6.883912964e+02;8.565385342e-01
6.886217651e+02;8.610084057e-01
6.888522339e+02;8.643873930e-01
6.890827026e+02;8.652387857e-01
6.893131714e+02;8.698416948e-01
6.895437012e+02;8.628708124e-01
6.897741699e+02;8.598377109e-01
6.900046997e+02;8.653185964e-01
6.902352295e+02;8.562724590e-01
6.904657593e+02;8.568577766e-01
6.906962891e+02;8.541705608e-01
6.909268799e+02;8.575229645e-01
6.911574097e+02;8.444858193e-01
6.913880005e+02;8.574431539e-01
6.916185913e+02;8.565118909e-01
6.918491821e+02;8.468272090e-01
6.920797729e+02;8.531063199e-01
6.923104248e+02;8.555008769e-01
6.925410156e+02;8.519356251e-01
6.927716675e+02;8.539044857e-01
6.930023193e+02;8.464015126e-01
6.932329712e+02;8.520952463e-01
6.934636230e+02;8.494346142e-01
6.936942749e+02;8.465079069e-01
6.939249878e+02;8.505786657e-01
6.941557007e+02;8.521484733e-01
6.943864136e+02;8.454702497e-01
6.946171265e+02;8.418784142e-01
6.948478394e+02;8.494346142e-01
6.950785522e+02;8.377810121e-01
6.953093262e+02;8.513768911e-01
6.955400391e+02;8.458959460e-01
6.957708130e+02;8.409472108e-01
6.960015869e+02;8.470400572e-01
6.962323608e+02;8.340561390e-01
6.964631958e+02;8.436610103e-01
6.966939697e+02;8.444592357e-01
6.969248047e+02;8.308633566e-01
6.971556396e+02;8.430756927e-01
6.973864746e+02;8.344286084e-01
6.976173096e+02;8.396700621e-01
6.978481445e+02;8.294266462e-01
6.980790405e+02;8.407609463e-01
6.983099365e+02;8.418251872e-01
6.985407715e+02;8.366635442e-01
6.987716675e+02;8.315551281e-01
6.990025635e+02;8.348011374e-01
6.992335205e+02;8.347213268e-01
6.994644165e+02;8.420380354e-01
6.996953735e+02;8.354662657e-01
6.999263306e+02;8.386058211e-01
7.001572876e+02;8.448583484e-01
7.003882446e+02;8.418784142e-01
7.006192017e+02;8.386324048e-01
7.008502197e+02;8.361846209e-01
7.010811768e+02;8.382333517e-01
7.013121948e+02;8.344552517e-01
7.015432129e+02;8.307569623e-01
7.017742310e+02;8.368232250e-01
7.020052490e+02;8.318744302e-01
7.022363281e+02;8.268191814e-01
7.024674072e+02;8.315285444e-01
7.026984253e+02;8.391379714e-01
7.029295044e+02;8.396700621e-01
7.031605835e+02;8.389782906e-01
7.033917236e+02;8.392177820e-01
7.036228027e+02;8.382865787e-01
7.038539429e+02;8.257815838e-01
7.040850220e+02;8.305441141e-01
7.043161621e+02;8.400425911e-01
7.045473022e+02;8.298256993e-01
7.047785034e+02;8.322203159e-01
7.050096436e+02;8.365039229e-01
7.052408447e+02;8.355194926e-01
7.054719849e+02;8.301715851e-01
7.057031860e+02;8.360782266e-01
7.059343872e+02;8.398563266e-01
7.061656494e+02;8.342689872e-01
7.063968506e+02;8.354130387e-01
7.066281128e+02;8.276706338e-01
7.068593140e+02;8.326725960e-01
7.070905762e+02;8.350937963e-01
7.073218384e+02;8.407875299e-01
7.075531616e+02;8.316349387e-01
7.077844238e+02;8.337634802e-01
7.080157471e+02;8.361846209e-01
7.082470093e+02;8.320340514e-01
7.084783325e+02;8.270320892e-01
7.087096558e+02;8.314220905e-01
7.089409790e+02;8.386324048e-01
7.091723633e+02;8.299055696e-01
7.094036865e+02;8.290009499e-01
7.096350708e+02;8.292137980e-01
7.098664551e+02;8.349341750e-01
7.100978394e+02;8.254622817e-01
7.103292236e+02;8.264201283e-01
7.105606689e+02;8.369828463e-01
7.107920532e+02;8.242384195e-01
7.110234985e+02;8.325395584e-01
7.112549438e+02;8.255420923e-01
7.114863892e+02;8.334175944e-01
7.117178345e+02;8.276706338e-01
7.119492798e+02;8.313955069e-01
7.121807861e+02;8.267660141e-01
7.124122314e+02;8.287082911e-01
7.126437378e+02;8.174803853e-01
7.128752441e+02;8.308899999e-01
7.131067505e+02;8.162298799e-01
7.133383179e+02;8.119728565e-01
7.135698242e+02;8.168418407e-01
7.138013916e+02;8.092324138e-01
7.140329590e+02;8.128242493e-01
7.142645264e+02;8.137820959e-01
7.144960938e+02;8.058534265e-01
7.147276611e+02;8.166289926e-01
7.149592896e+02;8.109618425e-01
7.151908569e+02;8.008779883e-01
7.154224854e+02;8.019688725e-01
7.156541138e+02;8.046295047e-01
7.158857422e+02;7.977118492e-01
7.161173706e+02;8.016762137e-01
7.163490601e+02;7.957164049e-01
7.165806885e+02;8.098975420e-01
7.168123779e+02;7.939603329e-01
7.170440674e+02;7.964347601e-01
7.172757568e+02;7.887188792e-01
7.175075073e+02;7.817480564e-01
7.177391968e+02;7.807636261e-01
7.179709473e+02;7.968072295e-01
7.182026367e+02;7.829719186e-01
7.184343872e+02;7.852866650e-01
7.186661377e+02;7.837701440e-01
7.188979492e+02;7.754955292e-01
7.191296997e+02;7.749367952e-01
7.193615112e+02;7.747771740e-01
7.195933228e+02;7.680723667e-01
7.198250732e+02;7.662099004e-01
7.200569458e+02;7.683916688e-01
7.202887573e+02;7.666888237e-01
7.205205688e+02;7.706531882e-01
7.207524414e+02;7.603033185e-01
7.209842529e+02;7.659438848e-01
7.212161255e+02;7.642942667e-01
7.214479980e+02;7.594519258e-01
7.216799316e+02;7.618730664e-01
7.219118042e+02;7.536250949e-01
7.221437378e+02;7.618730664e-01
7.223756104e+02;7.480643988e-01
7.226075439e+02;7.554875612e-01
7.228394775e+02;7.502195239e-01
7.230714111e+02;7.521085739e-01
7.233034058e+02;7.492350936e-01
7.235353394e+02;7.554343343e-01
7.237673340e+02;7.443395257e-01
7.239993286e+02;7.465212345e-01
7.242313232e+02;7.368897200e-01
7.244633179e+02;7.376080751e-01
7.246953735e+02;7.367832661e-01
7.249273682e+02;7.365438342e-01
7.251594238e+02;7.416788340e-01
7.253914795e+02;7.384328842e-01
7.256235352e+02;7.317813039e-01
7.258555908e+02;7.342556715e-01
7.260876465e+02;7.307436466e-01
7.263197632e+02;7.376878858e-01
7.265518188e+02;7.243847251e-01
7.267839355e+02;7.289344072e-01
7.270160522e+02;7.232140303e-01
7.272481689e+02;7.239058018e-01
7.274803467e+02;7.192230821e-01
7.277124634e+02;7.154183984e-01
7.279446411e+02;7.174670696e-01
7.281768188e+02;7.095915675e-01
7.284089355e+02;7.131834626e-01
7.286411743e+02;7.154716253e-01
7.288733521e+02;7.131834626e-01
7.291055298e+02;7.136091590e-01
7.293377686e+02;7.074365020e-01
7.295700073e+02;7.054144144e-01
7.298022461e+02;7.144871354e-01
7.300344849e+02;7.127311230e-01
7.302667236e+02;7.075694799e-01
7.304990234e+02;7.061061859e-01
7.307312622e+02;7.025675178e-01
7.309635620e+02;7.058401108e-01
7.311958618e+02;7.008380890e-01
7.314281616e+02;6.993481517e-01
7.316604614e+02;6.966608763e-01
7.318928223e+02;6.980178356e-01
7.321251221e+02;6.955966353e-01
7.323574829e+02;6.917653084e-01
7.325898438e+02;6.896368265e-01
7.328222046e+02;6.891844869e-01
7.330545654e+02;6.849806905e-01
7.332869873e+02;6.905148625e-01
7.335193481e+02;6.843687892e-01
7.337517700e+02;6.856991053e-01
7.339841919e+02;6.825063229e-01
7.342166138e+02;6.753492355e-01
7.344490356e+02;6.817347407e-01
7.346815186e+02;6.883065104e-01
7.349139404e+02;6.715710759e-01
7.351464233e+02;6.664893031e-01
7.353789062e+02;6.621790528e-01
7.356113892e+02;6.689636707e-01
7.358438721e+02;6.673141122e-01
7.360763550e+02;6.725555658e-01
7.363088989e+02;6.677398086e-01
7.365414429e+02;6.643607616e-01
7.367739258e+02;6.615670919e-01
7.370065308e+02;6.581615210e-01
7.372390747e+02;6.522815228e-01
7.374716187e+02;6.603964567e-01
7.377042236e+02;6.512172222e-01
7.379367676e+02;6.553146243e-01
7.381693726e+02;6.459226012e-01
7.384019775e+02;6.511640549e-01
7.386345825e+02;6.489024758e-01
7.388672485e+02;6.511640549e-01
7.390998535e+02;6.385260224e-01
7.393325195e+02;6.493813992e-01
7.395651855e+02;6.370626688e-01
7.397978516e+02;6.452308297e-01
7.400305176e+02;6.419848204e-01
7.402631836e+02;6.451776028e-01
7.404959106e+02;6.323267221e-01
7.407285767e+02;6.357057095e-01
7.409613037e+02;6.267393827e-01
7.411940308e+02;6.289743185e-01
7.414267578e+02;6.268724203e-01
7.416594849e+02;6.311560273e-01
7.418922729e+02;6.283623576e-01
7.421250000e+02;6.302780509e-01
7.423577881e+02;6.191299558e-01
7.425905762e+02;6.114407182e-01
7.428233643e+02;6.210456491e-01
7.430562134e+02;6.211786866e-01
7.432890015e+02;6.196088791e-01
7.435218506e+02;6.225090027e-01
7.437546387e+02;6.132499576e-01
7.439874878e+02;6.154050827e-01
7.442203369e+02;6.088067293e-01
7.444532471e+02;6.066781878e-01
7.446860962e+02;6.014367342e-01
7.449190063e+02;6.058533788e-01
7.451518555e+02;6.036184430e-01
7.453847656e+02;6.029533148e-01
7.456176758e+02;6.011973023e-01
7.458506470e+02;6.020486951e-01
7.460835571e+02;5.976852179e-01
7.463164673e+02;6.026872396e-01
7.465494385e+02;5.953704715e-01
7.467824097e+02;5.912464857e-01
7.470153809e+02;5.899161696e-01
7.472483521e+02;5.935878754e-01
7.474813843e+02;5.859252214e-01
7.477143555e+02;5.876812339e-01
7.479473877e+02;5.872821808e-01
7.481804199e+02;5.911400914e-01
7.484134521e+02;5.852866769e-01
7.486464844e+02;5.854462981e-01
7.488795166e+02;5.788213611e-01
7.491126099e+02;5.752294660e-01
7.493457031e+02;5.740321875e-01
7.495787354e+02;5.770919323e-01
7.498118286e+02;5.717440248e-01
7.500449829e+02;5.773313642e-01
7.502780762e+02;5.705467463e-01
7.505111694e+02;5.679659247e-01
7.507443237e+02;5.634960532e-01
7.509774780e+02;5.683118105e-01
7.512106323e+02;5.613941550e-01
7.514437866e+02;5.659704804e-01
7.516769409e+02;5.604363680e-01
7.519101562e+02;5.545563102e-01
7.521433105e+02;5.584940910e-01
7.523765259e+02;5.589197874e-01
7.526097412e+02;5.611547232e-01
7.528429565e+02;5.540774465e-01
7.530762329e+02;5.571637750e-01
7.533094482e+02;5.543434620e-01
7.535427246e+02;5.562591553e-01
7.537759399e+02;5.466010571e-01
7.540092163e+02;5.444192886e-01
7.542425537e+02;5.523214340e-01
7.544758301e+02;5.474258065e-01
7.547091064e+02;5.495277643e-01
7.549424438e+02;5.427697301e-01
7.551757812e+02;5.380870104e-01
7.554090576e+02;5.407742262e-01
7.556424561e+02;5.380337834e-01
7.558757935e+02;5.490221977e-01
7.561091309e+02;5.330849886e-01
7.563425293e+02;5.434348583e-01
7.565759277e+02;5.405613780e-01
7.568092651e+02;5.373952389e-01
7.570426636e+02;5.348942280e-01
7.572761230e+02;5.348144174e-01
7.575095215e+02;5.341758728e-01
7.577429810e+02;5.288546085e-01
7.579763794e+02;5.301316977e-01
7.582098389e+02;5.309565067e-01
7.584432983e+02;5.298390388e-01
7.586767578e+02;5.237461925e-01
7.589102783e+02;5.272582173e-01
7.591437378e+02;5.253957510e-01
7.593772583e+02;5.234003067e-01
7.596107788e+02;5.237461925e-01
7.598442993e+02;5.211387277e-01
7.600778198e+02;5.221498013e-01
7.603113403e+02;5.165624619e-01
7.605449219e+02;5.148862600e-01
7.607785034e+02;5.134494901e-01
7.610120239e+02;5.188506246e-01
7.612456055e+02;5.133165121e-01
7.614792480e+02;5.191965103e-01
7.617128296e+02;5.146734118e-01
7.619464111e+02;5.178395510e-01
7.621800537e+02;5.118265152e-01
7.624136963e+02;5.120925903e-01
7.626473389e+02;5.063722134e-01
7.628809814e+02;5.067180991e-01
7.631146240e+02;5.081016421e-01
7.633483276e+02;5.090594888e-01
7.635819702e+02;4.969003499e-01
7.638156738e+02;5.078887939e-01
7.640493774e+02;5.013968349e-01
7.642830811e+02;4.995077848e-01
7.645167847e+02;4.939470589e-01
7.647505493e+02;4.996142089e-01
7.649842529e+02;4.923240542e-01
7.652180176e+02;4.918717444e-01
7.654517822e+02;4.919249713e-01
7.656855469e+02;4.970600009e-01
7.659193726e+02;4.948516786e-01
7.661531372e+02;4.954369962e-01
7.663869019e+02;4.993481338e-01
7.666207275e+02;4.934947491e-01
7.668545532e+02;4.886789918e-01
7.670883789e+02;4.885991812e-01
7.673222046e+02;4.876147509e-01
7.675560913e+02;4.825329185e-01
7.677899170e+02;4.817081392e-01
7.680238037e+02;4.887588024e-01
7.682576904e+02;4.828521907e-01
7.684915771e+02;4.829586148e-01
7.687254639e+02;4.814154506e-01
7.689594116e+02;4.822934568e-01
7.691932983e+02;4.793135524e-01
7.694272461e+02;4.814952910e-01
7.696611938e+02;4.773713052e-01
7.698951416e+02;4.760941863e-01
7.701290894e+02;4.715711176e-01
7.703630371e+02;4.744977951e-01
7.705970459e+02;4.730078578e-01
7.708309937e+02;4.719968140e-01
7.710650024e+02;4.675801396e-01
7.712990112e+02;4.703206122e-01
7.715330200e+02;4.667819738e-01
7.717670898e+02;4.696022272e-01
7.720010986e+02;4.567247629e-01
7.722351685e+02;4.685113728e-01
7.724692383e+02;4.612744451e-01
7.727033081e+02;4.614340961e-01
7.729373779e+02;4.617533684e-01
7.731714478e+02;4.641745389e-01
7.734055176e+02;4.603698254e-01
7.736396484e+02;4.606359005e-01
7.738737793e+02;4.583743513e-01
7.741079102e+02;4.529466629e-01
7.743420410e+02;4.519356191e-01
7.745761719e+02;4.564320743e-01
7.748103638e+02;4.536384344e-01
7.750444946e+02;4.517227709e-01
7.752786865e+02;4.492749870e-01
7.755128784e+02;4.500465691e-01
7.757470703e+02;4.482905269e-01
7.759812622e+02;4.497272968e-01
7.762155151e+02;4.403352439e-01
7.764497070e+02;4.458161592e-01
7.766839600e+02;4.443528056e-01
7.769182129e+02;4.442995787e-01
7.771524658e+02;4.386058152e-01
7.773867188e+02;4.410004020e-01
7.776209717e+02;4.341359437e-01
7.778552856e+02;4.373553395e-01
7.780895996e+02;4.320340455e-01
7.783239136e+02;4.395104349e-01
7.785582275e+02;4.355727136e-01
7.787925415e+02;4.325129688e-01
7.790268555e+02;4.349873662e-01
7.792612305e+02;4.351469874e-01
7.794955444e+02;4.295862615e-01
7.797299194e+02;4.327524304e-01
7.799642944e+02;4.225355983e-01
7.801986694e+02;4.272981286e-01
7.804331055e+02;4.251696169e-01
7.806674805e+02;4.260742366e-01
7.809019165e+02;4.175868034e-01
7.811363525e+02;4.229879081e-01
7.813707886e+02;4.201942384e-01
7.816052246e+02;4.153518677e-01
7.818396606e+02;4.182519615e-01
7.820741577e+02;4.210722446e-01
7.823085938e+02;4.168950319e-01
7.825430908e+02;4.180657268e-01
7.827775879e+02;4.137554765e-01
7.830120850e+02;4.139417410e-01
7.832465820e+02;4.174005687e-01
7.834811401e+02;4.120792747e-01
7.837156372e+02;4.113076925e-01
7.839501953e+02;4.197685122e-01
7.841847534e+02;4.158307910e-01
7.844193115e+02;4.162831008e-01
7.846539307e+02;4.128508568e-01
7.848884888e+02;4.072103202e-01
7.851231079e+02;4.071038961e-01
7.853576660e+02;4.089929461e-01
7.855922852e+02;4.028468728e-01
7.858269043e+02;4.102966487e-01
7.860615845e+02;4.065185487e-01
7.862962036e+02;4.033789933e-01
7.865308228e+02;4.028202593e-01
7.867655029e+02;4.007715881e-01
7.870001831e+02;3.958760202e-01
7.872348633e+02;3.974723816e-01
7.874695435e+02;3.933483958e-01
7.877042847e+02;3.999733925e-01
7.879389648e+02;3.911134899e-01
7.881737061e+02;3.993614614e-01
7.884084473e+02;3.938273191e-01
7.886431885e+02;3.985100389e-01
7.888779297e+02;3.950245976e-01
7.891126709e+02;3.944126666e-01
7.893474731e+02;3.950245976e-01
7.895822144e+02;3.897831440e-01
7.898170166e+02;3.945989013e-01
7.900518188e+02;3.943062425e-01
7.902866211e+02;3.889051378e-01
7.905214844e+02;3.913263381e-01
7.907562866e+02;3.887721300e-01
7.909911499e+02;3.813489377e-01
7.912260132e+02;3.900758326e-01
7.914608765e+02;3.893042505e-01
7.916957397e+02;3.894638717e-01
7.919306030e+02;3.847811520e-01
7.921655273e+02;3.823865950e-01
7.924003906e+02;3.803378940e-01
7.926353149e+02;3.801250458e-01
7.928702393e+02;3.876812458e-01
7.931051636e+02;3.880271316e-01
7.933400879e+02;3.848875761e-01
7.935750732e+02;3.782359958e-01
7.938099976e+02;3.831581771e-01
7.940449829e+02;3.759478629e-01
7.942799683e+02;3.758946359e-01
7.945149536e+02;3.752028644e-01
7.947499390e+02;3.771451414e-01
7.949849854e+02;3.753625154e-01
7.952199707e+02;3.765864074e-01
7.954550171e+02;3.734202385e-01
7.956900635e+02;3.721963465e-01
7.959251099e+02;3.741120100e-01
7.961601562e+02;3.751762807e-01
7.963952026e+02;3.728881180e-01
7.966303101e+02;3.728083074e-01
7.968654175e+02;3.701210618e-01
7.971004639e+02;3.709458709e-01
7.973355713e+02;3.704669476e-01
7.975707397e+02;3.717706501e-01
7.978058472e+02;3.658108413e-01
7.980410156e+02;3.710788786e-01
7.982761230e+02;3.680989742e-01
7.985112915e+02;3.721431494e-01
7.987464600e+02;3.628841341e-01
7.989816284e+02;3.663163483e-01
7.992167969e+02;3.629905581e-01
7.994520264e+02;3.644805253e-01
7.996872559e+02;3.628043234e-01
7.999224243e+02;3.617932796e-01
8.001576538e+02;3.584940732e-01
8.003928833e+02;3.622987866e-01
8.006281738e+02;3.554875553e-01
8.008634033e+02;3.631767929e-01
8.010986938e+02;3.565784097e-01
8.013339844e+02;3.566582501e-01
8.015692749e+02;3.552215099e-01
8.018045654e+02;3.546627760e-01
8.020398560e+02;3.490222096e-01
8.022751465e+02;3.542370498e-01
8.025104980e+02;3.530663848e-01
8.027458496e+02;3.548223972e-01
8.029812012e+02;3.550352454e-01
8.032165527e+02;3.513369560e-01
8.034519043e+02;3.515764177e-01
8.036872559e+02;3.498736322e-01
8.039226685e+02;3.499268293e-01
8.041580811e+02;3.448982239e-01
8.043934326e+02;3.473992348e-01
8.046288452e+02;3.428229392e-01
8.048643188e+02;3.471065462e-01
8.050997314e+02;3.444725275e-01
8.053352051e+02;3.403219283e-01
8.055706177e+02;3.454835713e-01
8.058060913e+02;3.410403132e-01
8.060415649e+02;3.394971490e-01
8.062770386e+02;3.433284461e-01
8.065125732e+02;3.400026560e-01
8.067480469e+02;3.369695246e-01
8.069835815e+02;3.349208534e-01
8.072191162e+02;3.371291757e-01
8.074546509e+02;3.360383213e-01
8.076901855e+02;3.356924355e-01
8.079257202e+02;3.292802870e-01
8.081613159e+02;3.349208534e-01
8.083968506e+02;3.283224702e-01
8.086324463e+02;3.256618381e-01
8.088680420e+02;3.239324093e-01
8.091036377e+02;3.306372166e-01
8.093392334e+02;3.241452575e-01
8.095748901e+02;3.282426596e-01
8.098104858e+02;3.248104155e-01
8.100461426e+02;3.174404800e-01
8.102817993e+02;3.201011121e-01
8.105174561e+02;3.210057318e-01
8.107531128e+02;3.246507943e-01
8.109888306e+02;3.222828209e-01
8.112244873e+02;3.202873468e-01
8.114602051e+02;3.170679808e-01
8.116959229e+02;3.166688979e-01
8.119316406e+02;3.150458932e-01
8.121673584e+02;3.162431717e-01
8.124031372e+02;3.100705147e-01
8.126388550e+02;3.133164942e-01
8.128746338e+02;3.092457056e-01
8.131104126e+02;3.069575727e-01
8.133461914e+02;3.098576665e-01
8.135819702e+02;3.028601706e-01
8.138177490e+02;3.074364662e-01
8.140535889e+02;3.045629859e-01
8.142894287e+02;2.995077968e-01
8.145252075e+02;3.003591895e-01
8.147610474e+02;3.011839688e-01
8.149969482e+02;3.028867841e-01
8.152327881e+02;3.003858030e-01
8.154686279e+02;2.979114056e-01
8.157045288e+02;2.993481457e-01
8.159404297e+02;2.954902351e-01
8.161763306e+02;3.004922271e-01
8.164122314e+02;2.933084965e-01
8.166481323e+02;2.984967530e-01
8.168840942e+02;2.938140333e-01
8.171199951e+02;2.864174545e-01
8.173559570e+02;2.862312198e-01
8.175919189e+02;2.927497625e-01
8.178278809e+02;2.870826125e-01
8.180638428e+02;2.866303027e-01
8.182998657e+02;2.818145454e-01
8.185358276e+02;2.860715687e-01
8.187718506e+02;2.893175483e-01
8.190078735e+02;2.858321071e-01
8.192438965e+02;2.846614420e-01
8.194799194e+02;2.812558115e-01
8.197160034e+02;2.798456848e-01
8.199520264e+02;2.806704938e-01
8.201881104e+02;2.812824249e-01
8.204241943e+02;2.782492936e-01
8.206602783e+02;2.805374563e-01
8.208963623e+02;2.767327428e-01
8.211325073e+02;2.769987881e-01
8.213685913e+02;2.779034078e-01
8.216047363e+02;2.778235972e-01
8.218408813e+02;2.779566348e-01
8.220770264e+02;2.776905596e-01
8.223131714e+02;2.725023329e-01
8.225493164e+02;2.730876803e-01
8.227855225e+02;2.704802454e-01
8.230216675e+02;2.710389793e-01
8.232578735e+02;2.687774301e-01
8.234940796e+02;2.696022391e-01
8.237302856e+02;2.676599622e-01
8.239665527e+02;2.685379684e-01
8.242027588e+02;2.687774301e-01
8.244390259e+02;2.684315443e-01
8.246752930e+02;2.670746446e-01
8.249115601e+02;2.649195194e-01
8.251478271e+02;2.629240453e-01
8.253840942e+02;2.639616728e-01
8.256203613e+02;2.688572705e-01
8.258566895e+02;2.594918311e-01
8.260930176e+02;2.657442987e-01
8.263293457e+02;2.619396150e-01
8.265656738e+02;2.651057541e-01
8.268020020e+02;2.583743632e-01
8.270383301e+02;2.610881925e-01
8.272747192e+02;2.593854070e-01
8.275111084e+02;2.614340782e-01
8.277474976e+02;2.607689202e-01
8.279838867e+02;2.622588873e-01
8.282202759e+02;2.600239515e-01
8.284566650e+02;2.563522756e-01
8.286931152e+02;2.568311691e-01
8.289295044e+02;2.609551549e-01
8.291659546e+02;2.504722774e-01
8.294024048e+02;2.570972443e-01
8.296388550e+02;2.544632256e-01
8.298753662e+02;2.557935417e-01
8.301118164e+02;2.525741756e-01
8.303483276e+02;2.520154417e-01
8.305848389e+02;2.527071834e-01
8.308213501e+02;2.513502836e-01
8.310578613e+02;2.514567077e-01
8.312943726e+02;2.475455701e-01
8.315309448e+02;2.482639402e-01
8.317674561e+02;2.567513585e-01
8.320040283e+02;2.461354285e-01
8.322406006e+02;2.508713603e-01
8.324771729e+02;2.501529753e-01
8.327138062e+02;2.435280085e-01
8.329503784e+02;2.518824041e-01
8.331870117e+02;2.506851256e-01
8.334235840e+02;2.452840209e-01
8.336602173e+02;2.454702705e-01
8.338968506e+02;2.477850169e-01
8.341335449e+02;2.494346201e-01
8.343701782e+02;2.500731647e-01
8.346068726e+02;2.432885468e-01
8.348435059e+02;2.472528964e-01
8.350802002e+02;2.420380414e-01
8.353168945e+02;2.423041165e-01
8.355535889e+02;2.419582307e-01
8.357903442e+02;2.417985946e-01
8.360270386e+02;2.424371392e-01
8.362637939e+02;2.421444654e-01
8.365005493e+02;2.397765070e-01
8.367373047e+02;2.383131534e-01
8.369740601e+02;2.406013012e-01
8.372108765e+02;2.420380414e-01
8.374476318e+02;2.386324406e-01
8.376844482e+02;2.368497998e-01
8.379212646e+02;2.395370454e-01
8.381580200e+02;2.355993092e-01
8.383948975e+02;2.396966815e-01
8.386317139e+02;2.379672676e-01
8.388685303e+02;2.356259078e-01
8.391054077e+02;2.402022034e-01
8.393422852e+02;2.416389585e-01
8.395791626e+02;2.371424735e-01
8.398160400e+02;2.350405753e-01
8.400529175e+02;2.346680909e-01
8.402898560e+02;2.338964939e-01
8.405267334e+02;2.372222990e-01
8.407636719e+02;2.330451012e-01
8.410006104e+02;2.264733315e-01
8.412375488e+02;2.301183939e-01
8.414744873e+02;2.254356742e-01
8.417114868e+02;2.300385833e-01
8.419484253e+02;2.291605622e-01
8.421854248e+02;2.336570472e-01
8.424224243e+02;2.282027453e-01
8.426594238e+02;2.283091694e-01
8.428964233e+02;2.297991216e-01
8.431334839e+02;2.290275395e-01
8.433704834e+02;2.275907993e-01
8.436075439e+02;2.313422859e-01
8.438446045e+02;2.310496271e-01
8.440816650e+02;2.343222052e-01
8.443187256e+02;2.274045497e-01
8.445557861e+02;2.224291563e-01
8.447929077e+02;2.255687118e-01
8.450299683e+02;2.233603895e-01
8.452670898e+02;2.208327800e-01
8.455042114e+02;2.250365764e-01
8.457413330e+02;2.150325924e-01
8.459785156e+02;2.208327800e-01
8.462156372e+02;2.207529545e-01
8.464528198e+02;2.213649005e-01
8.466899414e+02;2.192097902e-01
8.469271240e+02;2.230145037e-01
8.471643677e+02;2.213383019e-01
8.474015503e+02;2.188639045e-01
8.476387329e+02;2.167087942e-01
8.478759766e+02;2.212052643e-01
8.481132202e+02;2.204336822e-01
8.483504639e+02;2.253292501e-01
8.485877075e+02;2.214713246e-01
8.488249512e+02;2.176134139e-01
8.490621948e+02;2.207529545e-01
8.492994995e+02;2.229612917e-01
8.495368042e+02;2.164427340e-01
8.497740479e+02;2.164959460e-01
8.500113525e+02;2.204868942e-01
8.502487183e+02;2.116269767e-01
8.504860229e+02;2.110416442e-01
8.507233887e+02;2.154050767e-01
8.509606934e+02;2.122123241e-01
8.511980591e+02;2.114141285e-01
8.514354248e+02;2.086204588e-01
8.516727905e+02;2.147133201e-01
8.519102173e+02;2.090993822e-01
8.521475830e+02;2.124251723e-01
8.523850098e+02;2.121324986e-01
8.526224365e+02;2.091259807e-01
8.528598633e+02;2.082213610e-01
8.530972900e+02;2.068112344e-01
8.533347168e+02;2.087534964e-01
8.535721436e+02;2.033257931e-01
8.538096313e+02;2.069176584e-01
8.540471191e+02;2.051084191e-01
8.542846069e+02;2.026340365e-01
8.545220947e+02;2.048689574e-01
8.547595825e+02;2.034322172e-01
8.549971313e+02;2.031927705e-01
8.552346191e+02;2.010376453e-01
8.554721680e+02;1.982173771e-01
8.557097168e+02;1.963815391e-01
8.559472656e+02;1.972329319e-01
8.561848145e+02;2.025808096e-01
8.564224243e+02;1.989889592e-01
8.566599731e+02;1.993348449e-01
8.568975830e+02;1.994412690e-01
8.571351929e+02;1.978182793e-01
8.573728027e+02;2.006119490e-01
8.576104126e+02;1.919648796e-01
8.578480225e+02;1.983770132e-01
8.580856934e+02;1.981641650e-01
8.583233032e+02;1.965145618e-01
8.585609741e+02;1.930823475e-01
8.587986450e+02;1.961952895e-01
8.590363159e+02;1.945989132e-01
8.592740479e+02;1.962751150e-01
8.595117188e+02;1.918584555e-01
8.597494507e+02;1.879473180e-01
8.599871826e+02;1.890115738e-01
8.602249146e+02;1.902620792e-01
8.604626465e+02;1.851270497e-01
8.607003784e+02;1.910070479e-01
8.609381714e+02;1.866436005e-01
8.611759033e+02;1.943062395e-01
8.614136963e+02;1.873087734e-01
8.616514893e+02;1.905015260e-01
8.618892822e+02;1.898363680e-01
8.621270752e+02;1.885592639e-01
8.623649292e+02;1.880537421e-01
8.626027222e+02;1.901822537e-01
8.628405762e+02;1.872821599e-01
8.630784302e+02;1.923905760e-01
8.633162842e+02;1.854995340e-01
8.635541382e+02;1.825994402e-01
8.637919922e+02;1.858986318e-01
8.640299072e+02;1.827324778e-01
8.642678223e+02;1.841426045e-01
8.645057373e+02;1.780497581e-01
8.647436523e+02;1.784754544e-01
8.649815674e+02;1.808700264e-01
8.652194824e+02;1.766928285e-01
8.654574585e+02;1.798057705e-01
8.656953735e+02;1.825196296e-01
8.659333496e+02;1.789543629e-01
8.661713257e+02;1.812425107e-01
8.664093018e+02;1.826260537e-01
8.666472778e+02;1.785286665e-01
8.668853149e+02;1.796195358e-01
8.671233521e+02;1.793002486e-01
8.673613281e+02;1.796993464e-01
8.675993652e+02;1.746707410e-01
8.678374023e+02;1.756817847e-01
8.680755005e+02;1.771717370e-01
8.683135376e+02;1.783690304e-01
8.685516357e+02;1.754423380e-01
8.687896729e+02;1.741120070e-01
8.690277710e+02;1.765864044e-01
8.692658691e+02;1.760276705e-01
8.695040283e+02;1.740587950e-01
8.697421265e+02;1.724624187e-01
8.699802856e+02;1.705467552e-01
8.702183838e+02;1.712119132e-01
8.704565430e+02;1.703871191e-01
8.706947021e+02;1.684182584e-01
8.709328613e+02;1.676466614e-01
8.711710815e+02;1.669549048e-01
8.714092407e+02;1.702274829e-01
8.716474609e+02;1.650126427e-01
8.718856812e+02;1.663695574e-01
8.721239014e+02;1.683650464e-01
8.723621216e+02;1.675402373e-01
8.726003418e+02;1.636025012e-01
8.728386230e+02;1.675668508e-01
8.730768433e+02;1.646135449e-01
8.733151245e+02;1.648263931e-01
8.735534058e+02;1.627244949e-01
8.737916870e+02;1.644805074e-01
8.740299683e+02;1.601702869e-01
8.742683105e+02;1.636025012e-01
8.745066528e+02;1.613941789e-01
8.747449341e+02;1.610482931e-01
8.749832764e+02;1.634960771e-01
8.752216187e+02;1.551150680e-01
8.754600220e+02;1.608088315e-01
8.756983643e+02;1.593188792e-01
8.759367065e+02;1.559132636e-01
8.761751099e+02;1.567646712e-01
8.764135132e+02;1.541838497e-01
8.766519165e+02;1.600638479e-01
8.768903198e+02;1.526406854e-01
8.771287842e+02;1.517892778e-01
8.773671875e+02;1.531728059e-01
8.776056519e+02;1.570041180e-01
8.778441162e+02;1.528003216e-01
8.780825806e+02;1.513635814e-01
8.783210449e+02;1.517626643e-01
8.785595093e+02;1.520287395e-01
8.787980347e+02;1.508846581e-01
8.790364990e+02;1.514433920e-01
8.792750244e+02;1.473726183e-01
8.795135498e+02;1.485699117e-01
8.797520752e+02;1.473460197e-01
8.799906616e+02;1.499534398e-01
8.802291870e+02;1.506185979e-01
8.804677734e+02;1.487295479e-01
8.807062988e+02;1.495543420e-01
8.809448853e+02;1.492882818e-01
8.811834717e+02;1.466276497e-01
8.814221191e+02;1.468937099e-01
8.816607056e+02;1.485432982e-01
8.818993530e+02;1.420779526e-01
8.821379395e+02;1.450046599e-01
8.823765869e+02;1.430623978e-01
8.826152344e+02;1.415724307e-01
8.828539429e+02;1.426898986e-01
8.830925903e+02;1.429293603e-01
8.833312988e+02;1.427165121e-01
8.835699463e+02;1.443128884e-01
8.838086548e+02;1.405081749e-01
8.840473633e+02;1.408806741e-01
8.842860718e+02;1.427963227e-01
8.845248413e+02;1.395769566e-01
8.847635498e+02;1.401889026e-01
8.850023193e+02;1.421045661e-01
8.852410889e+02;1.435945183e-01
8.854798584e+02;1.412531585e-01
8.857186279e+02;1.362777650e-01
8.859573975e+02;1.406146139e-01
8.861961670e+02;1.382732540e-01
8.864349976e+02;1.403219402e-01
8.866738281e+02;1.392842829e-01
8.869126587e+02;1.359584928e-01
8.871514893e+02;1.332978606e-01
8.873903198e+02;1.309298873e-01
8.876292114e+02;1.352667361e-01
8.878680420e+02;1.335107088e-01
8.881069336e+02;1.342556924e-01
8.883458252e+02;1.315950453e-01
8.885847168e+02;1.324464530e-01
8.888236084e+02;1.331648231e-01
8.890625000e+02;1.300252825e-01
8.893014526e+02;1.322336048e-01
8.895404053e+02;1.346281767e-01
8.897793579e+02;1.290674508e-01
8.900183105e+02;1.305574030e-01
8.902572632e+02;1.315418333e-01
8.904962158e+02;1.322868168e-01
8.907352295e+02;1.319409311e-01
8.909741821e+02;1.277371347e-01
8.912131958e+02;1.265132427e-01
8.914522095e+02;1.266462654e-01
8.916912231e+02;1.244379431e-01
8.919302368e+02;1.240122393e-01
8.921693115e+02;1.255287975e-01
8.924083862e+02;1.266462654e-01
8.926473999e+02;1.249700710e-01
8.928864746e+02;1.267526895e-01
8.931255493e+02;1.259278953e-01
8.933646851e+02;1.235599294e-01
8.936037598e+02;1.256618351e-01
8.938428955e+02;1.233204752e-01
8.940819702e+02;1.210057214e-01
8.943211060e+02;1.280297935e-01
8.945602417e+02;1.234002933e-01
8.947994385e+02;1.221231893e-01
8.950385742e+02;1.249434650e-01
8.952777100e+02;1.224690676e-01
8.955169067e+02;1.203139573e-01
8.957561035e+02;1.219103336e-01
8.959953003e+02;1.181854457e-01
8.962344971e+02;1.229479834e-01
8.964737549e+02;1.176799238e-01
8.967129517e+02;1.188239977e-01
8.969522095e+02;1.183716878e-01
8.971914673e+02;1.173606515e-01
8.974307251e+02;1.156312376e-01
8.976699829e+02;1.157908738e-01
8.979092407e+02;1.158706918e-01
8.981484985e+02;1.172542274e-01
8.983878174e+02;1.157642677e-01
8.986271362e+02;1.197286174e-01
8.988664551e+02;1.150192916e-01
8.991057739e+02;1.117467061e-01
8.993450928e+02;1.141678840e-01
8.995844727e+02;1.187175736e-01
8.998237915e+02;1.123054400e-01
9.000631714e+02;1.148330420e-01
9.003025513e+02;1.140614599e-01
9.005419312e+02;1.165358499e-01
9.007813110e+02;1.114540398e-01
9.010206909e+02;1.118531302e-01
9.012601318e+02;1.103631780e-01
9.014995728e+02;1.107356623e-01
9.017390137e+02;1.106558442e-01
9.019784546e+02;1.082878783e-01
9.022178955e+02;1.102301478e-01
9.024573364e+02;1.085539460e-01
9.026968384e+02;1.111347601e-01
9.029362793e+02;1.106026322e-01
9.031757812e+02;1.069841683e-01
9.034152832e+02;1.114274338e-01
9.036547852e+02;1.069309562e-01
9.038943481e+02;1.127311438e-01
9.041338501e+02;1.109751239e-01
9.043734131e+02;1.108953059e-01
9.046129150e+02;1.076759323e-01
9.048524780e+02;1.064254344e-01
9.050920410e+02;1.106824502e-01
9.053316650e+02;1.046162024e-01
9.055712280e+02;1.060529500e-01
9.058108521e+02;1.073832661e-01
9.060504150e+02;1.036583707e-01
9.062900391e+02;1.064520404e-01
9.065296631e+02;1.030996442e-01
9.067693481e+02;1.057868823e-01
9.070089722e+02;1.058400944e-01
9.072486572e+02;1.015298665e-01
9.074882812e+02;1.040308625e-01
9.077279663e+02;1.037115902e-01
9.079676514e+02;1.014500484e-01
9.082073364e+02;9.996008873e-02
9.084470825e+02;1.024610847e-01
9.086867676e+02;1.000665128e-01
9.089265137e+02;1.013702303e-01
9.091662598e+02;9.894905239e-02
9.094060059e+02;9.721963853e-02
9.096457520e+02;9.623520076e-02
9.098854980e+02;9.626180679e-02
9.101252441e+02;9.748569876e-02
9.103650513e+02;9.666090459e-02
9.106048584e+02;9.663429856e-02
9.108446655e+02;9.732606262e-02
9.110844727e+02;9.596913308e-02
9.113242798e+02;9.969402850e-02
9.115641479e+02;9.615538269e-02
9.118039551e+02;9.748569876e-02
9.120438232e+02;9.809764475e-02
9.122836914e+02;9.687375277e-02
9.125235596e+02;9.676732868e-02
9.127634277e+02;9.886922687e-02
9.130032959e+02;9.525076300e-02
9.132432251e+02;9.514433891e-02
9.134831543e+02;9.610217065e-02
9.137230225e+02;9.301582724e-02
9.139629517e+02;9.437275678e-02
9.142029419e+02;9.514433891e-02
9.144428711e+02;9.256352484e-02
9.146828003e+02;9.413329512e-02
9.149227905e+02;9.027537704e-02
9.151627808e+02;8.825328946e-02
9.154027710e+02;9.192497283e-02
9.156427612e+02;9.564986080e-02
9.158827515e+02;9.136623889e-02
9.161228027e+02;9.117998928e-02
9.163627930e+02;8.931754529e-02
9.166028442e+02;8.979646116e-02
9.168428955e+02;8.899827302e-02
9.170829468e+02;8.748170733e-02
9.173229980e+02;8.886523545e-02
9.175631104e+02;8.931754529e-02
9.178031616e+02;8.849275112e-02
9.180432739e+02;9.008913487e-02
9.182833862e+02;8.678994328e-02
9.185234985e+02;8.535320312e-02
9.187636108e+02;8.686976135e-02
9.190037231e+02;8.758813143e-02
9.192438965e+02;8.490089327e-02
9.194840698e+02;8.327790350e-02
9.197241821e+02;8.569908142e-02
9.199643555e+02;8.567247540e-02
9.202045898e+02;8.381003141e-02
9.204447632e+02;8.415590972e-02
9.206849365e+02;8.540641516e-02
9.209251709e+02;8.293201774e-02
9.211654053e+02;8.591192961e-02
9.214056396e+02;8.245310932e-02
9.216458740e+02;8.277238160e-02
9.218861084e+02;8.607157320e-02
9.221264038e+02;8.216043562e-02
9.223666382e+02;8.101636171e-02
9.226069336e+02;8.349075168e-02
9.228472290e+02;8.303844929e-02
9.230875244e+02;8.266595751e-02
9.233278198e+02;7.941997796e-02
9.235681763e+02;8.420912921e-02
9.238084717e+02;7.793002576e-02
9.240488281e+02;7.753092796e-02
9.242891846e+02;8.162830770e-02
9.245295410e+02;7.731807977e-02
9.247698975e+02;7.912731171e-02
9.250102539e+02;8.067048341e-02
9.252506714e+02;7.926034182e-02
9.254910278e+02;7.596115768e-02
9.257314453e+02;7.697219402e-02
9.259718628e+02;7.566848397e-02
9.262122803e+02;7.795663178e-02
9.264527588e+02;8.029799163e-02
9.266931763e+02;7.758414000e-02
9.269336548e+02;7.678595185e-02
9.271741333e+02;7.569509000e-02
9.274146118e+02;7.665292174e-02
9.276550903e+02;7.710523158e-02
9.278955688e+02;7.471065223e-02
9.281360474e+02;7.694558799e-02
9.283765869e+02;7.638685405e-02
9.286171265e+02;7.742450386e-02
9.288576660e+02;7.322070003e-02
9.290982056e+02;7.223626226e-02
9.293387451e+02;7.492350787e-02
9.295792847e+02;7.122522593e-02
9.298198853e+02;7.391246408e-02
9.300604248e+02;7.274178416e-02
9.303010254e+02;7.340694219e-02
9.305416260e+02;7.258214802e-02
9.307822266e+02;7.034721226e-02
9.310228882e+02;7.029400021e-02
9.312634888e+02;7.300785184e-02
9.315041504e+02;7.308766991e-02
9.317448120e+02;7.191698998e-02
9.319854736e+02;7.215644419e-02
9.322261353e+02;7.199680805e-02
9.324667969e+02;6.875082850e-02
9.327075195e+02;6.835173815e-02
9.329481812e+02;6.742051244e-02
9.331889038e+02;6.827192008e-02
9.334296265e+02;6.896368414e-02
9.336703491e+02;6.694159657e-02
9.339110718e+02;6.577091664e-02
9.341518555e+02;6.718105823e-02
9.343925781e+02;6.734069437e-02
9.346333618e+02;6.781961024e-02
9.348741455e+02;6.563788652e-02
9.351149292e+02;6.561128050e-02
9.353557129e+02;6.486630440e-02
9.355964966e+02;6.425435841e-02
9.358373413e+02;6.638286263e-02
9.360781250e+02;6.396168470e-02
9.363189697e+02;6.332313269e-02
9.365598145e+02;6.388186663e-02
9.368006592e+02;6.412132829e-02
9.370415649e+02;6.342955679e-02
9.372824097e+02;6.268458068e-02
9.375233154e+02;6.013037264e-02
9.377642212e+02;5.967806280e-02
9.380051270e+02;6.154050678e-02
9.382460327e+02;6.023679674e-02
9.384869385e+02;5.693760887e-02
9.387278442e+02;5.967806280e-02
9.389688110e+02;5.981109664e-02
9.392097778e+02;5.970466882e-02
9.394507446e+02;5.922575668e-02
9.396917114e+02;5.765597895e-02
9.399326782e+02;5.802846700e-02
9.401736450e+02;5.983770266e-02
9.404146729e+02;5.789543688e-02
9.406556396e+02;6.111480668e-02
9.408966675e+02;5.999733880e-02
9.411376953e+02;5.874684080e-02
9.413787842e+02;5.544765294e-02
9.416198120e+02;5.997073278e-02
9.418608398e+02;5.738991499e-02
9.421019287e+02;5.552747101e-02
9.423430176e+02;5.494213104e-02
9.425841064e+02;5.957163870e-02
9.428251953e+02;5.515498295e-02
9.430662842e+02;5.313289911e-02
9.433074341e+02;5.331914499e-02
9.435485229e+02;5.693760887e-02
9.437896729e+02;5.680457503e-02
9.440308228e+02;5.382466316e-02
9.442719727e+02;5.419715494e-02
9.445131226e+02;5.427697301e-02
9.447543335e+02;5.307968706e-02
9.449954834e+02;5.220167711e-02
9.452366943e+02;5.252095312e-02
9.454779053e+02;5.252095312e-02
9.457191162e+02;5.313289911e-02
9.459603271e+02;5.281362310e-02
9.462015381e+02;5.217507109e-02
9.464428101e+02;5.097778514e-02
9.466840820e+02;5.068511516e-02
9.469252930e+02;5.049886927e-02
9.471665649e+02;4.922176525e-02
9.474078979e+02;4.805108532e-02
9.476491699e+02;4.549687356e-02
9.478904419e+02;5.084475130e-02
9.481317749e+02;4.906212538e-02
9.483731079e+02;4.852999747e-02
9.486144409e+02;4.959425330e-02
9.488557739e+02;4.714646935e-02
9.490971069e+02;4.725289345e-02
9.493384399e+02;4.789144546e-02
9.495798340e+02;4.504456744e-02
9.498212280e+02;4.810429737e-02
9.500626221e+02;4.807769135e-02
9.503040161e+02;4.680058360e-02
9.505454102e+02;4.696022347e-02
9.507868042e+02;4.762538150e-02
9.510282593e+02;4.576293752e-02
9.512697144e+02;4.690701142e-02
9.515111084e+02;4.597578943e-02
9.517525635e+02;4.429958761e-02
9.519940796e+02;4.307569563e-02
9.522355347e+02;4.435279965e-02
9.524769897e+02;4.411334172e-02
9.527185059e+02;4.363442957e-02
9.529600220e+02;4.432619363e-02
9.532015381e+02;4.296926782e-02
9.534430542e+02;4.320872575e-02
9.536845703e+02;4.257017374e-02
9.539261475e+02;4.025541991e-02
9.541676636e+02;3.982971981e-02
9.544092407e+02;4.230410978e-02
9.546508179e+02;4.097379372e-02
9.548923950e+02;4.227750376e-02
9.551339722e+02;3.945723176e-02
9.553756104e+02;3.969668597e-02
9.556171875e+02;3.855261579e-02
9.558588257e+02;3.791406006e-02
9.561004639e+02;3.706265613e-02
9.563421021e+02;3.833976388e-02
9.565837402e+02;3.711587191e-02
9.568253784e+02;3.695623204e-02
9.570670776e+02;3.876546398e-02
9.573087158e+02;3.682320192e-02
9.575504150e+02;3.426899016e-02
9.577921143e+02;3.780763596e-02
9.580338135e+02;3.645071015e-02
9.582755737e+02;3.634428605e-02
9.585172729e+02;3.528003022e-02
9.587590332e+02;3.676998988e-02
9.590007324e+02;3.903152794e-02
9.592424927e+02;3.466808423e-02
9.594843140e+02;3.708926588e-02
9.597260742e+02;3.509378806e-02
9.599678345e+02;3.623786196e-02
9.602096558e+02;3.458826616e-02
9.604514160e+02;3.147532418e-02
9.606932373e+02;3.331116214e-02
9.609350586e+02;3.152853623e-02
9.611769409e+02;3.373686224e-02
9.614187622e+02;3.392310813e-02
9.616605835e+02;3.232672438e-02
9.619024658e+02;3.104962036e-02
9.621443481e+02;3.203405440e-02
9.623862305e+02;3.128907830e-02
9.626281128e+02;3.134229034e-02
9.628699951e+02;3.198084235e-02
9.631119385e+02;3.461487219e-02
9.633538818e+02;3.309831023e-02
9.635957642e+02;2.865504846e-02
9.638377075e+02;3.075695038e-02
9.640796509e+02;2.990554832e-02
9.643216553e+02;3.442863002e-02
9.645635986e+02;2.916056849e-02
9.648056030e+02;2.982572839e-02
9.650475464e+02;3.046428040e-02
9.652895508e+02;2.940002643e-02
9.655315552e+02;2.727151848e-02
9.657735596e+02;2.905414440e-02
9.660156250e+02;3.009179235e-02
9.662576294e+02;2.727151848e-02
9.664996948e+02;2.982572839e-02
9.667417603e+02;2.876147442e-02
9.669838257e+02;2.881468646e-02
9.672258911e+02;2.862844244e-02
9.674679565e+02;2.759079449e-02
9.677100830e+02;2.958627045e-02
9.679522095e+02;2.857523039e-02
9.681942749e+02;2.841559052e-02
9.684364014e+02;3.107622638e-02
9.686785278e+02;2.995876037e-02
9.689207153e+02;2.892111242e-02
9.691628418e+02;2.708527260e-02
9.694050293e+02;2.705866657e-02
9.696471558e+02;2.389251068e-02
9.698893433e+02;2.780364454e-02
9.701315308e+02;2.540907264e-02
9.703737793e+02;2.610083856e-02
9.706159668e+02;2.370626666e-02
9.708582153e+02;2.455766872e-02
9.711004028e+02;2.485033870e-02
9.713426514e+02;2.687242255e-02
9.715848999e+02;2.695224248e-02
9.718271484e+02;2.471730672e-02
9.720694580e+02;2.639350854e-02
9.723117065e+02;2.551549859e-02
9.725540161e+02;2.623387054e-02
9.727963257e+02;2.602101862e-02
9.730386353e+02;2.732473053e-02
9.732809448e+02;2.554210462e-02
9.735232544e+02;2.636690252e-02
9.737655640e+02;2.804310247e-02
9.740079346e+02;2.423839271e-02
9.742503052e+02;2.482373267e-02
9.744926758e+02;2.349341474e-02
9.747350464e+02;2.309431881e-02
9.749774170e+02;2.362644672e-02
9.752197876e+02;2.471730672e-02
9.754622192e+02;2.344020270e-02
9.757046509e+02;2.330717072e-02
9.759470825e+02;2.296128683e-02
9.761895142e+02;2.447785065e-02
9.764319458e+02;2.370626666e-02
9.766743774e+02;2.506319061e-02
9.769168701e+02;2.344020270e-02
9.771593018e+02;2.357323468e-02
9.774017944e+02;2.333377674e-02
9.776442871e+02;2.626047656e-02
9.778867798e+02;2.570174262e-02
9.781292725e+02;2.290807478e-02
9.783718262e+02;2.298789471e-02
9.786143799e+02;2.352002077e-02
9.788568726e+02;2.261540480e-02
9.790994263e+02;2.322735079e-02
9.793419800e+02;2.043368295e-02
9.795845947e+02;2.274843678e-02
9.798271484e+02;1.990155689e-02
9.800697021e+02;2.125848085e-02
9.803123169e+02;2.171078883e-02
9.805549316e+02;2.032725886e-02
9.807975464e+02;2.195024677e-02
9.810401611e+02;2.179060876e-02
9.812828369e+02;2.250897884e-02
9.815254517e+02;2.184382081e-02
9.817681274e+02;2.250897884e-02
9.820108032e+02;2.282825671e-02
9.822534790e+02;2.338698879e-02
9.824961548e+02;2.304110676e-02
9.827388306e+02;2.131169289e-02
9.829815674e+02;2.141811885e-02
9.832242432e+02;2.144472487e-02
9.834669800e+02;2.123187482e-02
9.837097168e+02;2.064653486e-02
9.839524536e+02;2.152454481e-02
9.841951904e+02;1.859784499e-02
9.844379883e+02;1.846481301e-02
9.846807251e+02;2.030065097e-02
9.849235229e+02;1.758680306e-02
9.851663208e+02;2.061992884e-02
9.854091187e+02;2.088599093e-02
9.856519165e+02;1.782626100e-02
9.858947144e+02;2.224291675e-02
9.861375732e+02;2.024743892e-02
9.863804321e+02;1.790607907e-02
9.866232300e+02;1.992816292e-02
9.868660889e+02;2.184382081e-02
9.871089478e+02;2.187042683e-02
9.873518677e+02;2.043368295e-02
9.875947266e+02;1.870427094e-02
9.878376465e+02;1.777304709e-02
9.880805664e+02;1.899694093e-02
9.883234863e+02;1.811893098e-02
9.885664062e+02;1.756019704e-02
9.888093262e+02;1.857123896e-02
9.890522461e+02;1.766662300e-02
9.892952271e+02;1.920979097e-02
9.895382080e+02;1.875748299e-02
9.897811279e+02;1.857123896e-02
9.900241699e+02;1.835838705e-02
9.902671509e+02;1.801250502e-02
9.905101318e+02;1.926300302e-02
9.907531738e+02;1.873087697e-02
9.909961548e+02;1.851802506e-02
9.912391968e+02;2.027404495e-02
9.914822388e+02;1.758680306e-02
9.917252808e+02;1.905015297e-02
9.919683838e+02;1.803911105e-02
9.922114258e+02;1.636291109e-02
9.924545288e+02;1.819874905e-02
9.926975708e+02;1.777304709e-02
9.929406738e+02;1.795929298e-02
9.931837769e+02;1.628309116e-02
9.934269409e+02;1.593720913e-02
9.936700439e+02;1.630969718e-02
9.939132080e+02;1.572435722e-02
9.941563110e+02;1.620327309e-02
9.943994751e+02;1.684182510e-02
9.946426392e+02;1.798589900e-02
9.948858643e+02;1.681521907e-02
9.951290283e+02;1.928961091e-02
9.953721924e+02;1.748037711e-02
9.956154175e+02;1.745377108e-02
9.958586426e+02;1.572435722e-02
9.961018677e+02;1.790607907e-02
9.963450928e+02;1.702806912e-02
9.965883179e+02;1.918318495e-02
9.968316040e+02;1.644272916e-02
9.970748291e+02;1.513901819e-02
9.973181152e+02;1.710788906e-02
9.975614014e+02;1.455367822e-02
9.978046875e+02;1.354263630e-02
9.980480347e+02;1.324996632e-02
9.982913208e+02;1.641612314e-02
9.985346680e+02;1.473992318e-02
9.987779541e+02;1.508580521e-02
9.990213013e+02;1.508580521e-02
9.992646484e+02;1.559132617e-02
9.995079956e+02;1.519223116e-02
9.997514038e+02;1.694825105e-02
9.999947510e+02;1.540508214e-02
1.000238159e+03;1.737395301e-02
1.000481567e+03;1.500598621e-02
1.000724976e+03;1.617666706e-02
1.000968384e+03;1.710788906e-02
1.001211792e+03;1.870427094e-02
1.001455261e+03;1.599042118e-02
1.001698669e+03;1.686843112e-02
1.001942139e+03;1.410137024e-02
1.002185608e+03;1.495277416e-02
1.002429077e+03;1.287747733e-02
1.002672546e+03;1.444725320e-02
1.002916077e+03;1.168019138e-02
1.003159546e+03;1.301050931e-02
1.003403076e+03;1.324996632e-02
1.003646606e+03;1.223892532e-02
1.003890137e+03;1.535186917e-02
1.004133667e+03;1.207928732e-02
1.004377258e+03;1.348942425e-02
1.004620789e+03;1.569775119e-02
1.004864380e+03;1.322336029e-02
1.005107971e+03;1.452707220e-02
1.005351562e+03;1.535186917e-02
1.005595154e+03;1.577757113e-02
1.005838745e+03;1.436743420e-02
1.006082336e+03;1.319675427e-02
1.006325989e+03;1.519223116e-02
1.006569641e+03;1.434082724e-02
1.006813293e+03;1.415458322e-02
1.007056946e+03;1.242516935e-02
1.007300598e+03;1.154715940e-02
1.007544312e+03;1.287747733e-02
1.007787964e+03;1.250498835e-02
1.008031677e+03;1.239856333e-02
1.008275391e+03;1.370227523e-02
1.008519104e+03;1.428761519e-02
1.008762817e+03;1.396833826e-02
1.009006531e+03;1.383530628e-02
1.009250305e+03;1.497938018e-02
1.009494019e+03;1.237195730e-02
1.009737793e+03;1.263802033e-02
1.009981567e+03;1.351603027e-02
1.010225342e+03;1.234535035e-02
1.010469177e+03;1.450046524e-02
1.010712952e+03;1.372888125e-02
1.010956787e+03;1.450046524e-02
1.011200623e+03;1.340960525e-02
1.011444397e+03;1.434082724e-02
1.011688293e+03;1.183982939e-02
1.011932129e+03;1.053611841e-02
1.012175964e+03;1.069575641e-02
1.012419861e+03;1.082878839e-02
1.012663696e+03;1.330317929e-02
1.012907593e+03;1.114806440e-02
1.013151489e+03;1.181322336e-02
1.013395447e+03;1.322336029e-02
1.013639343e+03;1.138752140e-02
1.013883240e+03;1.439404022e-02
1.014127197e+03;1.279765833e-02
1.014371155e+03;1.120127738e-02
1.014615112e+03;1.229213737e-02
1.014859070e+03;1.301050931e-02
1.015103027e+03;1.271783933e-02
1.015347046e+03;1.301050931e-02
1.015591003e+03;1.213249937e-02
1.015835022e+03;1.000399049e-02
1.016079041e+03;1.069575641e-02
1.016323059e+03;1.234535035e-02
1.016567078e+03;1.080218144e-02
1.016811157e+03;1.157376636e-02
1.017055176e+03;1.050951146e-02
1.017299255e+03;9.392044507e-03
1.017543335e+03;9.099374525e-03
1.017787415e+03;1.029666048e-02
1.018031494e+03;1.189304236e-02
1.018275574e+03;1.112145837e-02
1.018519714e+03;1.202607434e-02
1.018763855e+03;7.529599592e-03
1.019007935e+03;2.288146876e-03
1.019252075e+03;1.942264149e-03
1.019496216e+03;3.724890121e-04
1.019740417e+03;2.713848604e-03
1.019984558e+03;-1.064254393e-04
1.020228760e+03;3.485433059e-03
[EndOfFile]
