#Thorlabs FTS
[SpectrumHeader]
#Date;20251128
#Time;16243346
#GMTTime;19243346
#Instrument;0
#InstrModel;CCS200
#Series;0
#InterferometerSerial;M00311012
#Type;emission
#ChannelIndex;0
#XAxisUnit;nm_air
#YAxisUnit;intensity
#Average;1
#RollingAverage;0
#SpectrumSmooth;0
#SSmoothParam1;0
#SSmoothParam2;0
#SSmoothParam3;0
#SSmoothParam4;0
#IntegrationTime;650.000000
#TriggerMode;0
#AirMeasureOpt;0
#AirTemp;0.00
#AirPressure;0.00
#AirRelHum;0.00
#WnrMin;9799.037109
#WnrMax;50982.906250
#Length;3648
#Resolution;0.0000000000e+00
#ADC;0
#InstrStatus;0
#RefLaserLocked;0
#ChannelIndex;0
#AttenuationFilter;0
#Stitched;0
#ExcitationWavelength_nm;0
#SoftwareVersion;3.310000
#FirmwareVersion;
#Motor_FirmwareVersion;
#ReconstructionAlgorithms_SoftwareVersion;
#Sensor_FirmwareVersion;
#InstrSeriesIdentifier;MUN_CCS_SERIES
#RefGainIndex;0
#RefSignalInPerecent;0.0
#BBRefGainIndex;0
#BBRefSignalInPerecent;0.0
#AutogainStatus;0
#Name;
#Comment;""
#ExtComment;""
#Source;
[Data]
1.960870056e+02;7.594913244e-03
1.962940979e+02;8.154219016e-03
1.965012054e+02;1.827766374e-02
1.967083282e+02;4.518728703e-03
1.969154510e+02;9.860103950e-03
1.971225891e+02;2.029815689e-03
1.973297424e+02;-1.857362920e-03
1.975368958e+02;-6.975015160e-03
1.977440643e+02;8.154219016e-03
1.979512482e+02;7.434112485e-04
1.981584320e+02;-3.472359676e-04
1.983656311e+02;-8.261419833e-03
1.985728455e+02;1.246786909e-03
1.987800751e+02;5.525480025e-03
1.989873047e+02;1.176174451e-02
1.991945496e+02;-1.038678363e-02
1.994018097e+02;-9.554815188e-05
1.996090698e+02;7.203398738e-03
1.998163452e+02;1.386613469e-03
2.000236359e+02;5.022104364e-03
2.002309418e+02;2.253538230e-03
2.004382477e+02;3.763665212e-03
2.006455688e+02;-5.632680375e-03
2.008528900e+02;1.248884294e-02
2.010602417e+02;5.050069652e-03
2.012675934e+02;2.309468808e-03
2.014749451e+02;6.644092500e-03
2.016823273e+02;-1.066643652e-02
2.018897095e+02;-3.115802072e-03
2.020971069e+02;-1.829397632e-03
2.023045044e+02;8.552725194e-04
2.025119171e+02;1.834058436e-03
2.027193451e+02;-1.186195412e-03
2.029267883e+02;4.490763415e-03
2.031342316e+02;-1.437883242e-03
2.033416901e+02;8.601664566e-03
2.035491638e+02;3.931457177e-03
2.037566376e+02;2.309468808e-03
2.039641418e+02;7.874566130e-03
2.041716309e+02;3.735699924e-03
2.043791504e+02;1.103464700e-02
2.045866699e+02;5.777167622e-03
2.047942047e+02;8.405907080e-03
2.050017548e+02;-5.996229127e-03
2.052093048e+02;1.592857577e-02
2.054168701e+02;-7.387503865e-04
2.056244507e+02;-1.794440905e-04
2.058320312e+02;1.285239216e-02
2.060396423e+02;-7.170772646e-03
2.062472534e+02;9.356727824e-03
2.064548645e+02;4.378902260e-03
2.066624908e+02;1.666266588e-03
2.068701324e+02;6.028855685e-03
2.070777893e+02;-6.080125459e-03
2.072854462e+02;-4.374240991e-03
2.074931335e+02;5.413618870e-03
2.077008057e+02;-5.856402684e-03
2.079085083e+02;-1.254011318e-02
2.081162109e+02;5.889028776e-03
2.083239288e+02;1.190856332e-03
2.085316467e+02;-7.107850397e-04
2.087393951e+02;3.931457177e-03
2.089471436e+02;8.741490543e-03
2.091548920e+02;-1.745501650e-03
2.093626709e+02;1.190856332e-03
2.095704498e+02;4.882277455e-03
2.097782440e+02;-6.443674210e-03
2.099860382e+02;3.959422465e-03
2.101938629e+02;1.089482009e-02
2.104016724e+02;-2.696322277e-03
2.106095123e+02;-5.709584802e-04
2.108173523e+02;1.055923663e-02
2.110252075e+02;-5.996229127e-03
2.112330780e+02;5.078034941e-03
2.114409637e+02;9.244866669e-03
2.116488495e+02;9.021144360e-03
2.118567505e+02;-4.206449259e-03
2.120646515e+02;-9.044448845e-03
2.122725677e+02;1.760649495e-02
2.124804993e+02;3.798621765e-04
2.126884460e+02;1.030754857e-02
2.128963928e+02;2.617087215e-03
2.131043549e+02;4.322971217e-03
2.133123322e+02;2.378682978e-02
2.135203094e+02;1.134226471e-02
2.137283173e+02;-3.339524614e-03
2.139363098e+02;1.358648180e-03
2.141443329e+02;5.022104364e-03
2.143523560e+02;2.533191349e-03
2.145603943e+02;1.162191853e-02
2.147684479e+02;3.428081283e-03
2.149765015e+02;1.265663467e-02
2.151845703e+02;-2.074094082e-04
2.153926544e+02;-6.219951902e-03
2.156007538e+02;1.083888952e-02
2.158088531e+02;-7.534321398e-03
2.160169678e+02;8.294045925e-03
2.162250824e+02;4.798381589e-03
2.164332123e+02;1.156598795e-02
2.166413574e+02;1.834058436e-03
2.168495178e+02;4.910243209e-03
2.170576782e+02;-2.074094082e-04
2.172658691e+02;5.245826673e-03
2.174740448e+02;-3.003940685e-03
2.176822510e+02;1.148209162e-02
2.178904572e+02;1.100668125e-02
2.180986786e+02;1.302018389e-02
2.183069000e+02;1.425065752e-02
2.185151520e+02;1.582370722e-03
2.187234039e+02;7.762704976e-03
2.189316559e+02;7.147468161e-03
2.191399384e+02;1.671160571e-02
2.193482208e+02;-2.724287566e-03
2.195565186e+02;2.680009347e-04
2.197648163e+02;1.114650816e-02
2.199731293e+02;2.505226061e-03
2.201814575e+02;6.224612705e-03
2.203898010e+02;5.525480025e-03
2.205981445e+02;-2.220911905e-03
2.208065033e+02;-5.709584802e-04
2.210148773e+02;4.071283620e-03
2.212232513e+02;2.868775045e-03
2.214316406e+02;-6.471639499e-03
2.216400452e+02;3.518968588e-04
2.218484650e+02;1.027958281e-02
2.220568848e+02;7.371190470e-03
2.222653198e+02;1.844545454e-02
2.224737549e+02;-1.018403564e-03
2.226822205e+02;1.399897039e-02
2.228906860e+02;7.818635553e-03
2.230991516e+02;1.539723575e-02
2.233076477e+02;-2.752252854e-03
2.235161438e+02;6.923745386e-03
2.237246552e+02;6.315499777e-04
2.239331665e+02;1.092278585e-02
2.241416931e+02;7.566947956e-03
2.243502350e+02;1.377524715e-02
2.245587921e+02;-1.027492248e-02
2.247673492e+02;-3.311559325e-03
2.249759216e+02;5.476540537e-04
2.251845093e+02;-1.493813819e-03
2.253930969e+02;1.520147827e-02
2.256017151e+02;8.545733988e-03
2.258103180e+02;-4.877616651e-03
2.260189514e+02;1.685143262e-02
2.262275848e+02;5.217861384e-03
2.264362335e+02;-4.311319208e-04
2.266448975e+02;1.610336010e-03
2.268535614e+02;9.776207618e-03
2.270622406e+02;-7.114842068e-03
2.272709351e+02;-7.387503865e-04
2.274796295e+02;7.147468161e-03
2.276883392e+02;6.084786262e-03
2.278970642e+02;7.713765954e-04
2.281058044e+02;-6.695362274e-03
2.283145447e+02;7.483051624e-03
2.285233002e+02;1.051029656e-03
2.287320557e+02;4.015353043e-03
2.289408417e+02;1.576078497e-02
2.291496277e+02;1.220919006e-02
2.293584137e+02;1.002090430e-04
2.295672302e+02;-9.554815188e-05
2.297760468e+02;3.120462876e-03
2.299848785e+02;9.943999350e-03
2.301937103e+02;-3.752012854e-04
2.304025726e+02;-5.101339426e-03
2.306114197e+02;-1.318331528e-02
2.308202972e+02;6.811884232e-03
2.310291748e+02;1.176174451e-02
2.312380676e+02;1.369135175e-02
2.314469757e+02;3.623838536e-03
2.316558990e+02;-5.604715087e-03
2.318648224e+02;3.260289552e-03
2.320737610e+02;6.867814809e-03
2.322826996e+02;7.343225181e-03
2.324916534e+02;-3.982726950e-03
2.327006226e+02;9.580450132e-03
2.329096069e+02;1.666266588e-03
2.331185913e+02;-8.261419833e-03
2.333275909e+02;1.528537460e-02
2.335366058e+02;7.650843821e-03
2.337456207e+02;7.315259892e-03
2.339546661e+02;5.756194005e-04
2.341636963e+02;1.223715488e-02
2.343727570e+02;4.742451012e-03
2.345818176e+02;6.867814809e-03
2.347908936e+02;6.867814809e-03
2.349999847e+02;2.113012411e-02
2.352090759e+02;-9.352066554e-03
2.354181824e+02;5.861063488e-03
2.356273041e+02;8.377942257e-03
2.358364258e+02;8.552725194e-04
2.360455627e+02;-1.100202091e-02
2.362547150e+02;-1.465848531e-03
2.364638824e+02;5.637341179e-03
2.366730499e+02;-4.793720786e-03
2.368822327e+02;8.461837657e-03
2.370914154e+02;8.713525720e-03
2.373006287e+02;1.687939651e-02
2.375098419e+02;-7.646183018e-03
2.377190552e+02;1.002090430e-04
2.379282990e+02;1.967592910e-02
2.381375427e+02;1.050330605e-02
2.383468018e+02;5.777167622e-03
2.385560608e+02;7.734739687e-03
2.387653503e+02;2.225572942e-03
2.389746246e+02;4.994139075e-03
2.391839294e+02;-1.941258903e-03
2.393932343e+02;3.903491655e-03
2.396025543e+02;3.819595790e-03
2.398118896e+02;1.816580258e-02
2.400212402e+02;1.078295894e-02
2.402305908e+02;5.476540537e-04
2.404399414e+02;-3.311559325e-03
2.406493225e+02;7.874566130e-03
2.408587036e+02;9.692311287e-03
2.410681000e+02;-2.612426411e-03
2.412775116e+02;6.504266057e-03
2.414869232e+02;9.776207618e-03
2.416963501e+02;-6.471639499e-03
2.419057922e+02;8.685559966e-03
2.421152344e+02;5.245826673e-03
2.423246918e+02;1.626416110e-02
2.425341644e+02;8.545733988e-03
2.427436371e+02;1.654381305e-02
2.429531403e+02;2.812844468e-03
2.431626434e+02;6.308508571e-03
2.433721466e+02;-2.556495834e-03
2.435816650e+02;-1.885328209e-03
2.437911987e+02;1.313204505e-02
2.440007477e+02;1.276849583e-02
2.442103119e+02;1.615229994e-02
2.444198761e+02;1.525740884e-02
2.446294403e+02;3.288254840e-03
2.448390350e+02;1.095075067e-02
2.450486298e+02;-1.044271421e-02
2.452582397e+02;4.798381589e-03
2.454678650e+02;7.091537584e-03
2.456774902e+02;2.253538230e-03
2.458871307e+02;-9.519859217e-03
2.460967865e+02;-4.821686074e-03
2.463064423e+02;6.923745386e-03
2.465161133e+02;7.902531885e-03
2.467257996e+02;-1.158230123e-03
2.469354858e+02;4.910243209e-03
2.471451874e+02;9.832138196e-03
2.473549042e+02;4.267040640e-03
2.475646362e+02;-5.604715087e-03
2.477743683e+02;2.533191349e-03
2.479841156e+02;5.106000230e-03
2.481938782e+02;9.999929927e-03
2.484036407e+02;-3.143767361e-03
2.486134186e+02;1.380321290e-02
2.488232117e+02;6.923745386e-03
2.490330048e+02;8.713525720e-03
2.492428284e+02;3.260289552e-03
2.494526367e+02;-1.186195412e-03
2.496624756e+02;1.036347914e-02
2.498723145e+02;8.685559966e-03
2.500821686e+02;6.588161923e-03
2.502920380e+02;1.011179108e-02
2.505019073e+02;1.251680870e-02
2.507117920e+02;7.203398738e-03
2.509216919e+02;1.528537460e-02
2.511315918e+02;-6.548544043e-04
2.513415222e+02;9.943999350e-03
2.515514374e+02;1.002789568e-02
2.517613831e+02;-5.828437395e-03
2.519713287e+02;1.414578757e-03
2.521812897e+02;-4.765755497e-03
2.523912659e+02;-1.829397632e-03
2.526012421e+02;5.693271756e-03
2.528112335e+02;3.595873248e-03
2.530212402e+02;3.875526367e-03
2.532312469e+02;1.151005737e-02
2.534412689e+02;8.517768234e-03
2.536513062e+02;2.840809757e-03
2.538613586e+02;-5.856402684e-03
2.540714111e+02;2.034709603e-02
2.542814789e+02;8.154219016e-03
2.544915466e+02;6.448335480e-03
2.547016449e+02;3.595873248e-03
2.549117432e+02;1.100668125e-02
2.551218567e+02;5.413618870e-03
2.553319702e+02;9.244866669e-03
2.555420990e+02;1.011179108e-02
2.557522430e+02;1.536927000e-02
2.559623871e+02;6.140716840e-03
2.561725464e+02;3.931457177e-03
2.563827209e+02;2.840809757e-03
2.565928955e+02;1.220919006e-02
2.568031006e+02;1.030754857e-02
2.570133057e+02;3.819595790e-03
2.572235107e+02;6.364439148e-03
2.574337463e+02;3.791630501e-03
2.576439819e+02;-8.009731770e-03
2.578542480e+02;-6.863154005e-03
2.580644836e+02;1.606840268e-02
2.582747498e+02;1.324390620e-02
2.584850464e+02;4.574659280e-03
2.586953430e+02;4.183144774e-03
2.589056396e+02;1.806093147e-03
2.591159363e+02;3.847561078e-03
2.593262634e+02;9.943999350e-03
2.595365906e+02;9.608415887e-03
2.597469482e+02;-4.010692239e-03
2.599573059e+02;6.280543283e-03
2.601676636e+02;-1.801432343e-03
2.603780212e+02;6.595153245e-04
2.605884094e+02;1.058720145e-02
2.607988281e+02;1.408286579e-02
2.610092163e+02;7.993418840e-04
2.612196350e+02;-5.297096446e-03
2.614300842e+02;2.309468808e-03
2.616405029e+02;9.671337903e-04
2.618509521e+02;9.412658401e-03
2.620614319e+02;6.308508571e-03
2.622718811e+02;-1.186195412e-03
2.624823608e+02;1.016772166e-02
2.626928711e+02;-3.087836783e-03
2.629033508e+02;-6.583501119e-03
2.631138916e+02;-5.772506818e-03
2.633244019e+02;-4.681859631e-03
2.635349426e+02;5.301757250e-03
2.637454834e+02;4.798381589e-03
2.639560242e+02;1.282442641e-02
2.641665955e+02;4.099248908e-03
2.643771973e+02;1.561396639e-04
2.645877686e+02;1.229308546e-02
2.647983704e+02;5.133965518e-03
2.650089722e+02;6.315499777e-04
2.652196045e+02;6.979676429e-03
2.654302368e+02;1.078295894e-02
2.656408691e+02;-9.345075814e-04
2.658515320e+02;1.526440028e-03
2.660621948e+02;-5.073374137e-03
2.662728577e+02;-6.359778345e-03
2.664835510e+02;-3.472359676e-04
2.666942444e+02;-5.989238271e-04
2.669049377e+02;5.553445313e-03
2.671156616e+02;-2.724287566e-03
2.673263855e+02;4.490763415e-03
2.675371094e+02;9.188936092e-03
2.677478638e+02;5.022104364e-03
2.679586182e+02;-5.380992312e-03
2.681694031e+02;1.536927000e-02
2.683801575e+02;-5.353027023e-03
2.685909729e+02;8.405907080e-03
2.688017578e+02;1.386613469e-03
2.690125732e+02;2.728948602e-03
2.692233887e+02;6.308508571e-03
2.694342346e+02;2.113711555e-03
2.696450806e+02;3.791630501e-03
2.698559265e+02;6.979676429e-03
2.700667725e+02;7.622878533e-03
2.702776489e+02;1.346762944e-02
2.704885559e+02;1.321594138e-02
2.706994324e+02;7.762704976e-03
2.709103394e+02;1.526440028e-03
2.711212769e+02;4.546693992e-03
2.713321838e+02;-7.667156751e-04
2.715431213e+02;-2.500565024e-03
2.717540894e+02;7.427121047e-03
2.719650269e+02;-6.275882479e-03
2.721760254e+02;2.096233331e-02
2.723869934e+02;5.805132911e-03
2.725979919e+02;8.210149594e-03
2.728089905e+02;-4.989478271e-03
2.730199890e+02;5.217861384e-03
2.732310181e+02;1.100668125e-02
2.734420471e+02;9.916034527e-03
2.736531067e+02;4.546693992e-03
2.738641663e+02;2.166146599e-02
2.740752258e+02;5.413618870e-03
2.742862854e+02;8.014393039e-03
2.744973755e+02;-1.997189596e-03
2.747084961e+02;5.861063488e-03
2.749195862e+02;2.673017792e-03
2.751307068e+02;4.742451012e-03
2.753418274e+02;1.414578757e-03
2.755529785e+02;1.766242646e-02
2.757641296e+02;2.281503519e-03
2.759752808e+02;1.783021726e-02
2.761864624e+02;1.167784911e-02
2.763976440e+02;5.665306468e-03
2.766088562e+02;1.374728233e-02
2.768200378e+02;7.846601307e-03
2.770312500e+02;7.035607006e-03
2.772424927e+02;3.239315411e-04
2.774537354e+02;3.239315411e-04
2.776649780e+02;3.679769114e-03
2.778762207e+02;1.391507406e-02
2.780874939e+02;-1.052661054e-02
2.782987671e+02;8.552725194e-04
2.785100708e+02;3.651803825e-03
2.787213745e+02;3.288254840e-03
2.789326782e+02;1.251680870e-02
2.791439819e+02;5.972925108e-03
2.793553162e+02;1.862023841e-03
2.795666504e+02;1.746666804e-02
2.797780151e+02;1.561396639e-04
2.799893799e+02;7.175433449e-03
2.802007446e+02;-1.633640379e-03
2.804121399e+02;-3.870865563e-03
2.806235352e+02;2.840809757e-03
2.808349304e+02;-3.059871495e-03
2.810463562e+02;5.245826673e-03
2.812577820e+02;-1.214160700e-03
2.814692078e+02;1.620822959e-02
2.816806641e+02;7.594913244e-03
2.818921204e+02;8.545733988e-03
2.821036072e+02;-6.639431696e-03
2.823150635e+02;7.343225181e-03
2.825265808e+02;3.539942671e-03
2.827380676e+02;-2.913053613e-04
2.829495850e+02;8.517768234e-03
2.831611023e+02;-4.206449259e-03
2.833726501e+02;2.393364673e-03
2.835841675e+02;-3.003940685e-03
2.837957458e+02;1.302717486e-03
2.840072937e+02;4.938208498e-03
2.842188721e+02;7.119502872e-03
2.844304504e+02;-1.108591631e-02
2.846420593e+02;-2.975975396e-03
2.848536682e+02;8.937248029e-03
2.850652771e+02;-1.745501650e-03
2.852769165e+02;1.638301299e-03
2.854885559e+02;7.259329315e-03
2.857001953e+02;1.525740884e-02
2.859118652e+02;1.643195190e-02
2.861235352e+02;-7.198737934e-03
2.863352051e+02;1.911662146e-02
2.865469055e+02;-5.884367973e-03
2.867586060e+02;9.916034527e-03
2.869703064e+02;-6.611466408e-03
2.871820374e+02;-4.590972385e-04
2.873937683e+02;4.350936506e-03
2.876055298e+02;-3.926795907e-03
2.878172913e+02;1.687939651e-02
2.880290527e+02;2.309468808e-03
2.882408142e+02;6.839849520e-03
2.884526062e+02;2.029815689e-03
2.886643982e+02;-9.554815188e-05
2.888762207e+02;9.112031548e-04
2.890880432e+02;8.573698811e-03
2.892998657e+02;8.322011679e-03
2.895116882e+02;6.979676429e-03
2.897235413e+02;1.064313203e-02
2.899354248e+02;-6.639431696e-03
2.901472778e+02;3.791630501e-03
2.903591614e+02;4.295005929e-03
2.905710754e+02;-2.913053613e-04
2.907829590e+02;2.952671144e-03
2.909948730e+02;-2.668356989e-03
2.912068176e+02;-1.256807800e-02
2.914187317e+02;7.147468161e-03
2.916306763e+02;5.078034941e-03
2.918426514e+02;1.391507406e-02
2.920546265e+02;1.313204505e-02
2.922666016e+02;1.072702836e-02
2.924785767e+02;1.701922342e-02
2.926905823e+02;6.811884232e-03
2.929025879e+02;1.288035698e-02
2.931146240e+02;2.449295484e-03
2.933266296e+02;2.359107323e-02
2.935386963e+02;1.598450728e-02
2.937507324e+02;1.002789568e-02
2.939627991e+02;-4.625929054e-03
2.941748657e+02;-1.794440905e-04
2.943869629e+02;-4.290345125e-03
2.945990601e+02;5.301757250e-03
2.948111572e+02;1.666266588e-03
2.950232849e+02;9.832138196e-03
2.952354126e+02;2.645052504e-03
2.954475403e+02;-2.137016039e-03
2.956596680e+02;-4.989478271e-03
2.958718262e+02;6.616127212e-03
2.960840149e+02;4.966173787e-03
2.962962036e+02;8.433872834e-03
2.965083923e+02;-7.387503865e-04
2.967205811e+02;8.154219016e-03
2.969328003e+02;9.950990789e-04
2.971450195e+02;-3.759004176e-03
2.973572388e+02;-4.870625562e-04
2.975694885e+02;1.470509451e-03
2.977817383e+02;1.316001080e-02
2.979940186e+02;8.741490543e-03
2.982062683e+02;8.014393039e-03
2.984185791e+02;1.383117773e-02
2.986308594e+02;4.658555146e-03
2.988431702e+02;1.554405317e-03
2.990554810e+02;5.553445313e-03
2.992678223e+02;1.645991765e-02
2.994801636e+02;1.548113115e-02
2.996925049e+02;2.253538230e-03
2.999048462e+02;-3.199697938e-03
3.001172180e+02;5.441584159e-03
3.003296204e+02;4.798381589e-03
3.005419922e+02;-1.521779108e-03
3.007543945e+02;3.372150706e-03
3.009668274e+02;1.022365224e-02
3.011792297e+02;3.798621765e-04
3.013916626e+02;-4.765755497e-03
3.016041260e+02;-3.059871495e-03
3.018165588e+02;1.002789568e-02
3.020290222e+02;2.141676843e-03
3.022415161e+02;1.436251868e-02
3.024539795e+02;3.518968588e-04
3.026665039e+02;2.924705623e-03
3.028789978e+02;5.217861384e-03
3.030915222e+02;4.127214197e-03
3.033040466e+02;1.666266588e-03
3.035165710e+02;-3.752012854e-04
3.037291260e+02;1.816580258e-02
3.039416809e+02;7.594913244e-03
3.041542664e+02;-6.555535831e-03
3.043668518e+02;7.993418840e-04
3.045794373e+02;9.671337903e-04
3.047920532e+02;1.039144490e-02
3.050046387e+02;1.645991765e-02
3.052172852e+02;2.253538230e-03
3.054299011e+02;6.644092500e-03
3.056425476e+02;1.494979020e-02
3.058552246e+02;9.216900915e-03
3.060678711e+02;4.637581296e-04
3.062805481e+02;-1.047067996e-02
3.064932556e+02;-1.857362920e-03
3.067059326e+02;4.043318331e-03
3.069186401e+02;4.183144774e-03
3.071313782e+02;-4.311319208e-04
3.073440857e+02;4.938208498e-03
3.075568237e+02;2.281503519e-03
3.077695923e+02;2.673017792e-03
3.079823608e+02;-5.150278448e-04
3.081951294e+02;7.594913244e-03
3.084078979e+02;-2.192946617e-03
3.086206970e+02;3.651803825e-03
3.088334961e+02;1.441844925e-02
3.090463257e+02;7.147468161e-03
3.092591248e+02;6.783918943e-03
3.094719849e+02;1.162191853e-02
3.096848145e+02;2.365399385e-03
3.098976746e+02;6.168682128e-03
3.101105347e+02;-2.137016039e-03
3.103234253e+02;3.679769114e-03
3.105363159e+02;1.967592910e-02
3.107492065e+02;6.895780098e-03
3.109621277e+02;1.106261183e-02
3.111750183e+02;2.393364673e-03
3.113879700e+02;-6.415708922e-03
3.116008911e+02;-7.506356109e-03
3.118138428e+02;4.015353043e-03
3.120268250e+02;1.302018389e-02
3.122397766e+02;6.084786262e-03
3.124527588e+02;2.152163908e-02
3.126657715e+02;3.798621765e-04
3.128787842e+02;5.916994065e-03
3.130917969e+02;-2.248877194e-03
3.133048096e+02;-1.437883242e-03
3.135178528e+02;-2.808183664e-03
3.137308960e+02;-9.687650949e-03
3.139439392e+02;9.664346464e-03
3.141570129e+02;7.622878533e-03
3.143700867e+02;8.405907080e-03
3.145831909e+02;8.273071726e-04
3.147962952e+02;-4.821686074e-03
3.150093994e+02;2.328345366e-02
3.152225037e+02;2.812844468e-03
3.154356384e+02;1.162191853e-02
3.156487732e+02;-1.717536361e-03
3.158619385e+02;1.229308546e-02
3.160751038e+02;8.405907080e-03
3.162882690e+02;7.315259892e-03
3.165014648e+02;1.125836931e-02
3.167146606e+02;5.525480025e-03
3.169278564e+02;-6.555535831e-03
3.171410828e+02;-5.150278448e-04
3.173543091e+02;8.685559966e-03
3.175675354e+02;1.051029656e-03
3.177807922e+02;4.350936506e-03
3.179940491e+02;1.142616104e-02
3.182073059e+02;3.148428164e-03
3.184205933e+02;1.302717486e-03
3.186338806e+02;9.440624155e-03
3.188471680e+02;-1.165221420e-05
3.190604858e+02;1.525740884e-02
3.192738037e+02;1.251680870e-02
3.194871521e+02;5.413618870e-03
3.197004700e+02;1.013975684e-02
3.199138184e+02;9.692311287e-03
3.201271973e+02;2.673017792e-03
3.203405762e+02;-1.074334141e-03
3.205539551e+02;-6.191986613e-03
3.207673340e+02;1.536927000e-02
3.209807434e+02;2.924705623e-03
3.211941833e+02;-6.331813056e-03
3.214075928e+02;6.727988366e-03
3.216210327e+02;8.322011679e-03
3.218344727e+02;1.654381305e-02
3.220479431e+02;-3.926795907e-03
3.222614136e+02;4.015353043e-03
3.224748840e+02;1.612433419e-02
3.226883850e+02;-3.759004176e-03
3.229018860e+02;-2.696322277e-03
3.231153870e+02;1.131429989e-02
3.233289185e+02;-5.408957601e-03
3.235424500e+02;1.903272606e-02
3.237559814e+02;7.434112485e-04
3.239695435e+02;2.924705623e-03
3.241831055e+02;1.525740884e-02
3.243966675e+02;4.183144774e-03
3.246102600e+02;3.428081283e-03
3.248238525e+02;1.013975684e-02
3.250374451e+02;6.448335480e-03
3.252510681e+02;3.903491655e-03
3.254646912e+02;-1.235134696e-04
3.256783447e+02;1.506165229e-02
3.258919983e+02;1.111854240e-02
3.261056519e+02;4.742451012e-03
3.263193054e+02;3.518968588e-04
3.265329895e+02;8.126254193e-03
3.267466736e+02;-6.758284144e-05
3.269603882e+02;4.378902260e-03
3.271741028e+02;1.374728233e-02
3.273878174e+02;5.161930807e-03
3.276015625e+02;3.875526367e-03
3.278152771e+02;9.804172441e-03
3.280290527e+02;2.253538230e-03
3.282427979e+02;1.413879637e-02
3.284565735e+02;1.822173223e-02
3.286703796e+02;-7.198737934e-03
3.288841553e+02;5.385653116e-03
3.290979614e+02;1.862023841e-03
3.293117981e+02;5.441584159e-03
3.295256042e+02;4.938208498e-03
3.297394409e+02;-6.828197511e-04
3.299533081e+02;3.092497587e-03
3.301671448e+02;1.173377968e-02
3.303810425e+02;2.589121927e-03
3.305949097e+02;6.035846891e-04
3.308088074e+02;6.420369726e-03
3.310227051e+02;6.420369726e-03
3.312366028e+02;5.217861384e-03
3.314505310e+02;1.383117773e-02
3.316644592e+02;6.280543283e-03
3.318784180e+02;-2.360738581e-03
3.320923767e+02;7.399155758e-03
3.323063354e+02;8.266081102e-03
3.325202942e+02;2.225572942e-03
3.327342834e+02;8.825386874e-03
3.329482727e+02;8.489803411e-03
3.331622925e+02;1.276849583e-02
3.333763123e+02;2.468171902e-02
3.335903320e+02;-7.114842068e-03
3.338043823e+02;1.750162570e-03
3.340184326e+02;4.357928119e-04
3.342324829e+02;-3.479351057e-03
3.344465332e+02;9.440624155e-03
3.346606140e+02;1.732684299e-02
3.348747253e+02;-1.242125989e-03
3.350888062e+02;1.072702836e-02
3.353029175e+02;5.609375890e-03
3.355170593e+02;1.498474739e-03
3.357311707e+02;1.834058436e-03
3.359453125e+02;-5.380992312e-03
3.361594849e+02;1.173377968e-02
3.363736572e+02;1.218122430e-02
3.365878296e+02;-2.864114242e-03
3.368020020e+02;-3.283593804e-03
3.370162048e+02;-2.360738581e-03
3.372304077e+02;4.406867549e-03
3.374446106e+02;1.330682891e-03
3.376588440e+02;1.841049816e-04
3.378730774e+02;4.295005929e-03
3.380873413e+02;4.910243209e-03
3.383016052e+02;1.862023841e-03
3.385158691e+02;2.160553448e-02
3.387301331e+02;-1.326021971e-03
3.389444275e+02;1.285239216e-02
3.391587524e+02;4.067787901e-02
3.393730469e+02;-7.310599089e-03
3.395873718e+02;1.806093147e-03
3.398016968e+02;-5.408957601e-03
3.400160522e+02;3.232324263e-03
3.402304077e+02;8.322011679e-03
3.404447632e+02;-3.199697938e-03
3.406591492e+02;2.309468808e-03
3.408735352e+02;1.332780253e-02
3.410879211e+02;5.756194005e-04
3.413023376e+02;1.472606789e-02
3.415167542e+02;9.888068773e-03
3.417311707e+02;1.638301299e-03
3.419456177e+02;-4.590972385e-04
3.421600647e+02;-1.158230123e-03
3.423745117e+02;8.377942257e-03
3.425889893e+02;9.671337903e-04
3.428034668e+02;2.085047215e-02
3.430179443e+02;2.980636433e-03
3.432324524e+02;-5.185235292e-03
3.434469604e+02;4.938208498e-03
3.436614990e+02;1.025161799e-02
3.438760376e+02;1.623619534e-02
3.440905762e+02;6.196647417e-03
3.443051147e+02;7.203398738e-03
3.445196838e+02;-7.450425532e-03
3.447342529e+02;-1.298056683e-03
3.449488525e+02;-9.624728700e-04
3.451634521e+02;1.631309897e-05
3.453780518e+02;2.505226061e-03
3.455926514e+02;2.120702993e-04
3.458072815e+02;3.735699924e-03
3.460219116e+02;1.766242646e-02
3.462365723e+02;9.133005515e-03
3.464512329e+02;3.539942671e-03
3.466658936e+02;7.343225181e-03
3.468805847e+02;-3.059871495e-03
3.470952759e+02;-3.870865563e-03
3.473099670e+02;1.722197281e-03
3.475246887e+02;3.456046572e-03
3.477394104e+02;4.183144774e-03
3.479541321e+02;2.400356025e-04
3.481688843e+02;8.937248029e-03
3.483836365e+02;-1.549744513e-03
3.485983887e+02;-8.233454078e-03
3.488131714e+02;-2.025154885e-03
3.490279541e+02;3.511977382e-03
3.492427673e+02;1.159395278e-02
3.494575500e+02;-8.506115992e-04
3.496723633e+02;8.713525720e-03
3.498872070e+02;7.147468161e-03
3.501020508e+02;4.630589858e-03
3.503168945e+02;1.078295894e-02
3.505317383e+02;8.832378080e-04
3.507466125e+02;9.049109183e-03
3.509614868e+02;-1.465848531e-03
3.511763916e+02;-2.752252854e-03
3.513912964e+02;2.756913891e-03
3.516062012e+02;-1.270091278e-03
3.518211060e+02;6.140716840e-03
3.520360413e+02;5.777167622e-03
3.522509766e+02;3.763665212e-03
3.524659424e+02;-2.913053613e-04
3.526809082e+02;6.923745386e-03
3.528958740e+02;5.721237045e-03
3.531108704e+02;1.051029656e-03
3.533258667e+02;-3.731038887e-03
3.535408630e+02;2.365399385e-03
3.537558899e+02;-4.430171568e-03
3.539709167e+02;-7.869905792e-03
3.541859436e+02;6.867814809e-03
3.544010010e+02;-4.290345125e-03
3.546160583e+02;-1.969224075e-03
3.548311157e+02;4.462798126e-03
3.550462036e+02;-1.186195412e-03
3.552612915e+02;7.175433449e-03
3.554763794e+02;1.386613469e-03
3.556914978e+02;-1.165221420e-05
3.559066162e+02;1.841748878e-02
3.561217651e+02;2.680009347e-04
3.563368835e+02;1.023064367e-03
3.565520325e+02;-5.772506818e-03
3.567672119e+02;-9.715615772e-03
3.569823914e+02;-6.387743633e-03
3.571975708e+02;5.805132911e-03
3.574127502e+02;-5.101339426e-03
3.576279602e+02;9.440624155e-03
3.578431702e+02;-6.219951902e-03
3.580584106e+02;8.273071726e-04
3.582736511e+02;9.999929927e-03
3.584888916e+02;-3.171732649e-03
3.587041626e+02;3.008601721e-03
3.589194031e+02;9.049109183e-03
3.591347046e+02;1.498474739e-03
3.593499756e+02;4.267040640e-03
3.595652771e+02;1.117447298e-02
3.597806091e+02;8.993178606e-03
3.599959106e+02;4.350936506e-03
3.602112427e+02;5.861063488e-03
3.604265747e+02;-1.125370804e-02
3.606419373e+02;2.784879180e-03
3.608572998e+02;1.455827616e-02
3.610726624e+02;-6.779258139e-03
3.612880554e+02;1.215325948e-02
3.615034485e+02;-3.192706790e-04
3.617188416e+02;-1.298056683e-03
3.619342651e+02;2.673017792e-03
3.621496887e+02;-4.290345125e-03
3.623651428e+02;3.875526367e-03
3.625805664e+02;-2.975975396e-03
3.627960510e+02;8.405907080e-03
3.630115051e+02;1.531333942e-02
3.632269897e+02;7.154459599e-04
3.634424744e+02;5.476540537e-04
3.636579590e+02;6.979676429e-03
3.638734741e+02;3.344185418e-03
3.640889893e+02;1.329983678e-02
3.643045349e+02;-7.387503865e-04
3.645200806e+02;-8.506115992e-04
3.647356262e+02;-1.270091278e-03
3.649511719e+02;-6.947049871e-03
3.651667480e+02;-3.395455191e-03
3.653823242e+02;-1.689571072e-03
3.655979309e+02;8.098288439e-03
3.658135376e+02;-8.960552514e-03
3.660291443e+02;8.832378080e-04
3.662447815e+02;-7.058911491e-03
3.664604187e+02;6.168682128e-03
3.666760559e+02;1.439048443e-02
3.668917236e+02;4.239075352e-03
3.671073914e+02;3.511977382e-03
3.673230591e+02;1.170581393e-02
3.675387268e+02;-3.703073598e-03
3.677544250e+02;2.756913891e-03
3.679701538e+02;4.295005929e-03
3.681858826e+02;-4.262379836e-03
3.684016113e+02;4.966173787e-03
3.686173401e+02;2.337434096e-03
3.688330994e+02;7.371190470e-03
3.690488586e+02;-3.954761662e-03
3.692646179e+02;1.413879637e-02
3.694804077e+02;1.192953717e-02
3.696961975e+02;4.854312167e-03
3.699119873e+02;3.903491655e-03
3.701278076e+02;5.413618870e-03
3.703436279e+02;1.498474739e-03
3.705594788e+02;-1.270091278e-03
3.707752991e+02;1.058720145e-02
3.709911804e+02;1.226512063e-02
3.712070312e+02;3.232324263e-03
3.714229126e+02;-9.743581526e-03
3.716387939e+02;1.103464700e-02
3.718547058e+02;1.106960350e-03
3.720706177e+02;3.567907959e-03
3.722865295e+02;-8.624969050e-03
3.725024414e+02;-3.283593804e-03
3.727183838e+02;1.508961711e-02
3.729343262e+02;-1.801432343e-03
3.731502991e+02;6.839849520e-03
3.733662720e+02;-2.836148953e-03
3.735822449e+02;3.428081283e-03
3.737982483e+02;5.133965518e-03
3.740142517e+02;4.630589858e-03
3.742302551e+02;5.476540537e-04
3.744462891e+02;-8.226463106e-04
3.746623230e+02;3.567907959e-03
3.748783569e+02;-6.443674210e-03
3.750944214e+02;4.630589858e-03
3.753104858e+02;1.889989129e-03
3.755265503e+02;1.469810307e-02
3.757426453e+02;5.749202333e-03
3.759587402e+02;2.169642365e-03
3.761748352e+02;7.091537584e-03
3.763909607e+02;2.959662233e-04
3.766070862e+02;1.204139832e-02
3.768232117e+02;3.875526367e-03
3.770393677e+02;5.469549447e-03
3.772555237e+02;1.109057758e-02
3.774717102e+02;-6.247917190e-03
3.776878662e+02;5.777167622e-03
3.779040833e+02;3.931457177e-03
3.781202698e+02;9.021144360e-03
3.783364868e+02;-1.102299429e-03
3.785527039e+02;3.036567010e-03
3.787689514e+02;-1.189691015e-02
3.789851685e+02;1.321594138e-02
3.792014465e+02;7.203398738e-03
3.794176941e+02;6.168682128e-03
3.796339722e+02;1.002090430e-04
3.798502502e+02;3.539942671e-03
3.800665588e+02;-7.897870615e-03
3.802828674e+02;-3.003940685e-03
3.804991760e+02;7.455086336e-03
3.807154846e+02;1.013975684e-02
3.809318237e+02;7.007641718e-03
3.811481934e+02;1.220919006e-02
3.813645325e+02;6.672057789e-03
3.815809021e+02;7.427121047e-03
3.817973022e+02;4.602624569e-03
3.820136719e+02;7.713765954e-04
3.822300720e+02;4.966173787e-03
3.824465027e+02;2.896740334e-03
3.826629028e+02;9.971965104e-03
3.828793335e+02;1.763446070e-02
3.830957947e+02;1.051029656e-03
3.833122253e+02;-1.465848531e-03
3.835286865e+02;-4.010692239e-03
3.837451782e+02;3.316220129e-03
3.839616394e+02;2.384276129e-02
3.841781616e+02;-1.353987260e-03
3.843946533e+02;4.183144774e-03
3.846111755e+02;1.058720145e-02
3.848276978e+02;-1.913293498e-03
3.850442200e+02;6.035846891e-04
3.852607727e+02;1.338373311e-02
3.854773254e+02;9.832138196e-03
3.856939087e+02;1.358648180e-03
3.859104614e+02;3.344185418e-03
3.861270752e+02;-6.695362274e-03
3.863436584e+02;4.742451012e-03
3.865602722e+02;-3.814934986e-03
3.867768860e+02;2.728948602e-03
3.869935303e+02;8.657595143e-03
3.872101746e+02;1.030754857e-02
3.874268188e+02;2.673017792e-03
3.876434631e+02;4.994139075e-03
3.878601379e+02;4.574659280e-03
3.880768127e+02;4.490763415e-03
3.882935181e+02;1.805393957e-02
3.885102234e+02;2.680009347e-04
3.887269287e+02;1.008382626e-02
3.889436646e+02;-1.381952548e-03
3.891604004e+02;1.153802220e-02
3.893771362e+02;1.246786909e-03
3.895939026e+02;-1.409917953e-03
3.898106689e+02;-6.415708922e-03
3.900274353e+02;4.434832837e-03
3.902442322e+02;2.449295484e-03
3.904610291e+02;1.778127858e-03
3.906778259e+02;1.279646158e-02
3.908946533e+02;-6.443674210e-03
3.911114807e+02;1.201343257e-02
3.913283081e+02;-1.102299429e-03
3.915451660e+02;1.841049816e-04
3.917620239e+02;7.706774399e-03
3.919788818e+02;-1.605675090e-03
3.921957703e+02;1.824969798e-02
3.924126587e+02;-4.262379836e-03
3.926295776e+02;4.574659280e-03
3.928464661e+02;6.874806131e-04
3.930634155e+02;-7.813974284e-03
3.932803345e+02;8.545733988e-03
3.934972839e+02;3.791630501e-03
3.937142334e+02;6.895780098e-03
3.939311829e+02;4.183144774e-03
3.941481628e+02;-6.471639499e-03
3.943651428e+02;1.545316633e-02
3.945821533e+02;1.086685527e-02
3.947991638e+02;-4.402206279e-03
3.950161743e+02;-3.647143021e-03
3.952332153e+02;-4.597963765e-03
3.954502258e+02;6.168682128e-03
3.956672974e+02;-1.198080648e-02
3.958843384e+02;7.706774399e-03
3.961014099e+02;9.021144360e-03
3.963184814e+02;5.078034941e-03
3.965355835e+02;9.300797246e-03
3.967526855e+02;2.076657675e-02
3.969697876e+02;7.930496708e-03
3.971869202e+02;6.336473860e-03
3.974040527e+02;-2.025154885e-03
3.976211853e+02;1.274053100e-02
3.978383484e+02;8.552725194e-04
3.980555115e+02;8.517768234e-03
3.982726746e+02;7.007641718e-03
3.984898682e+02;1.414578757e-03
3.987070618e+02;1.967592910e-02
3.989242554e+02;8.014393039e-03
3.991414795e+02;4.994139075e-03
3.993587036e+02;7.650843821e-03
3.995759277e+02;1.357949059e-02
3.997931824e+02;2.784879180e-03
4.000104370e+02;1.855731569e-02
4.002276917e+02;1.176174451e-02
4.004449768e+02;2.728948602e-03
4.006622620e+02;-1.633640379e-03
4.008795776e+02;-4.066622816e-03
4.010968933e+02;-2.192946617e-03
4.013142090e+02;8.154219016e-03
4.015315247e+02;-4.066622816e-03
4.017488708e+02;9.552485310e-03
4.019662170e+02;4.099248908e-03
4.021835938e+02;7.035607006e-03
4.024009399e+02;8.210149594e-03
4.026183472e+02;-6.758284144e-05
4.028357239e+02;-6.828197511e-04
4.030531311e+02;4.938208498e-03
4.032705383e+02;1.914458722e-02
4.034879761e+02;5.525480025e-03
4.037054138e+02;4.127214197e-03
4.039228516e+02;7.538982667e-03
4.041402893e+02;1.833359338e-02
4.043577576e+02;7.224372530e-05
4.045752563e+02;3.518968588e-04
4.047927246e+02;1.282442641e-02
4.050102234e+02;3.428081283e-03
4.052277222e+02;1.601247303e-02
4.054452515e+02;5.665306468e-03
4.056627808e+02;6.084786262e-03
4.058803101e+02;3.791630501e-03
4.060978699e+02;1.498474739e-03
4.063154297e+02;4.714485724e-03
4.065329895e+02;1.153802220e-02
4.067505798e+02;3.344185418e-03
4.069681702e+02;4.854312167e-03
4.071857605e+02;1.290832274e-02
4.074033813e+02;-2.472599735e-03
4.076210022e+02;6.476300769e-03
4.078386230e+02;8.832378080e-04
4.080562744e+02;-1.493813819e-03
4.082739258e+02;1.304814965e-02
4.084915771e+02;3.120462876e-03
4.087092590e+02;1.248884294e-02
4.089269409e+02;1.750162570e-03
4.091446533e+02;-3.143767361e-03
4.093623352e+02;1.011179108e-02
4.095800781e+02;6.252577994e-03
4.097977905e+02;-1.326021971e-03
4.100155334e+02;9.496554732e-03
4.102332764e+02;-8.345315233e-03
4.104510193e+02;-1.242125989e-03
4.106687927e+02;9.049109183e-03
4.108865662e+02;-8.506115992e-04
4.111043701e+02;1.254477352e-02
4.113221741e+02;3.539942671e-03
4.115399780e+02;-1.377058681e-02
4.117577820e+02;5.916994065e-03
4.119756165e+02;1.750162570e-03
4.121934509e+02;-2.752252854e-03
4.124113159e+02;-4.681859631e-03
4.126291809e+02;-5.429931916e-04
4.128470459e+02;-3.171732649e-03
4.130649414e+02;-6.527570076e-03
4.132828369e+02;1.666266588e-03
4.135007324e+02;1.145412680e-02
4.137186279e+02;8.322011679e-03
4.139365540e+02;1.531333942e-02
4.141545105e+02;-1.913293498e-03
4.143724365e+02;9.720277041e-03
4.145903931e+02;6.867814809e-03
4.148083801e+02;3.567907959e-03
4.150263367e+02;-1.007916499e-02
4.152443237e+02;-1.801432343e-03
4.154623413e+02;-7.813974284e-03
4.156803284e+02;7.818635553e-03
4.158983459e+02;2.728948602e-03
4.161163940e+02;1.190856332e-03
4.163344116e+02;8.909283206e-03
4.165524597e+02;1.318797562e-02
4.167705383e+02;3.903491655e-03
4.169885864e+02;1.232105121e-02
4.172066650e+02;3.623838536e-03
4.174247742e+02;-7.422460243e-03
4.176428833e+02;1.414578757e-03
4.178609924e+02;-3.814934986e-03
4.180791016e+02;-1.717536361e-03
4.182972412e+02;1.033551339e-02
4.185153809e+02;2.959662233e-04
4.187335205e+02;-4.569998477e-03
4.189516907e+02;1.078295894e-02
4.191698608e+02;1.190856332e-03
4.193880615e+02;-7.338564377e-03
4.196062622e+02;1.051029656e-03
4.198244629e+02;9.524519555e-03
4.200426636e+02;-3.786969464e-03
4.202608948e+02;1.727091148e-02
4.204791260e+02;1.016772166e-02
4.206973877e+02;1.206936315e-02
4.209156494e+02;-5.968263838e-03
4.211339111e+02;2.728948602e-03
4.213521729e+02;9.636380710e-03
4.215704651e+02;8.517768234e-03
4.217887573e+02;3.623838536e-03
4.220070801e+02;-5.185235292e-03
4.222254028e+02;2.205298096e-02
4.224437256e+02;1.190856332e-03
4.226620789e+02;6.727988366e-03
4.228804321e+02;2.896740334e-03
4.230987854e+02;5.721237045e-03
4.233171692e+02;-7.387503865e-04
4.235355225e+02;1.455827616e-02
4.237539368e+02;7.343225181e-03
4.239723206e+02;3.875526367e-03
4.241907349e+02;9.552485310e-03
4.244091797e+02;5.385653116e-03
4.246275940e+02;8.405907080e-03
4.248460388e+02;-6.268891157e-04
4.250645142e+02;3.707734402e-03
4.252829590e+02;3.798621765e-04
4.255014343e+02;5.022104364e-03
4.257199402e+02;2.309468808e-03
4.259384155e+02;3.400115995e-03
4.261569214e+02;1.369135175e-02
4.263754578e+02;1.234901603e-02
4.265939941e+02;1.824969798e-02
4.268125305e+02;-1.242125989e-03
4.270310669e+02;9.971965104e-03
4.272496338e+02;9.216900915e-03
4.274682007e+02;1.805393957e-02
4.276867676e+02;8.517768234e-03
4.279053650e+02;7.119502872e-03
4.281239624e+02;-4.905581940e-03
4.283425903e+02;2.421329962e-03
4.285611877e+02;2.840809757e-03
4.287798157e+02;9.077074938e-03
4.289984741e+02;1.106960350e-03
4.292171326e+02;8.210149594e-03
4.294357910e+02;1.201343257e-02
4.296544495e+02;-5.464888178e-03
4.298731384e+02;1.486589480e-02
4.300918274e+02;4.099248908e-03
4.303105469e+02;6.727988366e-03
4.305292664e+02;-2.556495834e-03
4.307479858e+02;1.805393957e-02
4.309667053e+02;-4.374240991e-03
4.311854553e+02;6.028855685e-03
4.314042358e+02;-5.017443560e-03
4.316229858e+02;4.574659280e-03
4.318417664e+02;5.525480025e-03
4.320605469e+02;2.400356025e-04
4.322793579e+02;4.434832837e-03
4.324981689e+02;3.148428164e-03
4.327169800e+02;1.841049816e-04
4.329358215e+02;8.098288439e-03
4.331546631e+02;-3.759004176e-03
4.333735046e+02;1.715905033e-02
4.335923462e+02;9.999929927e-03
4.338112183e+02;2.057780977e-03
4.340301208e+02;1.153802220e-02
4.342489929e+02;-4.542033188e-03
4.344678955e+02;1.251680870e-02
4.346868286e+02;2.393364673e-03
4.349057312e+02;1.254477352e-02
4.351246643e+02;1.671160571e-02
4.353436279e+02;1.095075067e-02
4.355625610e+02;2.619184740e-02
4.357815247e+02;9.860103950e-03
4.360005188e+02;2.896740334e-03
4.362194824e+02;7.790670265e-03
4.364384766e+02;7.007641718e-03
4.366575012e+02;4.574659280e-03
4.368765259e+02;9.356727824e-03
4.370955505e+02;1.281743607e-04
4.373145752e+02;7.874566130e-03
4.375336304e+02;6.700023077e-03
4.377526855e+02;-4.346275702e-03
4.379717407e+02;1.654381305e-02
4.381908264e+02;5.329722539e-03
4.384099121e+02;1.500572078e-02
4.386290283e+02;4.518728703e-03
4.388481140e+02;8.825386874e-03
4.390672607e+02;1.223715488e-02
4.392863770e+02;5.637341179e-03
4.395055237e+02;-6.268891157e-04
4.397246704e+02;5.413618870e-03
4.399438171e+02;6.224612705e-03
4.401629944e+02;3.288254840e-03
4.403821716e+02;5.189896096e-03
4.406013794e+02;1.067109779e-02
4.408205872e+02;-2.137016039e-03
4.410397949e+02;1.033551339e-02
4.412590332e+02;8.685559966e-03
4.414782410e+02;4.742451012e-03
4.416975098e+02;4.211110063e-03
4.419167480e+02;7.650843821e-03
4.421360168e+02;8.349976502e-03
4.423552856e+02;1.433455385e-02
4.425745850e+02;1.442544046e-03
4.427938843e+02;8.545733988e-03
4.430131836e+02;2.728948602e-03
4.432325134e+02;5.441584159e-03
4.434518433e+02;3.707734402e-03
4.436711731e+02;8.573698811e-03
4.438905029e+02;-1.005120017e-02
4.441098633e+02;-3.171732649e-03
4.443292542e+02;1.002789568e-02
4.445486145e+02;1.778127858e-03
4.447680054e+02;1.722197281e-03
4.449874268e+02;3.036567010e-03
4.452068176e+02;2.784879180e-03
4.454262390e+02;1.374728233e-02
4.456456909e+02;9.328763001e-03
4.458651123e+02;1.827766374e-02
4.460845642e+02;9.832138196e-03
4.463040466e+02;1.288035698e-02
4.465234985e+02;2.638760395e-02
4.467429810e+02;1.212529372e-02
4.469624939e+02;5.133965518e-03
4.471819763e+02;1.945919706e-03
4.474014893e+02;-2.248877194e-03
4.476210327e+02;1.206936315e-02
4.478405457e+02;7.091537584e-03
4.480601196e+02;-1.046368852e-03
4.482796631e+02;1.335576735e-02
4.484992371e+02;-4.374240991e-03
4.487188110e+02;-8.513107896e-03
4.489383850e+02;2.896740334e-03
4.491579895e+02;2.199704945e-02
4.493775940e+02;1.500572078e-02
4.495972290e+02;1.383117773e-02
4.498168335e+02;1.707515493e-02
4.500364685e+02;4.462798126e-03
4.502561340e+02;1.461420674e-02
4.504757996e+02;1.218122430e-02
4.506954651e+02;1.156598795e-02
4.509151306e+02;6.476300769e-03
4.511348267e+02;6.588161923e-03
4.513545227e+02;-1.857362920e-03
4.515742493e+02;7.231364027e-03
4.517939758e+02;7.119502872e-03
4.520137024e+02;1.349559426e-02
4.522334290e+02;1.145412680e-02
4.524531860e+02;7.371190470e-03
4.526729431e+02;2.617087215e-03
4.528927307e+02;5.441584159e-03
4.531125183e+02;1.025161799e-02
4.533323059e+02;6.035846891e-04
4.535521240e+02;4.183144774e-03
4.537719421e+02;-1.186195412e-03
4.539917603e+02;1.358648180e-03
4.542115784e+02;1.341169793e-02
4.544314270e+02;2.365399385e-03
4.546513062e+02;3.798621765e-04
4.548711548e+02;7.846601307e-03
4.550910339e+02;1.044737548e-02
4.553109131e+02;-6.136056036e-03
4.555308228e+02;6.979676429e-03
4.557507324e+02;6.420369726e-03
4.559706421e+02;6.252577994e-03
4.561905823e+02;-4.122553393e-03
4.564105225e+02;9.328763001e-03
4.566304626e+02;3.239315411e-04
4.568504333e+02;1.153802220e-02
4.570704041e+02;9.888068773e-03
4.572903748e+02;-2.913053613e-04
4.575103760e+02;-6.751292851e-03
4.577303772e+02;9.412658401e-03
4.579503784e+02;-1.689571072e-03
4.581704102e+02;2.169642365e-03
4.583904419e+02;5.665306468e-03
4.586104736e+02;2.980636433e-03
4.588305359e+02;-5.660645664e-03
4.590505981e+02;4.854312167e-03
4.592706604e+02;6.672057789e-03
4.594907532e+02;1.218821621e-03
4.597108459e+02;1.813783683e-02
4.599309692e+02;6.000890397e-03
4.601510620e+02;1.590061188e-02
4.603711853e+02;9.021144360e-03
4.605913391e+02;1.260070410e-02
4.608114929e+02;1.500572078e-02
4.610316467e+02;4.239075352e-03
4.612518005e+02;7.762704976e-03
4.614719849e+02;8.832378080e-04
4.616921692e+02;-2.081085462e-03
4.619123535e+02;-5.772506818e-03
4.621325684e+02;7.594913244e-03
4.623527832e+02;-4.765755497e-03
4.625730286e+02;7.483051624e-03
4.627932739e+02;5.217861384e-03
4.630135193e+02;1.405490097e-02
4.632337646e+02;3.008601721e-03
4.634540405e+02;1.036347914e-02
4.636743164e+02;6.811884232e-03
4.638946228e+02;6.560196634e-03
4.641149292e+02;4.071283620e-03
4.643352356e+02;2.400356025e-04
4.645555420e+02;1.103464700e-02
4.647758789e+02;5.189896096e-03
4.649962158e+02;1.610336010e-03
4.652165833e+02;-3.283593804e-03
4.654369507e+02;1.106261183e-02
4.656573181e+02;-7.981766947e-03
4.658777161e+02;9.272831492e-03
4.660980835e+02;2.225572942e-03
4.663185120e+02;1.769039221e-02
4.665389099e+02;-1.044271421e-02
4.667593384e+02;7.818635553e-03
4.669797668e+02;1.508961711e-02
4.672002258e+02;1.053127088e-02
4.674206848e+02;6.140716840e-03
4.676411438e+02;9.671337903e-04
4.678616333e+02;-1.577709801e-03
4.680821228e+02;4.127214197e-03
4.683026123e+02;3.120462876e-03
4.685231323e+02;9.300797246e-03
4.687436523e+02;1.159395278e-02
4.689641724e+02;4.490763415e-03
4.691847229e+02;1.416676212e-02
4.694052734e+02;1.036347914e-02
4.696258240e+02;3.120462876e-03
4.698464050e+02;1.973185875e-02
4.700669861e+02;3.623838536e-03
4.702875671e+02;6.895780098e-03
4.705081787e+02;-6.779258139e-03
4.707287903e+02;4.630589858e-03
4.709494019e+02;1.260070410e-02
4.711700439e+02;1.824969798e-02
4.713906860e+02;-2.640391700e-03
4.716113281e+02;1.318797562e-02
4.718320007e+02;8.993178606e-03
4.720526733e+02;7.846601307e-03
4.722733459e+02;7.343225181e-03
4.724940491e+02;1.237698179e-02
4.727147522e+02;7.538982667e-03
4.729354553e+02;1.302018389e-02
4.731561890e+02;2.082250640e-02
4.733769226e+02;2.337434096e-03
4.735976868e+02;1.041940972e-02
4.738184204e+02;8.832378080e-04
4.740391846e+02;1.632009074e-02
4.742599792e+02;1.582370722e-03
4.744807739e+02;6.392404437e-03
4.747015686e+02;-2.074094082e-04
4.749223633e+02;7.427121047e-03
4.751431885e+02;1.806093147e-03
4.753640137e+02;6.315499777e-04
4.755848694e+02;6.504266057e-03
4.758056946e+02;1.176174451e-02
4.760265503e+02;-1.514787873e-04
4.762474365e+02;1.374728233e-02
4.764683228e+02;6.308508571e-03
4.766892090e+02;1.178971026e-02
4.769100952e+02;2.980636433e-03
4.771310120e+02;8.965213783e-03
4.773519287e+02;1.556502748e-02
4.775728760e+02;4.099248908e-03
4.777938232e+02;4.267040640e-03
4.780147705e+02;1.151005737e-02
4.782357178e+02;4.546693992e-03
4.784566956e+02;8.657595143e-03
4.786777039e+02;1.444641501e-02
4.788986816e+02;7.790670265e-03
4.791196899e+02;1.416676212e-02
4.793406982e+02;8.294045925e-03
4.795617371e+02;7.119502872e-03
4.797827759e+02;1.137023047e-02
4.800038147e+02;4.211110063e-03
4.802248535e+02;4.427841486e-05
4.804459229e+02;1.223715488e-02
4.806670227e+02;1.604043692e-02
4.808880920e+02;3.456046572e-03
4.811091919e+02;1.903272606e-02
4.813302917e+02;4.714485724e-03
4.815514221e+02;1.436251868e-02
4.817725525e+02;1.148209162e-02
4.819936829e+02;9.776207618e-03
4.822148438e+02;1.095075067e-02
4.824360046e+02;1.195750199e-02
4.826571655e+02;8.657595143e-03
4.828783569e+02;1.313204505e-02
4.830995483e+02;1.436251868e-02
4.833207397e+02;2.784879180e-03
4.835419617e+02;1.464217249e-02
4.837631836e+02;6.644092500e-03
4.839844055e+02;2.003947832e-02
4.842056580e+02;1.254477352e-02
4.844269104e+02;3.304334730e-02
4.846481628e+02;1.486589480e-02
4.848694458e+02;8.266081102e-03
4.850907288e+02;2.015133947e-02
4.853120117e+02;1.458624192e-02
4.855333252e+02;6.644092500e-03
4.857546387e+02;1.246087812e-02
4.859759521e+02;1.204139832e-02
4.861972961e+02;-1.521779108e-03
4.864186401e+02;1.643195190e-02
4.866399841e+02;1.634805650e-02
4.868613586e+02;1.072702836e-02
4.870827332e+02;1.939627528e-02
4.873041077e+02;2.009540796e-02
4.875255127e+02;1.511758287e-02
4.877469177e+02;1.645991765e-02
4.879683228e+02;7.818635553e-03
4.881897583e+02;2.146570943e-02
4.884111938e+02;2.700983314e-03
4.886326599e+02;1.212529372e-02
4.888540955e+02;2.510119975e-02
4.890755615e+02;1.497775596e-02
4.892970581e+02;2.317159250e-02
4.895185547e+02;1.534130517e-02
4.897400513e+02;1.989965141e-02
4.899615479e+02;3.606360406e-02
4.901830750e+02;2.708673663e-02
4.904046021e+02;2.582829818e-02
4.906261597e+02;2.448596247e-02
4.908476868e+02;2.954768389e-02
4.910692749e+02;2.040302753e-02
4.912908325e+02;3.421789035e-02
4.915124207e+02;2.230466902e-02
4.917340088e+02;1.612433419e-02
4.919555969e+02;2.826127969e-02
4.921772156e+02;2.255635522e-02
4.923988342e+02;1.805393957e-02
4.926204834e+02;2.588422783e-02
4.928421326e+02;2.926803194e-02
4.930637817e+02;2.437410131e-02
4.932854309e+02;3.578395024e-02
4.935071106e+02;2.339531481e-02
4.937287903e+02;1.777428761e-02
4.939505005e+02;1.637602225e-02
4.941722107e+02;2.462578937e-02
4.943939209e+02;4.009060934e-02
4.946156616e+02;2.979937196e-02
4.948373718e+02;4.134904593e-02
4.950591431e+02;3.273573145e-02
4.952808838e+02;3.514074534e-02
4.955026550e+02;4.344644397e-02
4.957244263e+02;3.013495542e-02
4.959462280e+02;3.981095552e-02
4.961680298e+02;3.226032108e-02
4.963898315e+02;2.926803194e-02
4.966116638e+02;3.432975337e-02
4.968334961e+02;2.498933859e-02
4.970553284e+02;4.551587999e-02
4.972771606e+02;3.695849329e-02
4.974990234e+02;3.483312950e-02
4.977209167e+02;4.009060934e-02
4.979427795e+02;3.570005298e-02
4.981646729e+02;4.607518390e-02
4.983865662e+02;3.899995983e-02
4.986084900e+02;5.239534378e-02
4.988304138e+02;4.529215768e-02
4.990523376e+02;4.400575161e-02
4.992742920e+02;4.831241071e-02
4.994962463e+02;4.627094045e-02
4.997182007e+02;4.758531228e-02
4.999401855e+02;4.764124379e-02
5.001621704e+02;5.026997998e-02
5.003841553e+02;4.512436315e-02
5.006061707e+02;5.977818742e-02
5.008281860e+02;4.076177627e-02
5.010502014e+02;4.862002656e-02
5.012722473e+02;6.179169193e-02
5.014942932e+02;5.745706707e-02
5.017163391e+02;5.259110406e-02
5.019384155e+02;6.584665924e-02
5.021604919e+02;5.977818742e-02
5.023825684e+02;6.173576042e-02
5.026046753e+02;6.674154848e-02
5.028267822e+02;6.545514613e-02
5.030488892e+02;6.556700915e-02
5.032710266e+02;5.717741325e-02
5.034931641e+02;5.178010836e-02
5.037153015e+02;6.086883694e-02
5.039374695e+02;6.542718410e-02
5.041596375e+02;7.239054143e-02
5.043818054e+02;6.271454692e-02
5.046040039e+02;6.279844046e-02
5.048262024e+02;6.103662774e-02
5.050484314e+02;7.650144398e-02
5.052706299e+02;7.345322520e-02
5.054928589e+02;8.989682794e-02
5.057151184e+02;8.354870230e-02
5.059373779e+02;7.957763225e-02
5.061596375e+02;7.644551247e-02
5.063818970e+02;1.002440006e-01
5.066041870e+02;6.878302246e-02
5.068264771e+02;7.862681150e-02
5.070487671e+02;6.696527451e-02
5.072710876e+02;8.433173597e-02
5.074934082e+02;8.897397667e-02
5.077157593e+02;7.387270778e-02
5.079380798e+02;9.428738803e-02
5.081604614e+02;7.784377784e-02
5.083828125e+02;9.073579311e-02
5.086051941e+02;8.640116453e-02
5.088275757e+02;9.467890114e-02
5.090499573e+02;7.826326042e-02
5.092723694e+02;9.333656728e-02
5.094947815e+02;8.391225338e-02
5.097172241e+02;9.311284125e-02
5.099396667e+02;8.726809174e-02
5.101621094e+02;8.024879545e-02
5.103845520e+02;1.010829583e-01
5.106070251e+02;8.902990818e-02
5.108294983e+02;9.590937197e-02
5.110520020e+02;9.109933674e-02
5.112745056e+02;9.887369722e-02
5.114970093e+02;9.825845808e-02
5.117195129e+02;9.965672344e-02
5.119420471e+02;9.490261972e-02
5.121646118e+02;1.035159379e-01
5.123871460e+02;9.932114184e-02
5.126096802e+02;1.014744714e-01
5.128322754e+02;9.451110661e-02
5.130548706e+02;1.083819047e-01
5.132774658e+02;1.047184467e-01
5.135000610e+02;1.088573113e-01
5.137226562e+02;9.940503538e-02
5.139452515e+02;1.053336859e-01
5.141679077e+02;1.122131497e-01
5.143905640e+02;9.741950035e-02
5.146132202e+02;1.077946350e-01
5.148358765e+02;9.786694497e-02
5.150585327e+02;1.023973301e-01
5.152812500e+02;1.111784354e-01
5.155039062e+02;9.400773048e-02
5.157266235e+02;1.092767939e-01
5.159493408e+02;1.175824925e-01
5.161720581e+02;1.224204898e-01
5.163947754e+02;1.126046628e-01
5.166175537e+02;1.085776612e-01
5.168402710e+02;1.042150706e-01
5.170630493e+02;1.158766076e-01
5.172858276e+02;1.271186620e-01
5.175086060e+02;1.259720922e-01
5.177314453e+02;1.086335927e-01
5.179542236e+02;1.173308045e-01
5.181770630e+02;1.236229986e-01
5.183999023e+02;1.240704432e-01
5.186227417e+02;1.212179810e-01
5.188455811e+02;1.088293493e-01
5.190684204e+02;1.244899258e-01
5.192912598e+02;1.273983121e-01
5.195141602e+02;1.286287904e-01
5.197370605e+02;1.267830729e-01
5.199599609e+02;1.052777544e-01
5.201828613e+02;1.190926209e-01
5.204057617e+02;1.175824925e-01
5.206287231e+02;1.307541579e-01
5.208516235e+02;1.232035235e-01
5.210745850e+02;1.293838471e-01
5.212975464e+02;1.156808510e-01
5.215205078e+02;1.301948428e-01
5.217435303e+02;1.309219450e-01
5.219664917e+02;1.231475919e-01
5.221895142e+02;1.225323528e-01
5.224125366e+02;1.318168342e-01
5.226355591e+02;1.225323528e-01
5.228585815e+02;1.273144186e-01
5.230816040e+02;1.213018820e-01
5.233046875e+02;1.274822056e-01
5.235277100e+02;1.421080679e-01
5.237507935e+02;1.323761493e-01
5.239738770e+02;1.287686229e-01
5.241969604e+02;1.274542511e-01
5.244201050e+02;1.306982189e-01
5.246431885e+02;1.327396929e-01
5.248663330e+02;1.423877180e-01
5.250894775e+02;1.292440295e-01
5.253126221e+02;1.400945634e-01
5.255357666e+02;1.440936029e-01
5.257589111e+02;1.251051575e-01
5.259821167e+02;1.379971653e-01
5.262053223e+02;1.297474056e-01
5.264285278e+02;1.398428828e-01
5.266517334e+02;1.515323818e-01
5.268749390e+02;1.348091215e-01
5.270981445e+02;1.475053728e-01
5.273214111e+02;1.386403739e-01
5.275446167e+02;1.427792460e-01
5.277678833e+02;1.372141391e-01
5.279911499e+02;1.540772319e-01
5.282144165e+02;1.432546526e-01
5.284377441e+02;1.332989931e-01
5.286610107e+02;1.316770166e-01
5.288843384e+02;1.419402808e-01
5.291076660e+02;1.487078816e-01
5.293309937e+02;1.398708522e-01
5.295543213e+02;1.482883990e-01
5.297777100e+02;1.451003551e-01
5.300010376e+02;1.414928287e-01
5.302244263e+02;1.422479004e-01
5.304478149e+02;1.516162753e-01
5.306712036e+02;1.489316076e-01
5.308945923e+02;1.490993947e-01
5.311179810e+02;1.508891732e-01
5.313414307e+02;1.477290988e-01
5.315648804e+02;1.415207982e-01
5.317883301e+02;1.515323818e-01
5.320117798e+02;1.465265900e-01
5.322352295e+02;1.561746299e-01
5.324586792e+02;1.486799270e-01
5.326821899e+02;1.586076021e-01
5.329057007e+02;1.495188773e-01
5.331291504e+02;1.571254432e-01
5.333527222e+02;1.497985274e-01
5.335762329e+02;1.641447395e-01
5.337997437e+02;1.589991152e-01
5.340233154e+02;1.539094299e-01
5.342468262e+02;1.573491693e-01
5.344703979e+02;1.503858119e-01
5.346939697e+02;1.567059606e-01
5.349176025e+02;1.524552405e-01
5.351411743e+02;1.609007567e-01
5.353648071e+02;1.591389477e-01
5.355883789e+02;1.591948718e-01
5.358120117e+02;1.594745368e-01
5.360356445e+02;1.533221602e-01
5.362593384e+02;1.555593908e-01
5.364829712e+02;1.589431912e-01
5.367066650e+02;1.686191857e-01
5.369302979e+02;1.581321955e-01
5.371539917e+02;1.676683724e-01
5.373776855e+02;1.706886292e-01
5.376014404e+02;1.631100178e-01
5.378251343e+02;1.672768593e-01
5.380488892e+02;1.797773540e-01
5.382726440e+02;1.883347332e-01
5.384963379e+02;1.677522659e-01
5.387201538e+02;1.661023051e-01
5.389439087e+02;1.823781282e-01
5.391676636e+02;1.750791818e-01
5.393914795e+02;1.899287552e-01
5.396152954e+02;1.702691466e-01
5.398391113e+02;1.626346111e-01
5.400629272e+02;1.742961407e-01
5.402867432e+02;1.912710965e-01
5.405105591e+02;1.671649963e-01
5.407344360e+02;1.740164906e-01
5.409583130e+02;1.846712828e-01
5.411821899e+02;1.759740710e-01
5.414060669e+02;1.797773540e-01
5.416299438e+02;1.761698276e-01
5.418538818e+02;1.686471552e-01
5.420777588e+02;1.808679998e-01
5.423016968e+02;1.764774472e-01
5.425256348e+02;1.852865219e-01
5.427495728e+02;1.799171716e-01
5.429735107e+02;1.893135160e-01
5.431975098e+02;1.783790886e-01
5.434214478e+02;1.838882565e-01
5.436454468e+02;1.864610612e-01
5.438694458e+02;1.879711896e-01
5.440934448e+02;1.893135160e-01
5.443174438e+02;1.900126487e-01
5.445415039e+02;1.898448616e-01
5.447655640e+02;2.086095810e-01
5.449895630e+02;1.858458221e-01
5.452136230e+02;1.878593266e-01
5.454376831e+02;1.913270205e-01
5.456618042e+02;2.048342675e-01
5.458858643e+02;1.920820922e-01
5.461099854e+02;2.041910738e-01
5.463341064e+02;1.891736984e-01
5.465582275e+02;2.000242323e-01
5.467823486e+02;2.050859630e-01
5.470064697e+02;2.050300241e-01
5.472306519e+02;2.094485462e-01
5.474547729e+02;1.960811317e-01
5.476789551e+02;2.084697634e-01
5.479031372e+02;2.063723654e-01
5.481273193e+02;2.109586746e-01
5.483515015e+02;1.960811317e-01
5.485757446e+02;2.085536569e-01
5.487999878e+02;2.152093947e-01
5.490241699e+02;2.091409266e-01
5.492484131e+02;2.039393783e-01
5.494726562e+02;2.085536569e-01
5.496969604e+02;2.096163332e-01
5.499212036e+02;2.086095810e-01
5.501455078e+02;2.022334933e-01
5.503698120e+02;2.084697634e-01
5.505941162e+02;2.251370847e-01
5.508184204e+02;2.043308914e-01
5.510427246e+02;2.107908875e-01
5.512670898e+02;2.157407403e-01
5.514913940e+02;2.268709391e-01
5.517157593e+02;2.158805728e-01
5.519401245e+02;2.293039262e-01
5.521644897e+02;2.196838558e-01
5.523889160e+02;2.237667888e-01
5.526132812e+02;2.332749963e-01
5.528377075e+02;2.246616781e-01
5.530621338e+02;2.270946652e-01
5.532865601e+02;2.302547395e-01
5.535109863e+02;2.262277305e-01
5.537354126e+02;2.247176021e-01
5.539598999e+02;2.328555137e-01
5.541843262e+02;2.315691113e-01
5.544088135e+02;2.348969877e-01
5.546333008e+02;2.328275442e-01
5.548577881e+02;2.385604382e-01
5.550823364e+02;2.259760499e-01
5.553068237e+02;2.326317877e-01
5.555313721e+02;2.382807881e-01
5.557559204e+02;2.258082628e-01
5.559804688e+02;2.353164554e-01
5.562050171e+02;2.516482174e-01
5.564295654e+02;2.383087575e-01
5.566541748e+02;2.545845509e-01
5.568787231e+02;2.452721149e-01
5.571033325e+02;2.359037399e-01
5.573279419e+02;2.488516718e-01
5.575525513e+02;2.491592914e-01
5.577772217e+02;2.575209141e-01
5.580018311e+02;2.484321892e-01
5.582265015e+02;2.396231145e-01
5.584511719e+02;2.501380742e-01
5.586758423e+02;2.449085712e-01
5.589005127e+02;2.530744374e-01
5.591251831e+02;2.627224624e-01
5.593499146e+02;2.680917978e-01
5.595745850e+02;2.596183121e-01
5.597993164e+02;2.485160977e-01
5.600240479e+02;2.562624812e-01
5.602488403e+02;2.501380742e-01
5.604735718e+02;2.557031810e-01
5.606983032e+02;2.551438808e-01
5.609230957e+02;2.643724382e-01
5.611478882e+02;2.613801360e-01
5.613726807e+02;2.637292147e-01
5.615974731e+02;2.686790824e-01
5.618223267e+02;2.736009657e-01
5.620471191e+02;2.682875693e-01
5.622719727e+02;2.737407982e-01
5.624968262e+02;2.633656859e-01
5.627216797e+02;2.748034894e-01
5.629465332e+02;2.720349133e-01
5.631713867e+02;2.736569047e-01
5.633963013e+02;2.775440812e-01
5.636211548e+02;2.846472859e-01
5.638460693e+02;2.918902934e-01
5.640709839e+02;2.901844084e-01
5.642958984e+02;2.907716930e-01
5.645208740e+02;2.896810174e-01
5.647457886e+02;2.911632061e-01
5.649707642e+02;2.763695419e-01
5.651957397e+02;2.929250002e-01
5.654207153e+02;2.711959481e-01
5.656456909e+02;2.867446840e-01
5.658707275e+02;2.878073454e-01
5.660957031e+02;2.907157540e-01
5.663207397e+02;2.898488343e-01
5.665457764e+02;2.977350354e-01
5.667708130e+02;2.936241329e-01
5.669958496e+02;3.002798855e-01
5.672208862e+02;2.851226926e-01
5.674459839e+02;2.965045571e-01
5.676710205e+02;2.996926010e-01
5.678961182e+02;3.070754707e-01
5.681212158e+02;3.073271513e-01
5.683463745e+02;2.987697721e-01
5.685714722e+02;3.016222119e-01
5.687966309e+02;3.095643818e-01
5.690217285e+02;3.029086292e-01
5.692468872e+02;3.000002205e-01
5.694720459e+02;3.007832766e-01
5.696972046e+02;3.092567623e-01
5.699224243e+02;3.214496374e-01
5.701475830e+02;3.123049736e-01
5.703728027e+02;3.161641955e-01
5.705980225e+02;3.273782730e-01
5.708232422e+02;3.218970597e-01
5.710484619e+02;3.138710260e-01
5.712736816e+02;3.193522394e-01
5.714989624e+02;3.237707615e-01
5.717242432e+02;3.150176108e-01
5.719495239e+02;3.246656358e-01
5.721748047e+02;3.310976624e-01
5.724000854e+02;3.287765384e-01
5.726253662e+02;3.211140335e-01
5.728507080e+02;3.311256170e-01
5.730760498e+02;3.333069086e-01
5.733013306e+02;3.338102996e-01
5.735266724e+02;3.384525478e-01
5.737520752e+02;3.411092460e-01
5.739774170e+02;3.412210941e-01
5.742028198e+02;3.505894840e-01
5.744281616e+02;3.533300757e-01
5.746535645e+02;3.416685462e-01
5.748789673e+02;3.510089517e-01
5.751043701e+02;3.499742448e-01
5.753298340e+02;3.298392296e-01
5.755552368e+02;3.332789540e-01
5.757807007e+02;3.528267145e-01
5.760061646e+02;3.547842801e-01
5.762316284e+02;3.375576437e-01
5.764570923e+02;3.507572711e-01
5.766826172e+02;3.477929533e-01
5.769080811e+02;3.510648906e-01
5.771336060e+02;3.457514942e-01
5.773591309e+02;3.688228726e-01
5.775846558e+02;3.569655716e-01
5.778101807e+02;3.576367497e-01
5.780357666e+02;3.607129157e-01
5.782612915e+02;3.606570065e-01
5.784868774e+02;3.574409783e-01
5.787124634e+02;3.666415811e-01
5.789380493e+02;3.560986519e-01
5.791636353e+02;3.676203489e-01
5.793892212e+02;3.691025376e-01
5.796148682e+02;3.661381900e-01
5.798405151e+02;3.525750339e-01
5.800661621e+02;3.625027239e-01
5.802918091e+02;3.583638370e-01
5.805174561e+02;3.638170660e-01
5.807431030e+02;3.682355881e-01
5.809688110e+02;3.698296249e-01
5.811944580e+02;3.553715646e-01
5.814201660e+02;3.676483333e-01
5.816458740e+02;3.750032187e-01
5.818716431e+02;3.644323051e-01
5.820973511e+02;3.805123568e-01
5.823231201e+02;3.690745533e-01
5.825488281e+02;3.804564476e-01
5.827745972e+02;3.687669337e-01
5.830003662e+02;3.811835349e-01
5.832261963e+02;3.772404194e-01
5.834519653e+02;3.813233674e-01
5.836777344e+02;3.863571286e-01
5.839035645e+02;3.646280766e-01
5.841293945e+02;3.889858723e-01
5.843552246e+02;3.638170660e-01
5.845810547e+02;3.783031106e-01
5.848069458e+02;3.873358965e-01
5.850327759e+02;3.845393658e-01
5.852586670e+02;3.822182417e-01
5.854845581e+02;3.652153313e-01
5.857104492e+02;3.753108084e-01
5.859363403e+02;3.975991905e-01
5.861622925e+02;3.950263560e-01
5.863881836e+02;3.763175607e-01
5.866141357e+02;3.775760233e-01
5.868400879e+02;3.953899145e-01
5.870660400e+02;3.900765181e-01
5.872919922e+02;3.886223137e-01
5.875180054e+02;3.843995631e-01
5.877439575e+02;3.923696578e-01
5.879699707e+02;3.957814276e-01
5.881959839e+02;3.918662965e-01
5.884219971e+02;4.007312953e-01
5.886480103e+02;3.857418895e-01
5.888740234e+02;4.076946676e-01
5.891000977e+02;3.956975341e-01
5.893261719e+02;4.050099850e-01
5.895522461e+02;3.937120140e-01
5.897783203e+02;3.990533650e-01
5.900043945e+02;3.941594362e-01
5.902304688e+02;4.045625329e-01
5.904566040e+02;3.888180554e-01
5.906827393e+02;4.052616656e-01
5.909088135e+02;3.996406496e-01
5.911350098e+02;4.068277180e-01
5.913611450e+02;4.016821086e-01
5.915872803e+02;4.073311090e-01
5.918134766e+02;4.132597446e-01
5.920396118e+02;3.978228867e-01
5.922658081e+02;3.964246213e-01
5.924920044e+02;4.099039137e-01
5.927182617e+02;4.008990824e-01
5.929444580e+02;4.090929329e-01
5.931707153e+02;4.109666049e-01
5.933969116e+02;4.262356460e-01
5.936231689e+02;4.160562754e-01
5.938494263e+02;4.114699662e-01
5.940757446e+02;4.081980288e-01
5.943020020e+02;4.106310010e-01
5.945282593e+02;4.297592938e-01
5.947545776e+02;4.209502041e-01
5.949808960e+02;4.093725681e-01
5.952072144e+02;4.212298691e-01
5.954335327e+02;4.043947458e-01
5.956599121e+02;4.152452946e-01
5.958862305e+02;4.198875427e-01
5.961126099e+02;4.158605337e-01
5.963389893e+02;4.165596664e-01
5.965653687e+02;4.256763458e-01
5.967917480e+02;4.268229306e-01
5.970181885e+02;4.087573290e-01
5.972445679e+02;4.306541681e-01
5.974710083e+02;4.227120280e-01
5.976974487e+02;4.174545407e-01
5.979238892e+02;4.367506206e-01
5.981503296e+02;4.243060648e-01
5.983768311e+02;4.220967889e-01
5.986032715e+02;4.419801235e-01
5.988297729e+02;4.201392233e-01
5.990562744e+02;4.418402910e-01
5.992827759e+02;4.107988179e-01
5.995092773e+02;4.261797369e-01
5.997357788e+02;4.356599748e-01
5.999623413e+02;4.291720092e-01
6.001889038e+02;4.277457893e-01
6.004154663e+02;4.463706911e-01
6.006420288e+02;4.327236116e-01
6.008685913e+02;4.555992484e-01
6.010951538e+02;4.383166730e-01
6.013217773e+02;4.276618958e-01
6.015484009e+02;4.548721313e-01
6.017749634e+02;4.496985674e-01
6.020015869e+02;4.455317259e-01
6.022282715e+02;4.307101071e-01
6.024548950e+02;4.543128312e-01
6.026815796e+02;4.571653008e-01
6.029082031e+02;4.329193830e-01
6.031348877e+02;4.526628852e-01
6.033615723e+02;4.440495670e-01
6.035883179e+02;4.468460977e-01
6.038150024e+02;4.626744688e-01
6.040416870e+02;4.445809126e-01
6.042684326e+02;4.532501400e-01
6.044951782e+02;4.557670355e-01
6.047219238e+02;4.365828335e-01
6.049486694e+02;4.555153549e-01
6.051754761e+02;4.486638308e-01
6.054022217e+02;4.503977001e-01
6.056290283e+02;4.641845822e-01
6.058558350e+02;4.671768844e-01
6.060826416e+02;4.498383701e-01
6.063094482e+02;4.651633799e-01
6.065363159e+02;4.535298049e-01
6.067631226e+02;4.505934417e-01
6.069899902e+02;4.699174762e-01
6.072168579e+02;4.649396539e-01
6.074437256e+02;4.621431231e-01
6.076705933e+02;4.672048390e-01
6.078974609e+02;4.569415748e-01
6.081243896e+02;4.635134339e-01
6.083513184e+02;4.634574950e-01
6.085781860e+02;4.746436179e-01
6.088051147e+02;4.747834504e-01
6.090321045e+02;4.659184515e-01
6.092590332e+02;4.770206809e-01
6.094860229e+02;4.642684758e-01
6.097129517e+02;4.699734151e-01
6.099399414e+02;4.687988758e-01
6.101669312e+02;4.587033987e-01
6.103939209e+02;4.751190245e-01
6.106209717e+02;4.642405212e-01
6.108479614e+02;4.650235474e-01
6.110750122e+02;4.642405212e-01
6.113020630e+02;4.797053337e-01
6.115291138e+02;4.689946175e-01
6.117561646e+02;4.868924320e-01
6.119832764e+02;4.738605917e-01
6.122103271e+02;4.852424562e-01
6.124374390e+02;4.762376547e-01
6.126645508e+02;4.808239639e-01
6.128916626e+02;4.829493165e-01
6.131187744e+02;4.937439263e-01
6.133458862e+02;4.805163443e-01
6.135730591e+02;4.931566417e-01
6.138002319e+02;4.887661040e-01
6.140273438e+02;4.660582542e-01
6.142545166e+02;4.846831560e-01
6.144817505e+02;4.831730425e-01
6.147089233e+02;4.936879873e-01
6.149361572e+02;4.825018644e-01
6.151633301e+02;4.865848124e-01
6.153905640e+02;4.843475819e-01
6.156177979e+02;4.791739881e-01
6.158450317e+02;4.850746691e-01
6.160723267e+02;5.107188821e-01
6.162995605e+02;4.977149963e-01
6.165268555e+02;4.943312109e-01
6.167541504e+02;4.893254042e-01
6.169814453e+02;4.970438480e-01
6.172087402e+02;4.927651286e-01
6.174360352e+02;4.993369877e-01
6.176633911e+02;4.964565635e-01
6.178907471e+02;4.989175200e-01
6.181180420e+02;4.894092977e-01
6.183453979e+02;4.964565635e-01
6.185728149e+02;5.002039075e-01
6.188001709e+02;4.898847044e-01
6.190275879e+02;4.939117134e-01
6.192549438e+02;4.905279279e-01
6.194823608e+02;4.951981306e-01
6.197097778e+02;4.897169173e-01
6.199371948e+02;5.138230324e-01
6.201646729e+02;4.925693870e-01
6.203920898e+02;4.920939803e-01
6.206195679e+02;4.839840233e-01
6.208470459e+02;5.048182011e-01
6.210745239e+02;4.949744046e-01
6.213020020e+02;4.975192547e-01
6.215294800e+02;4.825018644e-01
6.217570190e+02;5.141865611e-01
6.219844971e+02;5.020775795e-01
6.222120361e+02;4.989175200e-01
6.224395752e+02;4.968480766e-01
6.226671143e+02;4.960091114e-01
6.228947144e+02;5.088172555e-01
6.231222534e+02;5.009310246e-01
6.233498535e+02;5.111942887e-01
6.235774536e+02;5.135154128e-01
6.238050537e+02;5.055453181e-01
6.240326538e+02;5.226321220e-01
6.242602539e+02;5.063842535e-01
6.244879150e+02;5.030283928e-01
6.247155762e+02;5.017979145e-01
6.249431763e+02;4.910592437e-01
6.251708374e+02;5.098519325e-01
6.253985596e+02;5.165076852e-01
6.256262207e+02;5.149975419e-01
6.258538818e+02;5.191364288e-01
6.260816040e+02;4.980505705e-01
6.263093262e+02;5.116137862e-01
6.265370483e+02;5.083418489e-01
6.267647705e+02;5.092646480e-01
6.269924927e+02;5.329512954e-01
6.272202759e+02;5.059368014e-01
6.274480591e+02;5.112781525e-01
6.276757812e+02;5.288124084e-01
6.279035645e+02;5.150255561e-01
6.281314087e+02;5.179618597e-01
6.283591919e+02;5.178779960e-01
6.285869751e+02;5.165635943e-01
6.288148193e+02;5.135433674e-01
6.290426636e+02;5.262396336e-01
6.292705078e+02;5.208702683e-01
6.294983521e+02;5.101875067e-01
6.297261963e+02;5.181576610e-01
6.299541016e+02;5.159204006e-01
6.301819458e+02;5.269947052e-01
6.304098511e+02;5.044826269e-01
6.306377563e+02;5.192483068e-01
6.308656616e+02;5.053215623e-01
6.310936279e+02;5.035597682e-01
6.313215332e+02;5.246176124e-01
6.315494995e+02;5.016860962e-01
6.317774658e+02;5.169271827e-01
6.320054321e+02;5.128162503e-01
6.322333984e+02;5.208982229e-01
6.324613647e+02;5.162839890e-01
6.326893921e+02;6.195598841e-01
6.329173584e+02;5.097680688e-01
6.331453857e+02;5.182694793e-01
6.333734131e+02;5.171508789e-01
6.336014404e+02;5.131518245e-01
6.338294678e+02;5.185491443e-01
6.340575562e+02;5.254566073e-01
6.342855835e+02;5.251769423e-01
6.345136719e+02;5.018538833e-01
6.347417603e+02;5.139908195e-01
6.349698486e+02;5.199753642e-01
6.351979980e+02;5.144941807e-01
6.354260864e+02;5.217092633e-01
6.356542358e+02;5.278056860e-01
6.358823853e+02;5.060486794e-01
6.361105347e+02;5.061325431e-01
6.363386841e+02;5.344054699e-01
6.365668335e+02;5.272184014e-01
6.367949829e+02;5.231634378e-01
6.370231934e+02;5.325877666e-01
6.372514038e+02;5.186051130e-01
6.374796143e+02;5.321682692e-01
6.377078247e+02;5.210101008e-01
6.379360352e+02;5.220727921e-01
6.381643066e+02;5.152212977e-01
6.383925171e+02;5.413967967e-01
6.386207886e+02;5.322241783e-01
6.388490601e+02;5.154449940e-01
6.390773315e+02;5.278056860e-01
6.393056030e+02;5.151094198e-01
6.395339355e+02;5.373978019e-01
6.397622070e+02;5.313293338e-01
6.399905396e+02;5.249482989e-01
6.402188721e+02;5.375551581e-01
6.404472046e+02;5.418671370e-01
6.406755371e+02;5.255773067e-01
6.409039307e+02;5.109018683e-01
6.411323242e+02;5.342451334e-01
6.413606567e+02;5.290048718e-01
6.415890503e+02;5.276582241e-01
6.418174438e+02;5.330626965e-01
6.420458984e+02;5.392369628e-01
6.422742920e+02;5.412636399e-01
6.425027466e+02;5.270649791e-01
6.427311401e+02;5.329090953e-01
6.429595947e+02;5.323665142e-01
6.431880493e+02;5.433152914e-01
6.434165649e+02;5.199702382e-01
6.436450195e+02;5.305062532e-01
6.438735352e+02;5.336872339e-01
6.441019897e+02;5.402411819e-01
6.443305054e+02;5.273928046e-01
6.445590210e+02;5.191113949e-01
6.447875977e+02;5.268308520e-01
6.450161133e+02;5.142468810e-01
6.452446899e+02;5.197540522e-01
6.454732056e+02;5.225822926e-01
6.457017822e+02;5.001747608e-01
6.459303589e+02;5.326843858e-01
6.461589966e+02;5.249202847e-01
6.463875732e+02;5.115220547e-01
6.466162109e+02;5.515105128e-01
6.468447876e+02;5.207605958e-01
6.470734253e+02;5.285813212e-01
6.473020630e+02;5.281291008e-01
6.475307617e+02;5.483274460e-01
6.477593994e+02;5.270717144e-01
6.479880981e+02;5.336052775e-01
6.482167358e+02;5.299844742e-01
6.484454346e+02;5.218613148e-01
6.486741333e+02;5.207146406e-01
6.489028320e+02;5.256021619e-01
6.491315918e+02;5.301907063e-01
6.493602905e+02;5.126938820e-01
6.495890503e+02;5.378172398e-01
6.498178101e+02;5.168992281e-01
6.500465698e+02;5.315250754e-01
6.502753296e+02;5.168712139e-01
6.505041504e+02;5.122849345e-01
6.507329102e+02;5.253726840e-01
6.509617310e+02;5.108307600e-01
6.511905518e+02;5.115857720e-01
6.514193726e+02;5.291759968e-01
6.516481934e+02;5.116417408e-01
6.518770142e+02;5.193321705e-01
6.521058960e+02;5.190805197e-01
6.523347778e+02;4.987776875e-01
6.525636597e+02;4.965125024e-01
6.527925415e+02;5.128162503e-01
6.530214233e+02;5.288683772e-01
6.532503052e+02;5.259599686e-01
6.534792480e+02;5.074469447e-01
6.537081299e+02;5.138789415e-01
6.539370728e+02;5.179059505e-01
6.541660156e+02;5.122569799e-01
6.543949585e+02;5.133476257e-01
6.546239624e+02;5.108027458e-01
6.548529053e+02;5.172907114e-01
6.550819092e+02;4.990293682e-01
6.553109131e+02;5.119493604e-01
6.555399170e+02;5.106909275e-01
6.557689209e+02;5.044266582e-01
6.559979248e+02;5.016860962e-01
6.562269897e+02;5.061045885e-01
6.564560547e+02;5.295395255e-01
6.566851196e+02;5.241701603e-01
6.569141846e+02;5.192203522e-01
6.571432495e+02;5.161441565e-01
6.573723145e+02;5.019657016e-01
6.576014404e+02;5.066359639e-01
6.578305054e+02;5.041750073e-01
6.580596313e+02;5.102714300e-01
6.582887573e+02;5.279175639e-01
6.585178833e+02;5.054893494e-01
6.587470703e+02;5.012386441e-01
6.589761963e+02;5.114739537e-01
6.592053833e+02;4.943032265e-01
6.594345703e+02;4.981065094e-01
6.596637573e+02;5.100756884e-01
6.598929443e+02;5.059088469e-01
6.601221313e+02;5.033360124e-01
6.603513794e+02;5.062723756e-01
6.605805664e+02;5.031402707e-01
6.608098145e+02;5.064961314e-01
6.610390625e+02;4.958692789e-01
6.612683105e+02;5.049020648e-01
6.614975586e+02;5.162000656e-01
6.617268677e+02;5.092926621e-01
6.619561768e+02;5.110824108e-01
6.621854248e+02;5.042309165e-01
6.624147339e+02;4.931566417e-01
6.626441040e+02;5.095722675e-01
6.628734131e+02;4.867525995e-01
6.631027222e+02;5.008750558e-01
6.633320923e+02;5.096002817e-01
6.635614624e+02;4.893813431e-01
6.637908325e+02;4.875076711e-01
6.640202026e+02;4.923177063e-01
6.642495728e+02;5.013504624e-01
6.644790039e+02;5.112781525e-01
6.647083740e+02;4.885983169e-01
6.649378052e+02;4.995886683e-01
6.651672363e+02;4.991692007e-01
6.653966675e+02;4.877034128e-01
6.656260986e+02;4.918702543e-01
6.658555908e+02;4.947786331e-01
6.660850220e+02;5.003996491e-01
6.663145142e+02;4.814671576e-01
6.665440063e+02;4.917583764e-01
6.667734985e+02;4.966243505e-01
6.670030518e+02;4.955616593e-01
6.672325439e+02;5.008471012e-01
6.674620972e+02;5.019377470e-01
6.676915894e+02;5.025529861e-01
6.679211426e+02;5.104671717e-01
6.681506958e+02;4.932405651e-01
6.683803101e+02;5.038394332e-01
6.686098633e+02;5.012386441e-01
6.688394775e+02;4.983302355e-01
6.690690308e+02;5.085655451e-01
6.692986450e+02;4.865848124e-01
6.695282593e+02;4.918143153e-01
6.697579346e+02;4.888779521e-01
6.699875488e+02;4.929049611e-01
6.702172241e+02;4.901084304e-01
6.704468384e+02;5.033639669e-01
6.706765137e+02;4.856899083e-01
6.709061890e+02;4.876754582e-01
6.711359253e+02;4.823061228e-01
6.713656006e+02;4.977149963e-01
6.715953369e+02;4.774681032e-01
6.718250122e+02;4.925693870e-01
6.720547485e+02;4.870881736e-01
6.722844849e+02;4.853263795e-01
6.725142822e+02;4.797892272e-01
6.727440186e+02;4.996446073e-01
6.729738159e+02;4.859136343e-01
6.732035522e+02;4.981065094e-01
6.734333496e+02;4.809078574e-01
6.736631470e+02;4.792019725e-01
6.738929443e+02;4.982742965e-01
6.741228027e+02;4.967362285e-01
6.743526001e+02;4.871161580e-01
6.745824585e+02;4.906677306e-01
6.748123169e+02;5.009030700e-01
6.750421753e+02;4.962887764e-01
6.752720337e+02;4.958692789e-01
6.755019531e+02;4.957853854e-01
6.757318115e+02;4.866407514e-01
6.759617310e+02;4.795375466e-01
6.761916504e+02;5.126764178e-01
6.764215698e+02;4.877593517e-01
6.766514893e+02;4.940515459e-01
6.768814087e+02;4.946108460e-01
6.771113892e+02;4.863890409e-01
6.773413696e+02;4.983861744e-01
6.775712891e+02;4.861373603e-01
6.778012695e+02;5.065520406e-01
6.780313110e+02;4.921498895e-01
6.782612915e+02;4.907236695e-01
6.784912720e+02;4.936040938e-01
6.787213135e+02;4.879271388e-01
6.789513550e+02;4.960091114e-01
6.791813965e+02;4.862492085e-01
6.794114380e+02;4.934083521e-01
6.796415405e+02;4.890737236e-01
6.798715820e+02;4.779994488e-01
6.801016846e+02;4.979387224e-01
6.803317871e+02;4.854102731e-01
6.805618896e+02;4.800409079e-01
6.807919922e+02;4.872839451e-01
6.810220947e+02;4.808239639e-01
6.812522583e+02;4.897169173e-01
6.814823608e+02;4.973794222e-01
6.817125244e+02;4.908355474e-01
6.819426880e+02;4.924295545e-01
6.821728516e+02;4.885983169e-01
6.824030151e+02;4.891296625e-01
6.826332397e+02;4.723224938e-01
6.828634644e+02;4.929049611e-01
6.830936279e+02;4.848509431e-01
6.833238525e+02;4.768528640e-01
6.835540771e+02;5.047622323e-01
6.837843628e+02;4.848789275e-01
6.840145874e+02;4.906677306e-01
6.842448730e+02;4.908635020e-01
6.844751587e+02;5.050418973e-01
6.847054443e+02;4.856060147e-01
6.849357300e+02;4.952260852e-01
6.851660156e+02;4.937718809e-01
6.853963623e+02;4.859695733e-01
6.856266479e+02;4.848509431e-01
6.858569946e+02;5.139908195e-01
6.860873413e+02;4.771325290e-01
6.863176880e+02;4.962887764e-01
6.865480347e+02;4.831730425e-01
6.867784424e+02;4.811595380e-01
6.870087891e+02;4.915346801e-01
6.872391968e+02;4.887661040e-01
6.874696045e+02;4.812993705e-01
6.877000122e+02;4.912550151e-01
6.879304199e+02;4.988895357e-01
6.881608887e+02;4.868644476e-01
6.883912964e+02;4.814671576e-01
6.886217651e+02;4.783630073e-01
6.888522339e+02;4.780833423e-01
6.890827026e+02;4.880110323e-01
6.893131714e+02;4.840120077e-01
6.895437012e+02;4.865009189e-01
6.897741699e+02;4.868924320e-01
6.900046997e+02;4.892974496e-01
6.902352295e+02;4.892135561e-01
6.904657593e+02;4.948345721e-01
6.906962891e+02;4.856619537e-01
6.909268799e+02;4.904999435e-01
6.911574097e+02;4.943312109e-01
6.913880005e+02;4.773562551e-01
6.916185913e+02;4.910033345e-01
6.918491821e+02;4.903880954e-01
6.920797729e+02;4.944989979e-01
6.923104248e+02;4.865568280e-01
6.925410156e+02;4.748114049e-01
6.927716675e+02;4.755384922e-01
6.930023193e+02;4.804044664e-01
6.932329712e+02;4.828094840e-01
6.934636230e+02;4.808798730e-01
6.936942749e+02;4.823061228e-01
6.939249878e+02;4.920100868e-01
6.941557007e+02;4.796773791e-01
6.943864136e+02;4.937718809e-01
6.946171265e+02;4.650235474e-01
6.948478394e+02;4.717352390e-01
6.950785522e+02;4.887661040e-01
6.953093262e+02;4.842916429e-01
6.955400391e+02;4.804324508e-01
6.957708130e+02;4.855221212e-01
6.960015869e+02;4.834526777e-01
6.962323608e+02;4.738046527e-01
6.964631958e+02;4.885983169e-01
6.966939697e+02;4.825578034e-01
6.969248047e+02;4.789502621e-01
6.971556396e+02;4.794256985e-01
6.973864746e+02;4.816908836e-01
6.976173096e+02;4.727699459e-01
6.978481445e+02;4.920939803e-01
6.980790405e+02;4.736648202e-01
6.983099365e+02;4.760978222e-01
6.985407715e+02;4.869763255e-01
6.987716675e+02;4.723504484e-01
6.990025635e+02;4.839001298e-01
6.992335205e+02;4.775799811e-01
6.994644165e+02;4.906677306e-01
6.996953735e+02;4.842916429e-01
6.999263306e+02;4.837602973e-01
7.001572876e+02;4.837323427e-01
7.003882446e+02;4.856619537e-01
7.006192017e+02;4.826137424e-01
7.008502197e+02;4.794816077e-01
7.010811768e+02;4.726301134e-01
7.013121948e+02;4.785867333e-01
7.015432129e+02;4.755105376e-01
7.017742310e+02;4.743919373e-01
7.020052490e+02;4.856339991e-01
7.022363281e+02;4.812993705e-01
7.024674072e+02;4.958133698e-01
7.026984253e+02;4.836204946e-01
7.029295044e+02;4.863610864e-01
7.031605835e+02;4.818307161e-01
7.033917236e+02;4.869763255e-01
7.036228027e+02;4.938278198e-01
7.038539429e+02;4.785587490e-01
7.040850220e+02;4.880949259e-01
7.043161621e+02;4.769647419e-01
7.045473022e+02;4.796773791e-01
7.047785034e+02;4.765452445e-01
7.050096436e+02;4.942193329e-01
7.052408447e+02;4.724623263e-01
7.054719849e+02;4.942472875e-01
7.057031860e+02;4.944710135e-01
7.059343872e+02;4.901923239e-01
7.061656494e+02;4.874796867e-01
7.063968506e+02;4.844594300e-01
7.066281128e+02;4.883745909e-01
7.068593140e+02;4.958972633e-01
7.070905762e+02;5.022733212e-01
7.073218384e+02;4.767689705e-01
7.075531616e+02;4.976870418e-01
7.077844238e+02;4.980505705e-01
7.080157471e+02;4.890177846e-01
7.082470093e+02;4.734131396e-01
7.084783325e+02;4.781952202e-01
7.087096558e+02;4.847390950e-01
7.089409790e+02;5.070274472e-01
7.091723633e+02;4.809637666e-01
7.094036865e+02;4.908075631e-01
7.096350708e+02;5.023851991e-01
7.098664551e+02;5.016860962e-01
7.100978394e+02;4.997005463e-01
7.103292236e+02;4.961209893e-01
7.105606689e+02;4.875356257e-01
7.107920532e+02;5.094604492e-01
7.110234985e+02;4.982742965e-01
7.112549438e+02;4.866407514e-01
7.114863892e+02;4.998123944e-01
7.117178345e+02;4.854941666e-01
7.119492798e+02;5.059368014e-01
7.121807861e+02;4.825578034e-01
7.124122314e+02;4.904440045e-01
7.126437378e+02;5.070554018e-01
7.128752441e+02;5.023013353e-01
7.131067505e+02;5.036156774e-01
7.133383179e+02;4.972955287e-01
7.135698242e+02;4.801248312e-01
7.138013916e+02;4.914507568e-01
7.140329590e+02;4.931846261e-01
7.142645264e+02;4.833967686e-01
7.144960938e+02;4.730216265e-01
7.147276611e+02;4.866407514e-01
7.149592896e+02;4.856339991e-01
7.151908569e+02;4.857738018e-01
7.154224854e+02;4.838162363e-01
7.156541138e+02;4.944710135e-01
7.158857422e+02;4.864729345e-01
7.161173706e+02;4.827255905e-01
7.163490601e+02;4.871161580e-01
7.165806885e+02;4.856339991e-01
7.168123779e+02;4.861373603e-01
7.170440674e+02;4.821103513e-01
7.172757568e+02;4.884864390e-01
7.175075073e+02;4.812713861e-01
7.177391968e+02;4.796493948e-01
7.179709473e+02;4.724623263e-01
7.182026367e+02;4.702250957e-01
7.184343872e+02;4.821103513e-01
7.186661377e+02;4.804044664e-01
7.188979492e+02;4.743359983e-01
7.191296997e+02;4.765732288e-01
7.193615112e+02;4.703649282e-01
7.195933228e+02;4.792858660e-01
7.198250732e+02;4.692462981e-01
7.200569458e+02;4.862771928e-01
7.202887573e+02;4.743919373e-01
7.205205688e+02;4.818307161e-01
7.207524414e+02;4.743080437e-01
7.209842529e+02;4.735529721e-01
7.212161255e+02;4.775799811e-01
7.214479980e+02;4.636812210e-01
7.216799316e+02;4.711759090e-01
7.219118042e+02;4.649955928e-01
7.221437378e+02;4.699734151e-01
7.223756104e+02;4.685471654e-01
7.226075439e+02;4.713716805e-01
7.228394775e+02;4.656667411e-01
7.230714111e+02;4.739165306e-01
7.233034058e+02;4.660862386e-01
7.235353394e+02;4.694141150e-01
7.237673340e+02;4.722665548e-01
7.239993286e+02;4.757342637e-01
7.242313232e+02;4.720148742e-01
7.244633179e+02;4.686869979e-01
7.246953735e+02;4.897448719e-01
7.249273682e+02;4.674006104e-01
7.251594238e+02;4.614719450e-01
7.253914795e+02;4.548721313e-01
7.256235352e+02;4.726860523e-01
7.258555908e+02;4.714835286e-01
7.260876465e+02;4.591508210e-01
7.263197632e+02;4.606330097e-01
7.265518188e+02;4.463147521e-01
7.267839355e+02;4.548721313e-01
7.270160522e+02;4.654989541e-01
7.272481689e+02;4.745876789e-01
7.274803467e+02;4.688827693e-01
7.277124634e+02;4.660302997e-01
7.279446411e+02;4.580042660e-01
7.281768188e+02;4.599618316e-01
7.284089355e+02;4.515722394e-01
7.286411743e+02;4.690226018e-01
7.288733521e+02;4.552077353e-01
7.291055298e+02;4.460071325e-01
7.293377686e+02;4.796493948e-01
7.295700073e+02;4.600177705e-01
7.298022461e+02;4.691344500e-01
7.300344849e+02;4.531942308e-01
7.302667236e+02;4.517959654e-01
7.304990234e+02;4.524112046e-01
7.307312622e+02;4.548721313e-01
7.309635620e+02;4.593465924e-01
7.311958618e+02;4.491672218e-01
7.314281616e+02;4.548721313e-01
7.316604614e+02;4.576966465e-01
7.318928223e+02;4.547882378e-01
7.321251221e+02;4.411691427e-01
7.323574829e+02;4.509010613e-01
7.325898438e+02;4.490833282e-01
7.328222046e+02;4.512086809e-01
7.330545654e+02;4.385403991e-01
7.332869873e+02;4.422318041e-01
7.335193481e+02;4.344294965e-01
7.337517700e+02;4.439656734e-01
7.339841919e+02;4.562144876e-01
7.342166138e+02;4.366946816e-01
7.344490356e+02;4.393513799e-01
7.346815186e+02;4.347650707e-01
7.349139404e+02;4.353803098e-01
7.351464233e+02;4.382048249e-01
7.353789062e+02;4.443012476e-01
7.356113892e+02;4.455037713e-01
7.358438721e+02;4.468740523e-01
7.360763550e+02;4.500061870e-01
7.363088989e+02;4.555433095e-01
7.365414429e+02;4.356879294e-01
7.367739258e+02;4.384285212e-01
7.370065308e+02;4.552636445e-01
7.372390747e+02;4.402183294e-01
7.374716187e+02;4.325558245e-01
7.377042236e+02;4.272983372e-01
7.379367676e+02;4.387920797e-01
7.381693726e+02;4.283050895e-01
7.384019775e+02;4.409733713e-01
7.386345825e+02;4.326956570e-01
7.388672485e+02;4.468181431e-01
7.390998535e+02;4.420360625e-01
7.393325195e+02;4.501739740e-01
7.395651855e+02;4.405259490e-01
7.397978516e+02;4.519357681e-01
7.400305176e+02;4.338981509e-01
7.402631836e+02;4.560466707e-01
7.404959106e+02;4.430707693e-01
7.407285767e+02;4.308219850e-01
7.409613037e+02;4.328354597e-01
7.411940308e+02;4.283889830e-01
7.414267578e+02;4.249772131e-01
7.416594849e+02;4.371141791e-01
7.418922729e+02;4.222086668e-01
7.421250000e+02;4.227679670e-01
7.423577881e+02;4.309617877e-01
7.425905762e+02;4.240543544e-01
7.428233643e+02;4.302906394e-01
7.430562134e+02;4.820544124e-01
7.432890015e+02;4.156368077e-01
7.435218506e+02;4.325558245e-01
7.437546387e+02;4.381768405e-01
7.439874878e+02;4.260119498e-01
7.442203369e+02;4.167554080e-01
7.444532471e+02;4.372539818e-01
7.446860962e+02;4.139309227e-01
7.449190063e+02;4.239984453e-01
7.451518555e+02;4.268788695e-01
7.453847656e+02;4.181816578e-01
7.456176758e+02;4.164477885e-01
7.458506470e+02;4.280254245e-01
7.460835571e+02;4.272983372e-01
7.463164673e+02;4.190485775e-01
7.465494385e+02;4.245577455e-01
7.467824097e+02;4.169791341e-01
7.470153809e+02;4.248653650e-01
7.472483521e+02;4.208942950e-01
7.474813843e+02;4.175943732e-01
7.477143555e+02;4.119733572e-01
7.479473877e+02;4.238865674e-01
7.481804199e+02;4.266271591e-01
7.484134521e+02;4.114979506e-01
7.486464844e+02;4.039752781e-01
7.488795166e+02;4.129521251e-01
7.491126099e+02;4.097920656e-01
7.493457031e+02;4.090929329e-01
7.495787354e+02;4.211459756e-01
7.498118286e+02;4.115818441e-01
7.500449829e+02;4.138190746e-01
7.502780762e+02;4.186011255e-01
7.505111694e+02;4.203070104e-01
7.507443237e+02;4.154690206e-01
7.509774780e+02;4.075827897e-01
7.512106323e+02;4.145182073e-01
7.514437866e+02;4.139868617e-01
7.516769409e+02;4.120852053e-01
7.519101562e+02;4.092327356e-01
7.521433105e+02;4.067718089e-01
7.523765259e+02;3.995008171e-01
7.526097412e+02;3.997245431e-01
7.528429565e+02;3.983542323e-01
7.530762329e+02;4.106030464e-01
7.533094482e+02;4.067718089e-01
7.535427246e+02;4.153012335e-01
7.537759399e+02;4.055413306e-01
7.540092163e+02;4.019617736e-01
7.542425537e+02;4.038913846e-01
7.544758301e+02;3.942433298e-01
7.547091064e+02;3.951661885e-01
7.549424438e+02;3.994169235e-01
7.551757812e+02;4.094285071e-01
7.554090576e+02;4.060446918e-01
7.556424561e+02;4.111903310e-01
7.558757935e+02;4.005075693e-01
7.561091309e+02;4.059607983e-01
7.563425293e+02;3.965924382e-01
7.565759277e+02;4.038634002e-01
7.568092651e+02;3.996406496e-01
7.570426636e+02;3.884265423e-01
7.572761230e+02;4.059887826e-01
7.575095215e+02;4.000042081e-01
7.577429810e+02;4.051218331e-01
7.579763794e+02;4.131478965e-01
7.582098389e+02;4.160562754e-01
7.584432983e+02;4.094005525e-01
7.586767578e+02;3.951661885e-01
7.589102783e+02;3.810437024e-01
7.591437378e+02;4.094005525e-01
7.593772583e+02;3.923417032e-01
7.596107788e+02;3.988296390e-01
7.598442993e+02;3.969280124e-01
7.600778198e+02;4.020176828e-01
7.603113403e+02;3.983262777e-01
7.605449219e+02;3.754786253e-01
7.607785034e+02;3.893214464e-01
7.610120239e+02;4.054574370e-01
7.612456055e+02;3.915866315e-01
7.614792480e+02;3.919501901e-01
7.617128296e+02;3.745837212e-01
7.619464111e+02;3.889858723e-01
7.621800537e+02;4.103513658e-01
7.624136963e+02;3.898807466e-01
7.626473389e+02;3.893214464e-01
7.628809814e+02;3.767090738e-01
7.631146240e+02;3.831411004e-01
7.633483276e+02;3.867486417e-01
7.635819702e+02;3.798971474e-01
7.638156738e+02;3.923696578e-01
7.640493774e+02;3.951661885e-01
7.642830811e+02;3.989974558e-01
7.645167847e+02;3.835046589e-01
7.647505493e+02;3.802047670e-01
7.649842529e+02;3.840080500e-01
7.652180176e+02;3.876435161e-01
7.654517822e+02;4.019897282e-01
7.656855469e+02;3.930967748e-01
7.659193726e+02;3.936840296e-01
7.661531372e+02;3.945509493e-01
7.663869019e+02;3.851546049e-01
7.666207275e+02;3.802886605e-01
7.668545532e+02;3.866647482e-01
7.670883789e+02;3.750591278e-01
7.673222046e+02;3.838961720e-01
7.675560913e+02;3.767370582e-01
7.677899170e+02;3.795895278e-01
7.680238037e+02;3.754786253e-01
7.682576904e+02;3.677601814e-01
7.684915771e+02;3.762896061e-01
7.687254639e+02;3.679000139e-01
7.689594116e+02;3.810157478e-01
7.691932983e+02;3.659983873e-01
7.694272461e+02;3.922298253e-01
7.696611938e+02;3.892095983e-01
7.698951416e+02;3.777438104e-01
7.701290894e+02;3.932925165e-01
7.703630371e+02;3.683754206e-01
7.705970459e+02;3.845673501e-01
7.708309937e+02;3.694660664e-01
7.710650024e+02;3.739964664e-01
7.712990112e+02;3.744718730e-01
7.715330200e+02;3.744718730e-01
7.717670898e+02;3.753947318e-01
7.720010986e+02;3.622789979e-01
7.722351685e+02;3.685152531e-01
7.724692383e+02;3.721787035e-01
7.727033081e+02;3.772124648e-01
7.729373779e+02;3.763455451e-01
7.731714478e+02;3.684593141e-01
7.734055176e+02;3.604892194e-01
7.736396484e+02;3.720948100e-01
7.738737793e+02;3.602095544e-01
7.741079102e+02;3.774921298e-01
7.743420410e+02;3.711719513e-01
7.745761719e+02;3.692143857e-01
7.748103638e+02;3.505055904e-01
7.750444946e+02;3.713677227e-01
7.752786865e+02;3.668932617e-01
7.755128784e+02;3.618315458e-01
7.757470703e+02;3.593426347e-01
7.759812622e+02;3.634814918e-01
7.762155151e+02;3.604332805e-01
7.764497070e+02;3.559868038e-01
7.766839600e+02;3.631459177e-01
7.769182129e+02;3.645721376e-01
7.771524658e+02;3.447726965e-01
7.773867188e+02;3.550918996e-01
7.776209717e+02;3.550639451e-01
7.778552856e+02;3.614959717e-01
7.780895996e+02;3.623908460e-01
7.783239136e+02;3.611044288e-01
7.785582275e+02;3.518199623e-01
7.787925415e+02;3.534978926e-01
7.790268555e+02;3.535538018e-01
7.792612305e+02;3.583918214e-01
7.794955444e+02;3.560706973e-01
7.797299194e+02;3.705008030e-01
7.799642944e+02;3.510648906e-01
7.801986694e+02;3.629781306e-01
7.804331055e+02;3.458074033e-01
7.806674805e+02;3.555393517e-01
7.809019165e+02;3.531343341e-01
7.811363525e+02;3.476531208e-01
7.813707886e+02;3.506454229e-01
7.816052246e+02;3.460591137e-01
7.818396606e+02;3.381449282e-01
7.820741577e+02;3.369424045e-01
7.823085938e+02;3.386203349e-01
7.825430908e+02;3.399906456e-01
7.827775879e+02;3.345373869e-01
7.830120850e+02;3.291960061e-01
7.832465820e+02;3.367746174e-01
7.834811401e+02;3.378652632e-01
7.837156372e+02;3.470658660e-01
7.839501953e+02;3.480166793e-01
7.841847534e+02;3.549800515e-01
7.844193115e+02;3.466184139e-01
7.846539307e+02;3.275181055e-01
7.848884888e+02;3.455277681e-01
7.851231079e+02;3.321044147e-01
7.853576660e+02;3.321883082e-01
7.855922852e+02;3.380330503e-01
7.858269043e+02;3.145981133e-01
7.860615845e+02;3.438498378e-01
7.862962036e+02;3.493590057e-01
7.865308228e+02;3.359915912e-01
7.867655029e+02;3.370262980e-01
7.870001831e+02;3.295036256e-01
7.872348633e+02;3.318806887e-01
7.874695435e+02;3.370822370e-01
7.877042847e+02;3.424795568e-01
7.879389648e+02;3.355441391e-01
7.881737061e+02;3.335306346e-01
7.884084473e+02;3.289163709e-01
7.886431885e+02;3.375576437e-01
7.888779297e+02;3.308739364e-01
7.891126709e+02;3.372780085e-01
7.893474731e+02;3.281892836e-01
7.895822144e+02;3.247775137e-01
7.898170166e+02;3.411931396e-01
7.900518188e+02;3.277977407e-01
7.902866211e+02;3.251969814e-01
7.905214844e+02;3.331111670e-01
7.907562866e+02;3.163039982e-01
7.909911499e+02;3.507293165e-01
7.912260132e+02;3.192683458e-01
7.914608765e+02;3.181217611e-01
7.916957397e+02;3.245258033e-01
7.919306030e+02;3.314332366e-01
7.921655273e+02;3.252808750e-01
7.924003906e+02;3.246656358e-01
7.926353149e+02;3.250012100e-01
7.928702393e+02;3.388160765e-01
7.931051636e+02;3.237987161e-01
7.933400879e+02;3.300070167e-01
7.935750732e+02;3.188768327e-01
7.938099976e+02;3.243020773e-01
7.940449829e+02;3.239105642e-01
7.942799683e+02;3.269588053e-01
7.945149536e+02;3.381169438e-01
7.947499390e+02;3.144583106e-01
7.949849854e+02;3.284968734e-01
7.952199707e+02;3.322722018e-01
7.954550171e+02;3.210860789e-01
7.956900635e+02;3.141227067e-01
7.959251099e+02;3.147099912e-01
7.961601562e+02;3.199394941e-01
7.963952026e+02;3.174226284e-01
7.966303101e+02;3.220648766e-01
7.968654175e+02;3.229317963e-01
7.971004639e+02;3.089211583e-01
7.973355713e+02;3.241342902e-01
7.975707397e+02;3.166955113e-01
7.978058472e+02;3.040272295e-01
7.980410156e+02;3.043068945e-01
7.982761230e+02;3.239944577e-01
7.985112915e+02;3.257842660e-01
7.987464600e+02;3.223165572e-01
7.989816284e+02;3.168073893e-01
7.992167969e+02;3.034399748e-01
7.994520264e+02;3.079144061e-01
7.996872559e+02;3.023493290e-01
7.999224243e+02;3.019857705e-01
8.001576538e+02;3.045306206e-01
8.003928833e+02;2.998604178e-01
8.006281738e+02;3.163879216e-01
8.008634033e+02;3.077746034e-01
8.010986938e+02;3.030204773e-01
8.013339844e+02;2.960571349e-01
8.015692749e+02;3.023213446e-01
8.018045654e+02;3.055093884e-01
8.020398560e+02;2.960850894e-01
8.022751465e+02;3.130041063e-01
8.025104980e+02;3.001680374e-01
8.027458496e+02;3.107668757e-01
8.029812012e+02;3.071313798e-01
8.032165527e+02;3.012027442e-01
8.034519043e+02;3.051458597e-01
8.036872559e+02;3.017899990e-01
8.039226685e+02;3.019018769e-01
8.041580811e+02;2.984901071e-01
8.043934326e+02;2.919741869e-01
8.046288452e+02;2.956656218e-01
8.048643188e+02;3.033840358e-01
8.050997314e+02;2.963088155e-01
8.053352051e+02;2.934283912e-01
8.055706177e+02;2.923936546e-01
8.058060913e+02;2.823541164e-01
8.060415649e+02;2.915547192e-01
8.062770386e+02;2.790542245e-01
8.065125732e+02;2.934843004e-01
8.067480469e+02;2.855980992e-01
8.069835815e+02;2.940156460e-01
8.072191162e+02;2.888979912e-01
8.074546509e+02;3.017620444e-01
8.076901855e+02;2.815151513e-01
8.079257202e+02;2.804245055e-01
8.081613159e+02;2.656867802e-01
8.083968506e+02;2.854582667e-01
8.086324463e+02;2.746916115e-01
8.088680420e+02;2.921699584e-01
8.091036377e+02;2.791381180e-01
8.093392334e+02;2.639529407e-01
8.095748901e+02;2.818787098e-01
8.098104858e+02;2.697976828e-01
8.100461426e+02;2.821024358e-01
8.102817993e+02;2.685951889e-01
8.105174561e+02;2.658266127e-01
8.107531128e+02;2.900725603e-01
8.109888306e+02;2.671969235e-01
8.112244873e+02;2.745797634e-01
8.114602051e+02;2.874717712e-01
8.116959229e+02;2.702171803e-01
8.119316406e+02;2.513126135e-01
8.121673584e+02;2.650995255e-01
8.124031372e+02;2.682036757e-01
8.126388550e+02;2.770127356e-01
8.128746338e+02;2.643724382e-01
8.131104126e+02;2.648198605e-01
8.133461914e+02;2.680079043e-01
8.135819702e+02;2.538854182e-01
8.138177490e+02;2.661901712e-01
8.140535889e+02;2.571014464e-01
8.142894287e+02;2.601776123e-01
8.145252075e+02;2.859336734e-01
8.147610474e+02;2.621631622e-01
8.149969482e+02;2.527947724e-01
8.152327881e+02;2.557870746e-01
8.154686279e+02;2.496067435e-01
8.157045288e+02;2.642046213e-01
8.159404297e+02;2.529346049e-01
8.161763306e+02;2.545565963e-01
8.164122314e+02;2.454958409e-01
8.166481323e+02;2.478169650e-01
8.168840942e+02;2.549481094e-01
8.171199951e+02;2.553676069e-01
8.173559570e+02;2.473974824e-01
8.175919189e+02;2.469220608e-01
8.178278809e+02;2.356520444e-01
8.180638428e+02;2.481805086e-01
8.182998657e+02;2.538015246e-01
8.185358276e+02;2.533820570e-01
8.187718506e+02;2.473695129e-01
8.190078735e+02;2.435941994e-01
8.192438965e+02;2.515922785e-01
8.194799194e+02;2.505016327e-01
8.197160034e+02;2.418323755e-01
8.199520264e+02;2.495787740e-01
8.201881104e+02;2.396231145e-01
8.204241943e+02;2.388960272e-01
8.206602783e+02;2.494948804e-01
8.208963623e+02;2.346452922e-01
8.211325073e+02;2.308420092e-01
8.213685913e+02;2.414129078e-01
8.216047363e+02;2.440975755e-01
8.218408813e+02;2.330792397e-01
8.220770264e+02;2.362952530e-01
8.223131714e+02;2.344775051e-01
8.225493164e+02;2.411332428e-01
8.227855225e+02;2.346732616e-01
8.230216675e+02;2.302547395e-01
8.232578735e+02;2.432865798e-01
8.234940796e+02;2.205228060e-01
8.237302856e+02;2.348410487e-01
8.239665527e+02;2.307581156e-01
8.242027588e+02;2.238786519e-01
8.244390259e+02;2.277937979e-01
8.246752930e+02;2.239345759e-01
8.249115601e+02;2.277378589e-01
8.251478271e+02;2.159924358e-01
8.253840942e+02;2.061766088e-01
8.256203613e+02;2.215575278e-01
8.258566895e+02;2.209143192e-01
8.260930176e+02;2.250252217e-01
8.263293457e+02;2.258921564e-01
8.265656738e+02;2.381968945e-01
8.268020020e+02;2.320445180e-01
8.270383301e+02;2.254726738e-01
8.272747192e+02;2.432865798e-01
8.275111084e+02;2.270666957e-01
8.277474976e+02;2.208304256e-01
8.279838867e+02;2.159364969e-01
8.282202759e+02;2.234311998e-01
8.284566650e+02;2.284090370e-01
8.286931152e+02;2.336105853e-01
8.289295044e+02;2.223685235e-01
8.291659546e+02;2.327995896e-01
8.294024048e+02;2.277099043e-01
8.296388550e+02;2.131399661e-01
8.298753662e+02;2.261158675e-01
8.301118164e+02;2.231235802e-01
8.303483276e+02;2.236828953e-01
8.305848389e+02;2.214176953e-01
8.308213501e+02;2.135314792e-01
8.310578613e+02;2.077706307e-01
8.312943726e+02;2.310377657e-01
8.315309448e+02;2.122171074e-01
8.317674561e+02;2.322123200e-01
8.320040283e+02;2.028767020e-01
8.322406006e+02;2.182855904e-01
8.324771729e+02;2.075469047e-01
8.327138062e+02;2.158805728e-01
8.329503784e+02;2.147619575e-01
8.331870117e+02;2.161881924e-01
8.334235840e+02;2.117137313e-01
8.336602173e+02;2.127484530e-01
8.338968506e+02;2.244659215e-01
8.341335449e+02;2.122171074e-01
8.343701782e+02;2.175025642e-01
8.346068726e+02;2.062325329e-01
8.348435059e+02;2.022614628e-01
8.350802002e+02;2.087214440e-01
8.353168945e+02;2.039393783e-01
8.355535889e+02;2.066799849e-01
8.357903442e+02;1.995208561e-01
8.360270386e+02;2.022055238e-01
8.362637939e+02;2.097281963e-01
8.365005493e+02;2.198516428e-01
8.367373047e+02;2.197677493e-01
8.369740601e+02;2.080782503e-01
8.372108765e+02;2.123849094e-01
8.374476318e+02;2.131959051e-01
8.376844482e+02;2.108468115e-01
8.379212646e+02;2.030165195e-01
8.381580200e+02;1.959692687e-01
8.383948975e+02;2.041910738e-01
8.386317139e+02;2.066240460e-01
8.388685303e+02;2.163839489e-01
8.391054077e+02;1.904041618e-01
8.393422852e+02;2.179500014e-01
8.395791626e+02;2.031563520e-01
8.398160400e+02;1.975632906e-01
8.400529175e+02;2.065401524e-01
8.402898560e+02;2.168034315e-01
8.405267334e+02;1.901524812e-01
8.407636719e+02;2.011148781e-01
8.410006104e+02;2.127204835e-01
8.412375488e+02;2.048622370e-01
8.414744873e+02;2.032402456e-01
8.417114868e+02;1.895372421e-01
8.419484253e+02;2.044986933e-01
8.421854248e+02;1.961650252e-01
8.424224243e+02;1.973115951e-01
8.426594238e+02;1.997725517e-01
8.428964233e+02;1.995488256e-01
8.431334839e+02;1.942633837e-01
8.433704834e+02;2.024572194e-01
8.436075439e+02;1.906278878e-01
8.438446045e+02;1.965285689e-01
8.440816650e+02;1.819866151e-01
8.443187256e+02;2.049181610e-01
8.445557861e+02;1.931447685e-01
8.447929077e+02;1.952421665e-01
8.450299683e+02;1.958294362e-01
8.452670898e+02;1.833569109e-01
8.455042114e+02;2.020097673e-01
8.457413330e+02;1.866568178e-01
8.459785156e+02;1.992132366e-01
8.462156372e+02;1.946828663e-01
8.464528198e+02;1.914948225e-01
8.466899414e+02;1.899846941e-01
8.469271240e+02;1.917185336e-01
8.471643677e+02;1.902084053e-01
8.474015503e+02;1.837204546e-01
8.476387329e+02;1.845594198e-01
8.478759766e+02;1.903202683e-01
8.481132202e+02;1.830772609e-01
8.483504639e+02;1.876635700e-01
8.485877075e+02;1.959692687e-01
8.488249512e+02;1.873000115e-01
8.490621948e+02;1.878872961e-01
8.492994995e+02;1.885864288e-01
8.495368042e+02;1.781833321e-01
8.497740479e+02;1.955777556e-01
8.500113525e+02;1.793299019e-01
8.502487183e+02;1.846153438e-01
8.504860229e+02;1.901524812e-01
8.507233887e+02;1.821264327e-01
8.509606934e+02;1.830772609e-01
8.511980591e+02;1.700174510e-01
8.514354248e+02;1.853704154e-01
8.516727905e+02;1.844195873e-01
8.519102173e+02;1.827137023e-01
8.521475830e+02;1.871322244e-01
8.523850098e+02;1.923897117e-01
8.526224365e+02;1.795256585e-01
8.528598633e+02;1.744359732e-01
8.530972900e+02;1.728139818e-01
8.533347168e+02;1.750512123e-01
8.535721436e+02;1.786867082e-01
8.538096313e+02;1.741563231e-01
8.540471191e+02;1.876635700e-01
8.542846069e+02;1.774562299e-01
8.545220947e+02;1.818747520e-01
8.547595825e+02;1.671649963e-01
8.549971313e+02;1.680598855e-01
8.552346191e+02;1.735970080e-01
8.554721680e+02;1.770367473e-01
8.557097168e+02;1.692623943e-01
8.559472656e+02;1.647599787e-01
8.561848145e+02;1.833569109e-01
8.564224243e+02;1.828815043e-01
8.566599731e+02;1.591389477e-01
8.568975830e+02;1.628583372e-01
8.571351929e+02;1.574330628e-01
8.573728027e+02;1.615998894e-01
8.576104126e+02;1.606770456e-01
8.578480225e+02;1.696539074e-01
8.580856934e+02;1.668853462e-01
8.583233032e+02;1.674446464e-01
8.585609741e+02;1.688429117e-01
8.587986450e+02;1.695700139e-01
8.590363159e+02;1.760020256e-01
8.592740479e+02;2.016741931e-01
8.595117188e+02;1.549161822e-01
8.597494507e+02;1.594465673e-01
8.599871826e+02;1.580483019e-01
8.602249146e+02;1.625227481e-01
8.604626465e+02;1.595863998e-01
8.607003784e+02;1.513925493e-01
8.609381714e+02;1.604533195e-01
8.611759033e+02;1.594745368e-01
8.614136963e+02;1.550000757e-01
8.616514893e+02;1.676683724e-01
8.618892822e+02;1.697657704e-01
8.621270752e+02;1.623269916e-01
8.623649292e+02;1.572932303e-01
8.626027222e+02;1.630540937e-01
8.628405762e+02;1.579923630e-01
8.630784302e+02;1.537416428e-01
8.633162842e+02;1.459952444e-01
8.635541382e+02;1.640888155e-01
8.637919922e+02;1.538814753e-01
8.640299072e+02;1.511967927e-01
8.642678223e+02;1.600338370e-01
8.645057373e+02;1.511688381e-01
8.647436523e+02;1.540492624e-01
8.649815674e+02;1.587754041e-01
8.652194824e+02;1.461350769e-01
8.654574585e+02;1.574610323e-01
8.656953735e+02;1.574050933e-01
8.659333496e+02;1.423317939e-01
8.661713257e+02;1.451283246e-01
8.664093018e+02;1.482604444e-01
8.666472778e+02;1.612363458e-01
8.668853149e+02;1.545246691e-01
8.671233521e+02;1.538255364e-01
8.673613281e+02;1.543848515e-01
8.675993652e+02;1.520637274e-01
8.678374023e+02;1.519518644e-01
8.680755005e+02;1.382208914e-01
8.683135376e+02;1.473935097e-01
8.685516357e+02;1.490155011e-01
8.687896729e+02;1.546924561e-01
8.690277710e+02;1.461350769e-01
8.692658691e+02;1.401505023e-01
8.695040283e+02;1.366828084e-01
8.697421265e+02;1.372421086e-01
8.699802856e+02;1.393115371e-01
8.702183838e+02;1.233433485e-01
8.704565430e+02;1.551119387e-01
8.706947021e+02;1.518400013e-01
8.709328613e+02;1.349489540e-01
8.711710815e+02;1.461071074e-01
8.714092407e+02;1.355362236e-01
8.716474609e+02;1.303346753e-01
8.718856812e+02;1.475053728e-01
8.721239014e+02;1.461910009e-01
8.723621216e+02;1.458833963e-01
8.726003418e+02;1.401505023e-01
8.728386230e+02;1.362073869e-01
8.730768433e+02;1.332710385e-01
8.733151245e+02;1.265034229e-01
8.735534058e+02;1.328795254e-01
8.737916870e+02;1.394234002e-01
8.740299683e+02;1.162121892e-01
8.742683105e+02;1.252170205e-01
8.745066528e+02;1.368505955e-01
8.747449341e+02;1.272305250e-01
8.749832764e+02;1.318168342e-01
8.752216187e+02;1.262237728e-01
8.754600220e+02;1.256924272e-01
8.756983643e+02;1.309499145e-01
8.759367065e+02;1.336625516e-01
8.761751099e+02;1.202112287e-01
8.764135132e+02;1.308660209e-01
8.766519165e+02;1.462469399e-01
8.768903198e+02;1.292440295e-01
8.771287842e+02;1.260839403e-01
8.773671875e+02;1.363751888e-01
8.776056519e+02;1.222527027e-01
8.778441162e+02;1.178341806e-01
8.780825806e+02;1.153452694e-01
8.783210449e+02;1.231196225e-01
8.785595093e+02;1.288525164e-01
8.787980347e+02;1.205468178e-01
8.790364990e+02;1.177223176e-01
8.792750244e+02;1.228679344e-01
8.795135498e+02;1.258881837e-01
8.797520752e+02;1.158766076e-01
8.799906616e+02;1.309219450e-01
8.802291870e+02;1.261958033e-01
8.804677734e+02;1.140868291e-01
8.807062988e+02;1.260280162e-01
8.809448853e+02;1.038235575e-01
8.811834717e+02;1.182536557e-01
8.814221191e+02;1.115419865e-01
8.816607056e+02;1.081861481e-01
8.818993530e+02;1.151774749e-01
8.821379395e+02;1.093886569e-01
8.823765869e+02;1.165757403e-01
8.826152344e+02;1.157647446e-01
8.828539429e+02;1.123529747e-01
8.830925903e+02;1.206027493e-01
8.833312988e+02;1.077107340e-01
8.835699463e+02;1.174985990e-01
8.838086548e+02;1.124089062e-01
8.840473633e+02;1.157088131e-01
8.842860718e+02;1.130800769e-01
8.845248413e+02;1.163520217e-01
8.847635498e+02;1.200714037e-01
8.850023193e+02;1.039633825e-01
8.852410889e+02;1.022574976e-01
8.854798584e+02;1.017820910e-01
8.857186279e+02;9.414755553e-02
8.859573975e+02;1.046625152e-01
8.861961670e+02;1.086895242e-01
8.864349976e+02;1.093886569e-01
8.866738281e+02;1.095844135e-01
8.869126587e+02;1.096403450e-01
8.871514893e+02;1.081581786e-01
8.873903198e+02;1.032922193e-01
8.876292114e+02;1.082420796e-01
8.878680420e+02;1.083259732e-01
8.881069336e+02;1.072912589e-01
8.883458252e+02;1.021456420e-01
8.885847168e+02;9.507041425e-02
8.888236084e+02;1.080463231e-01
8.890625000e+02;9.750339389e-02
8.893014526e+02;9.067986161e-02
8.895404053e+02;9.979655594e-02
8.897793579e+02;9.971265495e-02
8.900183105e+02;1.160164326e-01
8.902572632e+02;9.906945378e-02
8.904962158e+02;1.258042902e-01
8.907352295e+02;1.004397571e-01
8.909741821e+02;1.089971438e-01
8.912131958e+02;9.848218411e-02
8.914522095e+02;9.417552501e-02
8.916912231e+02;9.602123499e-02
8.919302368e+02;1.112902984e-01
8.921693115e+02;9.758729488e-02
8.924083862e+02;1.009151638e-01
8.926473999e+02;1.059768870e-01
8.928864746e+02;8.673675358e-02
8.931255493e+02;9.333656728e-02
8.933646851e+02;1.034600064e-01
8.936037598e+02;1.049142033e-01
8.938428955e+02;1.007753387e-01
8.940819702e+02;1.004117876e-01
8.943211060e+02;1.119055301e-01
8.945602417e+02;8.662489057e-02
8.947994385e+02;9.988044947e-02
8.950385742e+02;1.024532542e-01
8.952777100e+02;9.045613557e-02
8.955169067e+02;1.049981043e-01
8.957561035e+02;8.726809174e-02
8.959953003e+02;9.892962873e-02
8.962344971e+02;8.989682794e-02
8.964737549e+02;9.476279467e-02
8.967129517e+02;8.939345926e-02
8.969522095e+02;9.467890114e-02
8.971914673e+02;9.909741580e-02
8.974307251e+02;9.940503538e-02
8.976699829e+02;9.887369722e-02
8.979092407e+02;8.768757433e-02
8.981484985e+02;9.495855123e-02
8.983878174e+02;9.694409370e-02
8.986271362e+02;8.858246356e-02
8.988664551e+02;9.434331954e-02
8.991057739e+02;7.907425612e-02
8.993450928e+02;9.470686316e-02
8.995844727e+02;8.254195750e-02
8.998237915e+02;8.631727099e-02
9.000631714e+02;7.803954184e-02
9.003025513e+02;8.810704947e-02
9.005419312e+02;9.635681659e-02
9.007813110e+02;8.782739937e-02
9.010206909e+02;7.988525182e-02
9.012601318e+02;8.066827804e-02
9.014995728e+02;7.756412774e-02
9.017390137e+02;9.512634575e-02
9.019784546e+02;9.406366199e-02
9.022178955e+02;9.012055397e-02
9.024573364e+02;8.944938332e-02
9.026968384e+02;8.181485534e-02
9.029362793e+02;7.994118333e-02
9.031757812e+02;9.132306278e-02
9.034152832e+02;8.187078685e-02
9.036547852e+02;7.605399936e-02
9.038943481e+02;9.442721307e-02
9.041338501e+02;7.451590896e-02
9.043734131e+02;8.793926239e-02
9.046129150e+02;7.585824281e-02
9.048524780e+02;8.215043694e-02
9.050920410e+02;8.391225338e-02
9.053316650e+02;8.010897040e-02
9.055712280e+02;7.739633322e-02
9.058108521e+02;8.472324908e-02
9.060504150e+02;6.702120602e-02
9.062900391e+02;8.122758567e-02
9.065296631e+02;8.528255671e-02
9.067693481e+02;7.026518136e-02
9.070089722e+02;8.276567608e-02
9.072486572e+02;7.032111287e-02
9.074882812e+02;7.459980249e-02
9.077279663e+02;8.609354496e-02
9.079676514e+02;7.943780720e-02
9.082073364e+02;8.231823146e-02
9.084470825e+02;7.462777197e-02
9.086867676e+02;6.604241580e-02
9.089265137e+02;7.504724711e-02
9.091662598e+02;8.150723577e-02
9.094060059e+02;7.451590896e-02
9.096457520e+02;6.992959976e-02
9.098854980e+02;7.334136218e-02
9.101252441e+02;7.591417432e-02
9.103650513e+02;6.819574535e-02
9.106048584e+02;6.911860406e-02
9.108446655e+02;7.700482011e-02
9.110844727e+02;7.885053009e-02
9.113242798e+02;6.900674105e-02
9.115641479e+02;7.054483145e-02
9.118039551e+02;7.046093792e-02
9.120438232e+02;7.348119467e-02
9.122836914e+02;6.590259075e-02
9.125235596e+02;6.140017509e-02
9.127634277e+02;8.430376649e-02
9.130032959e+02;6.909063458e-02
9.132432251e+02;6.436450034e-02
9.134831543e+02;6.089680269e-02
9.137230225e+02;6.970587373e-02
9.139629517e+02;6.746865064e-02
9.142029419e+02;6.383316219e-02
9.144428711e+02;6.388908625e-02
9.146828003e+02;6.651782990e-02
9.149227905e+02;7.524300367e-02
9.151627808e+02;7.129989564e-02
9.154027710e+02;6.981773674e-02
9.156427612e+02;6.746865064e-02
9.158827515e+02;6.567887217e-02
9.161228027e+02;6.044935435e-02
9.163627930e+02;7.225071639e-02
9.166028442e+02;6.707713753e-02
9.168428955e+02;6.990163028e-02
9.170829468e+02;7.110413909e-02
9.173229980e+02;7.370491326e-02
9.175631104e+02;7.197106630e-02
9.178031616e+02;5.091318488e-02
9.180432739e+02;6.089680269e-02
9.182833862e+02;5.524780601e-02
9.185234985e+02;6.570683420e-02
9.187636108e+02;6.453229487e-02
9.190037231e+02;5.759689584e-02
9.192438965e+02;6.948215514e-02
9.194840698e+02;4.755734652e-02
9.197241821e+02;6.285437196e-02
9.199643555e+02;5.591897666e-02
9.202045898e+02;5.245127529e-02
9.204447632e+02;5.278686062e-02
9.206849365e+02;5.617066473e-02
9.209251709e+02;5.907905474e-02
9.211654053e+02;6.067307666e-02
9.214056396e+02;7.899036258e-02
9.216458740e+02;5.351395905e-02
9.218861084e+02;5.468850210e-02
9.221264038e+02;6.165186316e-02
9.223666382e+02;5.519187823e-02
9.226069336e+02;4.943102226e-02
9.228472290e+02;5.650624633e-02
9.230875244e+02;5.714944750e-02
9.233278198e+02;5.608676746e-02
9.235681763e+02;4.417354241e-02
9.238084717e+02;5.533170328e-02
9.240488281e+02;4.367016628e-02
9.242891846e+02;5.466053635e-02
9.245295410e+02;5.356989056e-02
9.247698975e+02;4.652262852e-02
9.250102539e+02;6.942622364e-02
9.252506714e+02;4.361423850e-02
9.254910278e+02;4.641076922e-02
9.257314453e+02;5.594693869e-02
9.259718628e+02;5.541560054e-02
9.262122803e+02;5.066149682e-02
9.264527588e+02;5.074539036e-02
9.266931763e+02;4.806072265e-02
9.269336548e+02;6.025359780e-02
9.271741333e+02;5.085725337e-02
9.274146118e+02;5.091318488e-02
9.276550903e+02;4.154480249e-02
9.278955688e+02;6.014173850e-02
9.281360474e+02;5.508001521e-02
9.283765869e+02;5.415716022e-02
9.286171265e+02;4.431337118e-02
9.288576660e+02;5.410122871e-02
9.290982056e+02;4.372609779e-02
9.293387451e+02;5.150045455e-02
9.295792847e+02;4.297103360e-02
9.298198853e+02;4.713786766e-02
9.300604248e+02;4.601925239e-02
9.303010254e+02;3.975502402e-02
9.305416260e+02;4.274731129e-02
9.307822266e+02;4.892764613e-02
9.310228882e+02;7.513114810e-02
9.312634888e+02;5.396140367e-02
9.315041504e+02;4.512436315e-02
9.317448120e+02;3.452550992e-02
9.319854736e+02;4.951491952e-02
9.322261353e+02;4.327865317e-02
9.324667969e+02;5.239534378e-02
9.327075195e+02;3.802117333e-02
9.329481812e+02;4.708193615e-02
9.331889038e+02;5.474443361e-02
9.334296265e+02;4.202021286e-02
9.336703491e+02;4.364220425e-02
9.339110718e+02;3.681866452e-02
9.341518555e+02;4.095753282e-02
9.343925781e+02;3.267979994e-02
9.346333618e+02;5.317837372e-02
9.348741455e+02;4.462098703e-02
9.351149292e+02;4.873188958e-02
9.353557129e+02;4.176852480e-02
9.355964966e+02;4.643873498e-02
9.358373413e+02;3.595174104e-02
9.360781250e+02;4.422947392e-02
9.363189697e+02;3.147729114e-02
9.365598145e+02;4.045415670e-02
9.368006592e+02;3.578395024e-02
9.370415649e+02;4.660652578e-02
9.372824097e+02;2.988326736e-02
9.375233154e+02;3.413399681e-02
9.377642212e+02;4.078974202e-02
9.380051270e+02;4.126515239e-02
9.382460327e+02;4.137701169e-02
9.384869385e+02;3.458144143e-02
9.387278442e+02;2.915617079e-02
9.389688110e+02;4.794885963e-02
9.392097778e+02;4.590739310e-02
9.394507446e+02;2.566050552e-02
9.396917114e+02;3.407806531e-02
9.399326782e+02;3.024681658e-02
9.401736450e+02;3.089001961e-02
9.404146729e+02;3.844065592e-02
9.406556396e+02;3.337893263e-02
9.408966675e+02;4.730565846e-02
9.411376953e+02;3.645511717e-02
9.413787842e+02;2.415037900e-02
9.416198120e+02;2.921210043e-02
9.418608398e+02;3.030274808e-02
9.421019287e+02;3.335096687e-02
9.423430176e+02;3.013495542e-02
9.425841064e+02;3.027478233e-02
9.428251953e+02;2.649946511e-02
9.430662842e+02;3.102984652e-02
9.433074341e+02;3.175694495e-02
9.435485229e+02;3.035867773e-02
9.437896729e+02;2.079454064e-02
9.440308228e+02;3.880420327e-02
9.442719727e+02;3.231624886e-02
9.445131226e+02;2.180129290e-02
9.447543335e+02;1.514554769e-02
9.449954834e+02;2.501730435e-02
9.452366943e+02;1.531333942e-02
9.454779053e+02;2.946378849e-02
9.457191162e+02;3.486109525e-02
9.459603271e+02;2.655539662e-02
9.462015381e+02;2.157757059e-02
9.464428101e+02;2.219280601e-02
9.466840820e+02;2.437410131e-02
9.469252930e+02;1.875307411e-02
9.471665649e+02;2.663929202e-02
9.474078979e+02;1.206936315e-02
9.476491699e+02;2.675115317e-02
9.478904419e+02;2.644353546e-02
9.481317749e+02;1.897679642e-02
9.483731079e+02;2.140977792e-02
9.486144409e+02;2.951971814e-02
9.488557739e+02;1.668363996e-02
9.490971069e+02;3.363062069e-02
9.493384399e+02;1.620822959e-02
9.495798340e+02;2.526899055e-02
9.498212280e+02;2.470968477e-02
9.500626221e+02;3.240014613e-02
9.503040161e+02;1.355152484e-02
9.505454102e+02;1.752259955e-02
9.507868042e+02;1.824969798e-02
9.510282593e+02;1.903272606e-02
9.512697144e+02;1.651584730e-02
9.515111084e+02;1.975982450e-02
9.517525635e+02;1.055923663e-02
9.519940796e+02;1.497775596e-02
9.522355347e+02;1.925644837e-02
9.524769897e+02;1.584468037e-02
9.527185059e+02;2.412241325e-02
9.529600220e+02;1.078995061e-03
9.532015381e+02;1.139819622e-02
9.534430542e+02;2.118605562e-02
9.536845703e+02;2.230466902e-02
9.539261475e+02;2.482154593e-02
9.541676636e+02;2.826127969e-02
9.544092407e+02;3.393824026e-02
9.546508179e+02;8.238115348e-03
9.548923950e+02;1.240494661e-02
9.551339722e+02;1.125836931e-02
9.553756104e+02;2.669522166e-02
9.556171875e+02;1.497775596e-02
9.558588257e+02;2.037506178e-02
9.561004639e+02;2.219280601e-02
9.563421021e+02;1.472606789e-02
9.565837402e+02;1.640398614e-02
9.568253784e+02;1.903272606e-02
9.570670776e+02;2.166146599e-02
9.573087158e+02;2.065471373e-02
9.575504150e+02;1.847342029e-02
9.577921143e+02;2.096233331e-02
9.580338135e+02;1.917255297e-02
9.582755737e+02;2.252839133e-02
9.585172729e+02;1.184564084e-02
9.587590332e+02;2.101826295e-02
9.590007324e+02;1.797004417e-02
9.592424927e+02;4.239075352e-03
9.594843140e+02;8.266081102e-03
9.597260742e+02;7.874566130e-03
9.599678345e+02;1.813783683e-02
9.602096558e+02;1.383117773e-02
9.604514160e+02;2.336735092e-02
9.606932373e+02;2.722656354e-02
9.609350586e+02;2.848500200e-02
9.611769409e+02;1.492182538e-02
9.614187622e+02;2.345124632e-02
9.616605835e+02;1.413879637e-02
9.619024658e+02;1.682346687e-02
9.621443481e+02;3.550429642e-02
9.623862305e+02;1.838952489e-02
9.626281128e+02;1.810987107e-02
9.628699951e+02;2.319955826e-02
9.631119385e+02;2.174536139e-02
9.633538818e+02;2.107419446e-02
9.635957642e+02;1.975982450e-02
9.638377075e+02;1.402693521e-02
9.640796509e+02;2.566050552e-02
9.643216553e+02;1.425065752e-02
9.645635986e+02;1.713108458e-02
9.648056030e+02;2.507323399e-02
9.650475464e+02;1.299221907e-02
9.652895508e+02;9.664346464e-03
9.655315552e+02;2.001151256e-02
9.657735596e+02;1.824969798e-02
9.660156250e+02;2.107419446e-02
9.662576294e+02;2.171739563e-02
9.664996948e+02;1.469810307e-02
9.667417603e+02;1.374728233e-02
9.669838257e+02;1.343966369e-02
9.672258911e+02;1.690736227e-02
9.674679565e+02;1.595654152e-02
9.677100830e+02;1.601247303e-02
9.679522095e+02;1.576078497e-02
9.681942749e+02;1.425065752e-02
9.684364014e+02;2.319955826e-02
9.686785278e+02;1.167784911e-02
9.689207153e+02;1.651584730e-02
9.691628418e+02;8.210149594e-03
9.694050293e+02;1.335576735e-02
9.696471558e+02;6.504266057e-03
9.698893433e+02;1.715905033e-02
9.701315308e+02;1.620822959e-02
9.703737793e+02;1.774632186e-02
9.706159668e+02;1.564892381e-02
9.708582153e+02;1.822173223e-02
9.711004028e+02;9.384693578e-03
9.713426514e+02;2.051488869e-02
9.715848999e+02;1.058720145e-02
9.718271484e+02;1.620822959e-02
9.720694580e+02;1.464217249e-02
9.723117065e+02;9.748241864e-03
9.725540161e+02;9.077074938e-03
9.727963257e+02;7.594913244e-03
9.730386353e+02;1.086685527e-02
9.732809448e+02;1.232105121e-02
9.735232544e+02;1.710312068e-02
9.737655640e+02;1.959203184e-02
9.740079346e+02;5.693271756e-03
9.742503052e+02;1.855731569e-02
9.744926758e+02;1.665567420e-02
9.747350464e+02;1.416676212e-02
9.749774170e+02;1.260070410e-02
9.752197876e+02;1.645991765e-02
9.754622192e+02;2.347921208e-02
9.757046509e+02;7.650843821e-03
9.759470825e+02;1.511758287e-02
9.761895142e+02;1.886493526e-02
9.764319458e+02;1.676753536e-02
9.766743774e+02;1.279646158e-02
9.769168701e+02;8.238115348e-03
9.771593018e+02;1.011179108e-02
9.774017944e+02;3.288254840e-03
9.776442871e+02;1.226512063e-02
9.778867798e+02;1.402693521e-02
9.781292725e+02;4.686520435e-03
9.783718262e+02;1.819376647e-02
9.786143799e+02;1.679550111e-02
9.788568726e+02;1.928441413e-02
9.790994263e+02;-5.604715087e-03
9.793419800e+02;9.112031548e-04
9.795845947e+02;1.053127088e-02
9.798271484e+02;5.693271756e-03
9.800697021e+02;3.847561078e-03
9.803123169e+02;1.357949059e-02
9.805549316e+02;1.486589480e-02
9.807975464e+02;1.718701608e-02
9.810401611e+02;3.400115995e-03
9.812828369e+02;1.192953717e-02
9.815254517e+02;2.645052504e-03
9.817681274e+02;2.561156638e-03
9.820108032e+02;8.322011679e-03
9.822534790e+02;1.234901603e-02
9.824961548e+02;1.640398614e-02
9.827388306e+02;3.903491655e-03
9.829815674e+02;8.629629388e-03
9.832242432e+02;-1.074334141e-03
9.834669800e+02;1.478199847e-02
9.837097168e+02;-2.248877194e-03
9.839524536e+02;1.310408022e-02
9.841951904e+02;6.672057789e-03
9.844379883e+02;1.486589480e-02
9.846807251e+02;-4.590972385e-04
9.849235229e+02;2.789773047e-02
9.851663208e+02;2.003947832e-02
9.854091187e+02;4.714485724e-03
9.856519165e+02;1.931237988e-02
9.858947144e+02;7.455086336e-03
9.861375732e+02;1.822173223e-02
9.863804321e+02;9.440624155e-03
9.866232300e+02;1.917954418e-03
9.868660889e+02;1.075499319e-02
9.871089478e+02;-2.109050751e-03
9.873518677e+02;2.034709603e-02
9.875947266e+02;1.243291236e-02
9.878376465e+02;7.650843821e-03
9.880805664e+02;4.882277455e-03
9.883234863e+02;1.666266588e-03
9.885664062e+02;1.615229994e-02
9.888093262e+02;1.142616104e-02
9.890522461e+02;1.131429989e-02
9.892952271e+02;1.548113115e-02
9.895382080e+02;4.322971217e-03
9.897811279e+02;8.322011679e-03
9.900241699e+02;1.288035698e-02
9.902671509e+02;7.874566130e-03
9.905101318e+02;7.315259892e-03
9.907531738e+02;1.900476031e-02
9.909961548e+02;1.816580258e-02
9.912391968e+02;1.092278585e-02
9.914822388e+02;1.629212499e-02
9.917252808e+02;6.560196634e-03
9.919683838e+02;8.154219016e-03
9.922114258e+02;5.245826673e-03
9.924545288e+02;7.986427285e-03
9.926975708e+02;3.651803825e-03
9.929406738e+02;2.561156638e-03
9.931837769e+02;1.201343257e-02
9.934269409e+02;1.016772166e-02
9.936700439e+02;3.735699924e-03
9.939132080e+02;2.252839133e-02
9.941563110e+02;6.000890397e-03
9.943994751e+02;1.623619534e-02
9.946426392e+02;2.169642365e-03
9.948858643e+02;1.220919006e-02
9.951290283e+02;-2.353747259e-04
9.953721924e+02;-1.381952548e-03
9.956154175e+02;7.902531885e-03
9.958586426e+02;4.630589858e-03
9.961018677e+02;9.384693578e-03
9.963450928e+02;8.349976502e-03
9.965883179e+02;1.260070410e-02
9.968316040e+02;-2.353747259e-04
9.970748291e+02;5.861063488e-03
9.973181152e+02;1.223715488e-02
9.975614014e+02;7.762704976e-03
9.978046875e+02;1.086685527e-02
9.980480347e+02;2.505226061e-03
9.982913208e+02;1.651584730e-02
9.985346680e+02;5.357687827e-03
9.987779541e+02;1.394303888e-02
9.990213013e+02;1.925644837e-02
9.992646484e+02;8.405907080e-03
9.995079956e+02;1.067109779e-02
9.997514038e+02;1.369135175e-02
9.999947510e+02;1.494979020e-02
1.000238159e+03;-1.353987260e-03
1.000481567e+03;-6.268891157e-04
1.000724976e+03;1.489385962e-02
1.000968384e+03;-3.647143021e-03
1.001211792e+03;7.231364027e-03
1.001455261e+03;3.232324263e-03
1.001698669e+03;1.741073839e-02
1.001942139e+03;-7.387503865e-04
1.002185608e+03;2.281503519e-03
1.002429077e+03;3.567907959e-03
1.002672546e+03;1.005586050e-02
1.002916077e+03;3.204358974e-03
1.003159546e+03;1.360745542e-02
1.003403076e+03;5.553445313e-03
1.003646606e+03;1.265663467e-02
1.003890137e+03;-7.946810219e-04
1.004133667e+03;8.070323616e-03
1.004377258e+03;1.195750199e-02
1.004620789e+03;2.171739563e-02
1.004864380e+03;6.112751551e-03
1.005107971e+03;1.554405317e-03
1.005351562e+03;1.195750199e-02
1.005595154e+03;-5.150278448e-04
1.005838745e+03;3.735699924e-03
1.006082336e+03;3.595873248e-03
1.006325989e+03;1.402693521e-02
1.006569641e+03;2.728948602e-03
1.006813293e+03;2.337434096e-03
1.007056946e+03;7.371190470e-03
1.007300598e+03;-5.576749798e-03
1.007544312e+03;-5.408957601e-03
1.007787964e+03;7.594913244e-03
1.008031677e+03;8.769456297e-03
1.008275391e+03;1.380321290e-02
1.008519104e+03;1.526440028e-03
1.008762817e+03;1.806093147e-03
1.009006531e+03;4.350936506e-03
1.009250305e+03;6.504266057e-03
1.009494019e+03;2.617087215e-03
1.009737793e+03;1.386613469e-03
1.009981567e+03;3.763665212e-03
1.010225342e+03;-1.549744513e-03
1.010469177e+03;3.484012093e-03
1.010712952e+03;-1.381952548e-03
1.010956787e+03;6.280543283e-03
1.011200623e+03;8.832378080e-04
1.011444397e+03;8.573698811e-03
1.011688293e+03;7.762704976e-03
1.011932129e+03;2.169642365e-03
1.012175964e+03;2.421329962e-03
1.012419861e+03;-8.764795028e-03
1.012663696e+03;1.419472694e-02
1.012907593e+03;2.185722254e-02
1.013151489e+03;-1.298056683e-03
1.013395447e+03;5.721237045e-03
1.013639343e+03;-6.108090747e-03
1.013883240e+03;4.357928119e-04
1.014127197e+03;8.909283206e-03
1.014371155e+03;1.671160571e-02
1.014615112e+03;5.022104364e-03
1.014859070e+03;1.799800992e-02
1.015103027e+03;-3.423420480e-03
1.015347046e+03;1.349559426e-02
1.015591003e+03;8.349976502e-03
1.015835022e+03;6.588161923e-03
1.016079041e+03;1.694231876e-03
1.016323059e+03;8.461837657e-03
1.016567078e+03;-7.562286686e-03
1.016811157e+03;6.867814809e-03
1.017055176e+03;-8.205489255e-03
1.017299255e+03;1.442544046e-03
1.017543335e+03;1.167784911e-02
1.017787415e+03;5.749202333e-03
1.018031494e+03;9.468588978e-03
1.018275574e+03;-3.059871495e-03
1.018519714e+03;1.215325948e-02
1.018763855e+03;1.715905033e-02
1.019007935e+03;-4.128845409e-02
1.019252075e+03;-4.151217639e-02
1.019496216e+03;-4.374940321e-02
1.019740417e+03;-4.310620204e-02
1.019984558e+03;-4.240706936e-02
1.020228760e+03;-4.400109127e-02
[EndOfFile]
