#Thorlabs FTS
[SpectrumHeader]
#Date;20251128
#Time;18141522
#GMTTime;21141522
#Instrument;0
#InstrModel;CCS200
#Series;0
#InterferometerSerial;M00311012
#Type;emission
#ChannelIndex;0
#XAxisUnit;nm_air
#YAxisUnit;intensity
#Average;1
#RollingAverage;0
#SpectrumSmooth;0
#SSmoothParam1;0
#SSmoothParam2;0
#SSmoothParam3;0
#SSmoothParam4;0
#IntegrationTime;3.000000
#TriggerMode;0
#AirMeasureOpt;0
#AirTemp;0.00
#AirPressure;0.00
#AirRelHum;0.00
#WnrMin;9799.037109
#WnrMax;50982.906250
#Length;3648
#Resolution;0.0000000000e+00
#ADC;0
#InstrStatus;0
#RefLaserLocked;0
#ChannelIndex;0
#AttenuationFilter;0
#Stitched;0
#ExcitationWavelength_nm;0
#SoftwareVersion;3.310000
#FirmwareVersion;
#Motor_FirmwareVersion;
#ReconstructionAlgorithms_SoftwareVersion;
#Sensor_FirmwareVersion;
#InstrSeriesIdentifier;MUN_CCS_SERIES
#RefGainIndex;0
#RefSignalInPerecent;0.0
#BBRefGainIndex;0
#BBRefSignalInPerecent;0.0
#AutogainStatus;0
#Name;
#Comment;""
#ExtComment;""
#Source;
[Data]
1.960870056e+02;4.122180399e-03
1.962940979e+02;2.811287064e-03
1.965012054e+02;1.018840703e-03
1.967083282e+02;-3.723115951e-04
1.969154510e+02;1.794675714e-03
1.971225891e+02;2.697587188e-04
1.973297424e+02;-6.665938417e-04
1.975368958e+02;-5.328292027e-04
1.977440643e+02;-1.850411063e-04
1.979512482e+02;5.573527233e-05
1.981584320e+02;3.988415934e-03
1.983656311e+02;1.152605400e-03
1.985728455e+02;-1.522687613e-03
1.987800751e+02;-5.328292027e-04
1.989873047e+02;2.169216750e-03
1.991945496e+02;1.339875860e-03
1.994018097e+02;1.767922775e-03
1.996090698e+02;2.356487326e-03
1.998163452e+02;2.597263549e-03
2.000236359e+02;3.480110317e-03
2.002309418e+02;2.142463811e-03
2.004382477e+02;2.062204992e-03
2.006455688e+02;4.175686277e-03
2.008528900e+02;2.624016488e-03
2.010602417e+02;2.115710871e-03
2.012675934e+02;1.821428654e-03
2.014749451e+02;-6.398409023e-04
2.016823273e+02;1.092411330e-04
2.018897095e+02;1.339875860e-03
2.020971069e+02;-1.549440552e-03
2.023045044e+02;-2.652998955e-04
2.025119171e+02;1.125852461e-03
2.027193451e+02;6.175467861e-04
2.029267883e+02;6.978056044e-04
2.031342316e+02;6.175467861e-04
2.033416901e+02;9.118290036e-04
2.035491638e+02;2.998557640e-03
2.037566376e+02;2.570510609e-03
2.039641418e+02;8.048173040e-04
2.041716309e+02;2.864792943e-03
2.043791504e+02;3.908157349e-03
2.045866699e+02;1.286370098e-03
2.047942047e+02;4.416462965e-03
2.050017548e+02;3.801145358e-03
2.052093048e+02;4.041921813e-03
2.054168701e+02;2.918298822e-03
2.056244507e+02;3.239333862e-03
2.058320312e+02;-2.452351873e-05
2.060396423e+02;1.092411330e-04
2.062472534e+02;1.072346582e-03
2.064548645e+02;-1.148146577e-03
2.066624908e+02;5.105350865e-04
2.068701324e+02;-7.736055413e-04
2.070777893e+02;-1.388922916e-03
2.072854462e+02;1.259617158e-03
2.074931335e+02;-1.656452194e-03
2.077008057e+02;2.276228508e-03
2.079085083e+02;-2.385469561e-04
2.081162109e+02;2.490251791e-03
2.083239288e+02;2.811287064e-03
2.085316467e+02;1.607405255e-03
2.087393951e+02;2.704275306e-03
2.089471436e+02;3.025310580e-03
2.091548920e+02;2.008699114e-03
2.093626709e+02;2.383240266e-03
2.095704498e+02;2.945051761e-03
2.097782440e+02;4.576980602e-03
2.099860382e+02;2.409993205e-03
2.101938629e+02;2.704275306e-03
2.104016724e+02;1.018840703e-03
2.106095123e+02;1.099099522e-03
2.108173523e+02;-4.525704135e-04
2.110252075e+02;1.767922775e-03
2.112330780e+02;3.232645686e-04
2.114409637e+02;-7.736055413e-04
2.116488495e+02;1.660911017e-03
2.118567505e+02;1.286370098e-03
2.120646515e+02;2.195969690e-03
2.122725677e+02;1.660911017e-03
2.124804993e+02;-9.341231198e-04
2.126884460e+02;2.195969690e-03
2.128963928e+02;2.062204992e-03
2.131043549e+02;2.945051761e-03
2.133123322e+02;1.767922775e-03
2.135203094e+02;1.366628800e-03
2.137283173e+02;3.694133833e-03
2.139363098e+02;2.704275306e-03
2.141443329e+02;4.068674985e-03
2.143523560e+02;2.784534125e-03
2.145603943e+02;2.517004730e-03
2.147684479e+02;2.008699114e-03
2.149765015e+02;3.500175080e-04
2.151845703e+02;1.794675714e-03
2.153926544e+02;-8.806172991e-04
2.156007538e+02;8.850761224e-04
2.158088531e+02;-1.736711012e-03
2.160169678e+02;1.099099522e-03
2.162250824e+02;1.393381739e-03
2.164332123e+02;8.583231829e-04
2.166413574e+02;1.634158194e-03
2.168495178e+02;1.741169835e-03
2.170576782e+02;9.653348825e-04
2.172658691e+02;4.068674985e-03
2.174740448e+02;2.169216750e-03
2.176822510e+02;2.650769427e-03
2.178904572e+02;1.767922775e-03
2.180986786e+02;2.115710871e-03
2.183069000e+02;6.175467861e-04
2.185151520e+02;2.757781185e-03
2.187234039e+02;1.072346582e-03
2.189316559e+02;6.710526650e-04
2.191399384e+02;5.640409654e-04
2.193482208e+02;-5.328292027e-04
2.195565186e+02;2.229410939e-06
2.197648163e+02;1.500393497e-03
2.199731293e+02;-2.452351873e-05
2.201814575e+02;3.373098560e-03
2.203898010e+02;-1.047823098e-04
2.205981445e+02;1.580652315e-03
2.208065033e+02;-1.582881669e-04
2.210148773e+02;2.624016488e-03
2.212232513e+02;1.767922775e-03
2.214316406e+02;8.315702435e-04
2.216400452e+02;1.259617158e-03
2.218484650e+02;2.436746145e-03
2.220568848e+02;-3.723115951e-04
2.222653198e+02;2.570510609e-03
2.224737549e+02;2.115710871e-03
2.226822205e+02;4.309451208e-03
2.228906860e+02;2.115710871e-03
2.230991516e+02;3.346345620e-03
2.233076477e+02;2.971804701e-03
2.235161438e+02;1.794675714e-03
2.237246552e+02;-1.388922916e-03
2.239331665e+02;1.580652315e-03
2.241416931e+02;-2.920528059e-04
2.243502350e+02;2.008699114e-03
2.245587921e+02;-1.308664214e-03
2.247673492e+02;1.018840703e-03
2.249759216e+02;-1.582881669e-04
2.251845093e+02;6.442997255e-04
2.253930969e+02;3.212580923e-03
2.256017151e+02;2.570510609e-03
2.258103180e+02;5.573527233e-05
2.260189514e+02;1.821428654e-03
2.262275848e+02;2.088957932e-03
2.264362335e+02;2.918298822e-03
2.266448975e+02;9.118290036e-04
2.268535614e+02;3.292839741e-03
2.270622406e+02;2.945051761e-03
2.272709351e+02;2.811287064e-03
2.274796295e+02;-2.452351873e-05
2.276883392e+02;1.339875860e-03
2.278970642e+02;-7.736055413e-04
2.281058044e+02;-1.094640698e-03
2.283145447e+02;6.442997255e-04
2.285233002e+02;5.105350865e-04
2.287320557e+02;5.372880260e-04
2.289408417e+02;2.142463811e-03
2.291496277e+02;1.125852461e-03
2.293584137e+02;2.409993205e-03
2.295672302e+02;2.650769427e-03
2.297760468e+02;2.249475569e-03
2.299848785e+02;3.500175080e-04
2.301937103e+02;2.570510609e-03
2.304025726e+02;1.687663957e-03
2.306114197e+02;3.934910055e-03
2.308202972e+02;5.640409654e-04
2.310291748e+02;2.329734387e-03
2.312380676e+02;3.533616196e-03
2.314469757e+02;2.998557640e-03
2.316558990e+02;3.232645686e-04
2.318648224e+02;2.891545882e-03
2.320737610e+02;8.583231829e-04
2.322826996e+02;1.179358340e-03
2.324916534e+02;1.092411330e-04
2.327006226e+02;-7.802937762e-05
2.329096069e+02;5.105350865e-04
2.331185913e+02;7.780643646e-04
2.333275909e+02;1.527146436e-03
2.335366058e+02;7.245585439e-04
2.337456207e+02;1.072346582e-03
2.339546661e+02;3.426604439e-03
2.341636963e+02;-1.047823098e-04
2.343727570e+02;1.179358340e-03
2.345818176e+02;2.677522367e-03
2.347908936e+02;1.928440412e-03
2.349999847e+02;1.794675714e-03
2.352090759e+02;4.148933571e-03
2.354181824e+02;1.928440412e-03
2.356273041e+02;2.490251791e-03
2.358364258e+02;-1.014381880e-03
2.360455627e+02;1.660911017e-03
2.362547150e+02;-2.920528059e-04
2.364638824e+02;4.837821471e-04
2.366730499e+02;-9.073701804e-04
2.368822327e+02;1.339875860e-03
2.370914154e+02;-1.201652456e-03
2.373006287e+02;1.018840703e-03
2.375098419e+02;3.500175080e-04
2.377190552e+02;1.627469901e-04
2.379282990e+02;-1.067887759e-03
2.381375427e+02;1.553899376e-03
2.383468018e+02;2.704275306e-03
2.385560608e+02;4.336203914e-03
2.387653503e+02;1.125852461e-03
2.389746246e+02;5.540085956e-03
2.391839294e+02;1.874934533e-03
2.393932343e+02;2.543757670e-03
2.396025543e+02;2.463499084e-03
2.398118896e+02;2.062204992e-03
2.400212402e+02;2.008699114e-03
2.402305908e+02;9.653348825e-04
2.404399414e+02;6.710526650e-04
2.406493225e+02;5.105350865e-04
2.408587036e+02;-3.188057453e-04
2.410681000e+02;3.232645686e-04
2.412775116e+02;1.232864219e-03
2.414869232e+02;2.811287064e-03
2.416963501e+02;-4.258174740e-04
2.419057922e+02;1.446887618e-03
2.421152344e+02;-7.802937762e-05
2.423246918e+02;1.339875860e-03
2.425341644e+02;1.232864219e-03
2.427436371e+02;1.928440412e-03
2.429531403e+02;6.978056044e-04
2.431626434e+02;2.115710871e-03
2.433721466e+02;1.607405255e-03
2.435816650e+02;1.420134678e-03
2.437911987e+02;2.677522367e-03
2.440007477e+02;2.704275306e-03
2.442103119e+02;2.650769427e-03
2.444198761e+02;1.767922775e-03
2.446294403e+02;7.513114251e-04
2.448390350e+02;3.767704184e-04
2.450486298e+02;5.372880260e-04
2.452582397e+02;-7.802937762e-05
2.454678650e+02;5.573527233e-05
2.456774902e+02;2.142463811e-03
2.458871307e+02;-8.003584808e-04
2.460967865e+02;1.206111279e-03
2.463064423e+02;2.490251791e-03
2.465161133e+02;3.767704184e-04
2.467257996e+02;2.035452053e-03
2.469354858e+02;2.302981447e-03
2.471451874e+02;2.195969690e-03
2.473549042e+02;4.015169106e-03
2.475646362e+02;1.687663957e-03
2.477743683e+02;1.741169835e-03
2.479841156e+02;1.446887618e-03
2.481938782e+02;3.774392651e-03
2.484036407e+02;1.874934533e-03
2.486134186e+02;1.553899376e-03
2.488232117e+02;1.286370098e-03
2.490330048e+02;-2.385469561e-04
2.492428284e+02;7.780643646e-04
2.494526367e+02;1.527146436e-03
2.496624756e+02;-6.398409023e-04
2.498723145e+02;-5.328292027e-04
2.500821686e+02;6.442997255e-04
2.502920380e+02;1.232864219e-03
2.505019073e+02;-1.415675855e-03
2.507117920e+02;1.928440412e-03
2.509216919e+02;6.710526650e-04
2.511315918e+02;1.741169835e-03
2.513415222e+02;2.517004730e-03
2.515514374e+02;2.088957932e-03
2.517613831e+02;3.319592681e-03
2.519713287e+02;3.720886772e-03
2.521812897e+02;2.838040004e-03
2.523912659e+02;2.383240266e-03
2.526012421e+02;1.366628800e-03
2.528112335e+02;7.245585439e-04
2.530212402e+02;2.162528544e-04
2.532312469e+02;1.473640557e-03
2.534412689e+02;-1.656452194e-03
2.536513062e+02;8.315702435e-04
2.538613586e+02;5.573527233e-05
2.540714111e+02;1.313123037e-03
2.542814789e+02;4.570292076e-04
2.544915466e+02;-7.802937762e-05
2.547016449e+02;6.442997255e-04
2.549117432e+02;9.118290036e-04
2.551218567e+02;3.159075044e-03
2.553319702e+02;2.383240266e-03
2.555420990e+02;1.981946174e-03
2.557522430e+02;2.677522367e-03
2.559623871e+02;2.811287064e-03
2.561725464e+02;4.362957086e-03
2.563827209e+02;4.148933571e-03
2.565928955e+02;1.393381739e-03
2.568031006e+02;2.436746145e-03
2.570133057e+02;1.741169835e-03
2.572235107e+02;-8.003584808e-04
2.574337463e+02;1.018840703e-03
2.576439819e+02;-8.806172991e-04
2.578542480e+02;4.837821471e-04
2.580644836e+02;2.430057793e-04
2.582747498e+02;-2.452351873e-05
2.584850464e+02;1.206111279e-03
2.586953430e+02;2.430057793e-04
2.589056396e+02;3.052063519e-03
2.591159363e+02;2.945051761e-03
2.593262634e+02;2.035452053e-03
2.595365906e+02;1.874934533e-03
2.597469482e+02;3.052063519e-03
2.599573059e+02;2.490251791e-03
2.601676636e+02;1.821428654e-03
2.603780212e+02;3.587122075e-03
2.605884094e+02;3.266086802e-03
2.607988281e+02;2.008699114e-03
2.610092163e+02;1.259617158e-03
2.612196350e+02;2.035452053e-03
2.614300842e+02;2.162528544e-04
2.616405029e+02;1.232864219e-03
2.618509521e+02;1.125852461e-03
2.620614319e+02;-4.793233238e-04
2.622718811e+02;1.072346582e-03
2.624823608e+02;1.874934533e-03
2.626928711e+02;3.232645686e-04
2.629033508e+02;2.008699114e-03
2.631138916e+02;1.206111279e-03
2.633244019e+02;1.874934533e-03
2.635349426e+02;2.677522367e-03
2.637454834e+02;2.436746145e-03
2.639560242e+02;2.945051761e-03
2.641665955e+02;3.426604439e-03
2.643771973e+02;2.677522367e-03
2.645877686e+02;2.891545882e-03
2.647983704e+02;2.570510609e-03
2.650089722e+02;4.496721551e-03
2.652196045e+02;1.500393497e-03
2.654302368e+02;1.152605400e-03
2.656408691e+02;9.118290036e-04
2.658515320e+02;2.838040004e-03
2.660621948e+02;5.907938466e-04
2.662728577e+02;1.259617158e-03
2.664835510e+02;2.229410939e-06
2.666942444e+02;1.152605400e-03
2.669049377e+02;-6.398409023e-04
2.671156616e+02;1.687663957e-03
2.673263855e+02;1.018840703e-03
2.675371094e+02;4.837821471e-04
2.677478638e+02;6.442997255e-04
2.679586182e+02;1.366628800e-03
2.681694031e+02;2.945051761e-03
2.683801575e+02;4.550227430e-03
2.685909729e+02;1.179358340e-03
2.688017578e+02;3.239333862e-03
2.690125732e+02;2.811287064e-03
2.692233887e+02;1.660911017e-03
2.694342346e+02;6.978056044e-04
2.696450806e+02;2.517004730e-03
2.698559265e+02;-2.218263689e-03
2.700667725e+02;1.767922775e-03
2.702776489e+02;1.420134678e-03
2.704885559e+02;6.978056044e-04
2.706994324e+02;9.385819430e-04
2.709103394e+02;1.232864219e-03
2.711212769e+02;2.697587188e-04
2.713321838e+02;1.660911017e-03
2.715431213e+02;1.339875860e-03
2.717540894e+02;2.784534125e-03
2.719650269e+02;2.409993205e-03
2.721760254e+02;2.142463811e-03
2.723869934e+02;5.907938466e-04
2.725979919e+02;2.062204992e-03
2.728089905e+02;3.694133833e-03
2.730199890e+02;1.500393497e-03
2.732310181e+02;1.527146436e-03
2.734420471e+02;3.533616196e-03
2.736531067e+02;7.513114251e-04
2.738641663e+02;1.901687472e-03
2.740752258e+02;7.513114251e-04
2.742862854e+02;9.118290036e-04
2.744973755e+02;-3.723115951e-04
2.747084961e+02;1.018840703e-03
2.749195862e+02;1.627469901e-04
2.751307068e+02;2.302981447e-03
2.753418274e+02;1.901687472e-03
2.755529785e+02;2.891545882e-03
2.757641296e+02;1.874934533e-03
2.759752808e+02;-2.652998955e-04
2.761864624e+02;1.018840703e-03
2.763976440e+02;2.436746145e-03
2.766088562e+02;3.480110317e-03
2.768200378e+02;3.319592681e-03
2.770312500e+02;2.864792943e-03
2.772424927e+02;2.624016488e-03
2.774537354e+02;1.553899376e-03
2.776649780e+02;1.446887618e-03
2.778762207e+02;3.232645686e-04
2.780874939e+02;2.409993205e-03
2.782987671e+02;1.767922775e-03
2.785100708e+02;1.125852461e-03
2.787213745e+02;5.640409654e-04
2.789326782e+02;3.640627954e-03
2.791439819e+02;5.372880260e-04
2.793553162e+02;3.052063519e-03
2.795666504e+02;8.315702435e-04
2.797780151e+02;1.821428654e-03
2.799893799e+02;-1.549440552e-03
2.802007446e+02;1.660911017e-03
2.804121399e+02;1.981946174e-03
2.806235352e+02;3.961663228e-03
2.808349304e+02;8.248820086e-05
2.810463562e+02;1.821428654e-03
2.812577820e+02;2.624016488e-03
2.814692078e+02;2.115710871e-03
2.816806641e+02;2.142463811e-03
2.818921204e+02;1.821428654e-03
2.821036072e+02;-2.459040144e-03
2.823150635e+02;2.677522367e-03
2.825265808e+02;-2.452351873e-05
2.827380676e+02;-2.452351873e-05
2.829495850e+02;-3.455586848e-04
2.831611023e+02;3.961663228e-03
2.833726501e+02;3.500175080e-04
2.835841675e+02;1.072346582e-03
2.837957458e+02;1.687663957e-03
2.840072937e+02;1.072346582e-03
2.842188721e+02;1.018840703e-03
2.844304504e+02;2.062204992e-03
2.846420593e+02;5.372880260e-04
2.848536682e+02;2.784534125e-03
2.850652771e+02;9.385819430e-04
2.852769165e+02;2.677522367e-03
2.854885559e+02;3.613875015e-03
2.857001953e+02;2.195969690e-03
2.859118652e+02;1.286370098e-03
2.861235352e+02;6.710526650e-04
2.863352051e+02;1.072346582e-03
2.865469055e+02;1.894999150e-04
2.867586060e+02;-1.335417037e-03
2.869703064e+02;5.640409654e-04
2.871820374e+02;2.965116291e-04
2.873937683e+02;9.653348825e-04
2.876055298e+02;1.339875860e-03
2.878172913e+02;2.864792943e-03
2.880290527e+02;1.259617158e-03
2.882408142e+02;1.232864219e-03
2.884526062e+02;2.463499084e-03
2.886643982e+02;1.821428654e-03
2.888762207e+02;3.052063519e-03
2.890880432e+02;4.657239188e-03
2.892998657e+02;3.232645686e-04
2.895116882e+02;1.152605400e-03
2.897235413e+02;5.907938466e-04
2.899354248e+02;5.058533046e-03
2.901472778e+02;-4.793233238e-04
2.903591614e+02;9.118290036e-04
2.905710754e+02;-4.793233238e-04
2.907829590e+02;1.018840703e-03
2.909948730e+02;-4.793233238e-04
2.912068176e+02;2.035452053e-03
2.914187317e+02;-7.468526019e-04
2.916306763e+02;1.259617158e-03
2.918426514e+02;1.359940652e-04
2.920546265e+02;3.266086802e-03
2.922666016e+02;1.286370098e-03
2.924785767e+02;2.222722629e-03
2.926905823e+02;2.624016488e-03
2.929025879e+02;3.694133833e-03
2.931146240e+02;-4.258174740e-04
2.933266296e+02;2.490251791e-03
2.935386963e+02;3.266086802e-03
2.937507324e+02;3.185827984e-03
2.939627991e+02;2.249475569e-03
2.941748657e+02;3.908157349e-03
2.943869629e+02;1.339875860e-03
2.945990601e+02;4.302762973e-04
2.948111572e+02;8.048173040e-04
2.950232849e+02;3.232645686e-04
2.952354126e+02;-1.281911274e-03
2.954475403e+02;1.072346582e-03
2.956596680e+02;3.500175080e-04
2.958718262e+02;1.359940652e-04
2.960840149e+02;1.874934533e-03
2.962962036e+02;1.874934533e-03
2.965083923e+02;9.653348825e-04
2.967205811e+02;2.624016488e-03
2.969328003e+02;3.767704184e-04
2.971450195e+02;2.838040004e-03
2.973572388e+02;3.908157349e-03
2.975694885e+02;3.373098560e-03
2.977817383e+02;2.302981447e-03
2.979940186e+02;2.864792943e-03
2.982062683e+02;1.286370098e-03
2.984185791e+02;3.399851499e-03
2.986308594e+02;2.898234015e-05
2.988431702e+02;5.105350865e-04
2.990554810e+02;2.162528544e-04
2.992678223e+02;1.634158194e-03
2.994801636e+02;-1.602946431e-03
2.996925049e+02;2.115710871e-03
2.999048462e+02;1.366628800e-03
3.001172180e+02;5.907938466e-04
3.003296204e+02;9.653348825e-04
3.005419922e+02;2.757781185e-03
3.007543945e+02;1.527146436e-03
3.009668274e+02;1.473640557e-03
3.011792297e+02;5.573527233e-05
3.013916626e+02;1.660911017e-03
3.016041260e+02;-7.802937762e-05
3.018165588e+02;3.613875015e-03
3.020290222e+02;2.543757670e-03
3.022415161e+02;2.838040004e-03
3.024539795e+02;2.383240266e-03
3.026665039e+02;2.570510609e-03
3.028789978e+02;9.118290036e-04
3.030915222e+02;8.315702435e-04
3.033040466e+02;5.907938466e-04
3.035165710e+02;2.517004730e-03
3.037291260e+02;8.048173040e-04
3.039416809e+02;7.513114251e-04
3.041542664e+02;8.583231829e-04
3.043668518e+02;1.446887618e-03
3.045794373e+02;1.092411330e-04
3.047920532e+02;7.513114251e-04
3.050046387e+02;-8.538643597e-04
3.052172852e+02;-4.258174740e-04
3.054299011e+02;7.780643646e-04
3.056425476e+02;1.393381739e-03
3.058552246e+02;2.035452053e-03
3.060678711e+02;3.132322337e-03
3.062805481e+02;1.446887618e-03
3.064932556e+02;8.315702435e-04
3.067059326e+02;3.266086802e-03
3.069186401e+02;7.245585439e-04
3.071313782e+02;8.315702435e-04
3.073440857e+02;-2.920528059e-04
3.075568237e+02;1.894999150e-04
3.077695923e+02;1.794675714e-03
3.079823608e+02;-1.415675855e-03
3.081951294e+02;8.583231829e-04
3.084078979e+02;-1.014381880e-03
3.086206970e+02;1.981946174e-03
3.088334961e+02;2.704275306e-03
3.090463257e+02;2.430057793e-04
3.092591248e+02;2.463499084e-03
3.094719849e+02;8.850761224e-04
3.096848145e+02;3.560369136e-03
3.098976746e+02;2.971804701e-03
3.101105347e+02;2.436746145e-03
3.103234253e+02;6.442997255e-04
3.105363159e+02;2.517004730e-03
3.107492065e+02;1.767922775e-03
3.109621277e+02;6.442997255e-04
3.111750183e+02;1.767922775e-03
3.113879700e+02;3.500175080e-04
3.116008911e+02;1.099099522e-03
3.118138428e+02;-1.315352420e-04
3.120268250e+02;1.607405255e-03
3.122397766e+02;-1.629699371e-03
3.124527588e+02;-5.127644908e-05
3.126657715e+02;-6.665938417e-04
3.128787842e+02;1.179358340e-03
3.130917969e+02;9.385819430e-04
3.133048096e+02;2.543757670e-03
3.135178528e+02;2.543757670e-03
3.137308960e+02;-8.806172991e-04
3.139439392e+02;1.473640557e-03
3.141570129e+02;4.229192156e-03
3.143700867e+02;1.366628800e-03
3.145831909e+02;4.550227430e-03
3.147962952e+02;4.255945329e-03
3.150093994e+02;2.088957932e-03
3.152225037e+02;3.426604439e-03
3.154356384e+02;4.015169106e-03
3.156487732e+02;1.874934533e-03
3.158619385e+02;1.821428654e-03
3.160751038e+02;-5.127644908e-05
3.162882690e+02;-1.315352420e-04
3.165014648e+02;-2.566051902e-03
3.167146606e+02;9.118290036e-04
3.169278564e+02;1.359940652e-04
3.171410828e+02;2.222722629e-03
3.173543091e+02;3.767704184e-04
3.175675354e+02;5.573527233e-05
3.177807922e+02;2.302981447e-03
3.179940491e+02;2.784534125e-03
3.182073059e+02;1.286370098e-03
3.184205933e+02;1.339875860e-03
3.186338806e+02;4.035233578e-04
3.188471680e+02;2.356487326e-03
3.190604858e+02;1.018840703e-03
3.192738037e+02;3.239333862e-03
3.194871521e+02;4.416462965e-03
3.197004700e+02;1.232864219e-03
3.199138184e+02;3.232645686e-04
3.201271973e+02;-8.538643597e-04
3.203405762e+02;8.583231829e-04
3.205539551e+02;-4.525704135e-04
3.207673340e+02;-1.174899517e-03
3.209807434e+02;2.229410939e-06
3.211941833e+02;1.634158194e-03
3.214075928e+02;2.222722629e-03
3.216210327e+02;5.372880260e-04
3.218344727e+02;1.901687472e-03
3.220479431e+02;8.048173040e-04
3.222614136e+02;2.088957932e-03
3.224748840e+02;2.570510609e-03
3.226883850e+02;4.362957086e-03
3.229018860e+02;1.981946174e-03
3.231153870e+02;2.597263549e-03
3.233289185e+02;2.329734387e-03
3.235424500e+02;3.078816459e-03
3.237559814e+02;2.169216750e-03
3.239695435e+02;7.780643646e-04
3.241831055e+02;-1.315352420e-04
3.243966675e+02;1.045593643e-03
3.246102600e+02;1.286370098e-03
3.248238525e+02;-3.990645346e-04
3.250374451e+02;1.232864219e-03
3.252510681e+02;1.286370098e-03
3.254646912e+02;6.710526650e-04
3.256783447e+02;2.088957932e-03
3.258919983e+02;6.978056044e-04
3.261056519e+02;2.838040004e-03
3.263193054e+02;2.035452053e-03
3.265329895e+02;1.420134678e-03
3.267466736e+02;1.446887618e-03
3.269603882e+02;2.624016488e-03
3.271741028e+02;9.385819430e-04
3.273878174e+02;4.630486481e-03
3.276015625e+02;2.409993205e-03
3.278152771e+02;3.694133833e-03
3.280290527e+02;1.286370098e-03
3.282427979e+02;1.928440412e-03
3.284565735e+02;3.767704184e-04
3.286703796e+02;2.142463811e-03
3.288841553e+02;1.714416896e-03
3.290979614e+02;1.125852461e-03
3.293117981e+02;-1.281911274e-03
3.295256042e+02;1.794675714e-03
3.297394409e+02;-1.763463952e-03
3.299533081e+02;1.313123037e-03
3.301671448e+02;-4.525704135e-04
3.303810425e+02;2.998557640e-03
3.305949097e+02;1.045593643e-03
3.308088074e+02;3.426604439e-03
3.310227051e+02;2.062204992e-03
3.312366028e+02;2.543757670e-03
3.314505310e+02;1.874934533e-03
3.316644592e+02;2.543757670e-03
3.318784180e+02;1.607405255e-03
3.320923767e+02;4.229192156e-03
3.323063354e+02;2.517004730e-03
3.325202942e+02;2.162528544e-04
3.327342834e+02;-7.802937762e-05
3.329482727e+02;-6.665938417e-04
3.331622925e+02;-3.188057453e-04
3.333763123e+02;4.035233578e-04
3.335903320e+02;-6.933467812e-04
3.338043823e+02;2.162528544e-04
3.340184326e+02;8.850761224e-04
3.342324829e+02;1.286370098e-03
3.344465332e+02;1.894999150e-04
3.346606140e+02;1.687663957e-03
3.348747253e+02;-2.385469561e-04
3.350888062e+02;3.292839741e-03
3.353029175e+02;9.653348825e-04
3.355170593e+02;2.597263549e-03
3.357311707e+02;3.346345620e-03
3.359453125e+02;3.854651237e-03
3.361594849e+02;3.373098560e-03
3.363736572e+02;3.025310580e-03
3.365878296e+02;1.767922775e-03
3.368020020e+02;2.088957932e-03
3.370162048e+02;4.035233578e-04
3.372304077e+02;4.837821471e-04
3.374446106e+02;3.232645686e-04
3.376588440e+02;5.372880260e-04
3.378730774e+02;8.048173040e-04
3.380873413e+02;6.175467861e-04
3.383016052e+02;-6.665938417e-04
3.385158691e+02;3.266086802e-03
3.387301331e+02;1.894999150e-04
3.389444275e+02;1.553899376e-03
3.391587524e+02;1.152605400e-03
3.393730469e+02;2.195969690e-03
3.395873718e+02;1.393381739e-03
3.398016968e+02;3.105569398e-03
3.400160522e+02;2.918298822e-03
3.402304077e+02;3.506863257e-03
3.404447632e+02;1.500393497e-03
3.406591492e+02;1.794675714e-03
3.408735352e+02;9.118290036e-04
3.410879211e+02;2.035452053e-03
3.413023376e+02;-5.595821422e-04
3.415167542e+02;9.920877637e-04
3.417311707e+02;-1.014381880e-03
3.419456177e+02;1.259617158e-03
3.421600647e+02;5.105350865e-04
3.423745117e+02;1.286370098e-03
3.425889893e+02;1.092411330e-04
3.428034668e+02;1.821428654e-03
3.430179443e+02;-5.863350234e-04
3.432324524e+02;1.500393497e-03
3.434469604e+02;1.339875860e-03
3.436614990e+02;1.072346582e-03
3.438760376e+02;2.302981447e-03
3.440905762e+02;3.506863257e-03
3.443051147e+02;5.372880260e-04
3.445196838e+02;8.583231829e-04
3.447342529e+02;2.115710871e-03
3.449488525e+02;2.945051761e-03
3.451634521e+02;1.794675714e-03
3.453780518e+02;2.436746145e-03
3.455926514e+02;-1.582881669e-04
3.458072815e+02;1.627469901e-04
3.460219116e+02;8.048173040e-04
3.462365723e+02;9.118290036e-04
3.464512329e+02;-1.549440552e-03
3.466658936e+02;1.634158194e-03
3.468805847e+02;1.359940652e-04
3.470952759e+02;7.245585439e-04
3.473099670e+02;1.393381739e-03
3.475246887e+02;1.607405255e-03
3.477394104e+02;1.045593643e-03
3.479541321e+02;3.587122075e-03
3.481688843e+02;1.607405255e-03
3.483836365e+02;5.540085956e-03
3.485983887e+02;3.613875015e-03
3.488131714e+02;5.058533046e-03
3.490279541e+02;2.169216750e-03
3.492427673e+02;1.446887618e-03
3.494575500e+02;1.045593643e-03
3.496723633e+02;2.035452053e-03
3.498872070e+02;2.142463811e-03
3.501020508e+02;4.837821471e-04
3.503168945e+02;1.500393497e-03
3.505317383e+02;8.048173040e-04
3.507466125e+02;1.125852461e-03
3.509614868e+02;1.259617158e-03
3.511763916e+02;8.315702435e-04
3.513912964e+02;8.583231829e-04
3.516062012e+02;1.714416896e-03
3.518211060e+02;1.420134678e-03
3.520360413e+02;1.286370098e-03
3.522509766e+02;2.436746145e-03
3.524659424e+02;2.704275306e-03
3.526809082e+02;1.794675714e-03
3.528958740e+02;2.142463811e-03
3.531108704e+02;2.249475569e-03
3.533258667e+02;2.757781185e-03
3.535408630e+02;1.714416896e-03
3.537558899e+02;7.513114251e-04
3.539709167e+02;2.169216750e-03
3.541859436e+02;1.206111279e-03
3.544010010e+02;-2.652998955e-04
3.546160583e+02;-4.793233238e-04
3.548311157e+02;2.965116291e-04
3.550462036e+02;-2.652998955e-04
3.552612915e+02;2.035452053e-03
3.554763794e+02;2.222722629e-03
3.556914978e+02;2.088957932e-03
3.559066162e+02;1.901687472e-03
3.561217651e+02;2.463499084e-03
3.563368835e+02;3.232645686e-04
3.565520325e+02;1.687663957e-03
3.567672119e+02;1.553899376e-03
3.569823914e+02;2.490251791e-03
3.571975708e+02;2.142463811e-03
3.574127502e+02;2.222722629e-03
3.576279602e+02;1.018840703e-03
3.578431702e+02;2.811287064e-03
3.580584106e+02;6.175467861e-04
3.582736511e+02;1.553899376e-03
3.584888916e+02;2.436746145e-03
3.587041626e+02;-1.315352420e-04
3.589194031e+02;1.446887618e-03
3.591347046e+02;2.784534125e-03
3.593499756e+02;4.570292076e-04
3.595652771e+02;1.206111279e-03
3.597806091e+02;-2.452351873e-05
3.599959106e+02;1.366628800e-03
3.602112427e+02;3.052063519e-03
3.604265747e+02;2.517004730e-03
3.606419373e+02;1.393381739e-03
3.608572998e+02;2.811287064e-03
3.610726624e+02;1.553899376e-03
3.612880554e+02;4.469968844e-03
3.615034485e+02;1.259617158e-03
3.617188416e+02;4.041921813e-03
3.619342651e+02;6.978056044e-04
3.621496887e+02;2.918298822e-03
3.623651428e+02;3.159075044e-03
3.625805664e+02;7.513114251e-04
3.627960510e+02;1.339875860e-03
3.630115051e+02;7.245585439e-04
3.632269897e+02;-1.067887759e-03
3.634424744e+02;1.660911017e-03
3.636579590e+02;4.837821471e-04
3.638734741e+02;2.008699114e-03
3.640889893e+02;4.035233578e-04
3.643045349e+02;2.757781185e-03
3.645200806e+02;6.978056044e-04
3.647356262e+02;2.409993205e-03
3.649511719e+02;2.035452053e-03
3.651667480e+02;3.640627954e-03
3.653823242e+02;1.714416896e-03
3.655979309e+02;4.041921813e-03
3.658135376e+02;2.329734387e-03
3.660291443e+02;5.352815613e-03
3.662447815e+02;1.821428654e-03
3.664604187e+02;2.597263549e-03
3.666760559e+02;1.527146436e-03
3.668917236e+02;8.583231829e-04
3.671073914e+02;-9.608760593e-04
3.673230591e+02;3.159075044e-03
3.675387268e+02;-1.201652456e-03
3.677544250e+02;1.687663957e-03
3.679701538e+02;6.175467861e-04
3.681858826e+02;3.453357378e-03
3.684016113e+02;2.195969690e-03
3.686173401e+02;2.784534125e-03
3.688330994e+02;2.222722629e-03
3.690488586e+02;2.409993205e-03
3.692646179e+02;-1.315352420e-04
3.694804077e+02;3.587122075e-03
3.696961975e+02;2.757781185e-03
3.699119873e+02;4.282698035e-03
3.701278076e+02;2.570510609e-03
3.703436279e+02;4.496721551e-03
3.705594788e+02;2.597263549e-03
3.707752991e+02;3.747639712e-03
3.709911804e+02;2.169216750e-03
3.712070312e+02;1.894999150e-04
3.714229126e+02;2.302981447e-03
3.716387939e+02;9.653348825e-04
3.718547058e+02;1.232864219e-03
3.720706177e+02;2.115710871e-03
3.722865295e+02;1.152605400e-03
3.725024414e+02;3.747639712e-03
3.727183838e+02;2.650769427e-03
3.729343262e+02;3.774392651e-03
3.731502991e+02;1.794675714e-03
3.733662720e+02;4.175686277e-03
3.735822449e+02;2.784534125e-03
3.737982483e+02;2.624016488e-03
3.740142517e+02;3.346345620e-03
3.742302551e+02;3.560369136e-03
3.744462891e+02;2.624016488e-03
3.746623230e+02;3.185827984e-03
3.748783569e+02;3.132322337e-03
3.750944214e+02;3.266086802e-03
3.753104858e+02;1.928440412e-03
3.755265503e+02;2.276228508e-03
3.757426453e+02;1.767922775e-03
3.759587402e+02;2.195969690e-03
3.761748352e+02;2.463499084e-03
3.763909607e+02;5.907938466e-04
3.766070862e+02;2.898234015e-05
3.768232117e+02;4.041921813e-03
3.770393677e+02;2.008699114e-03
3.772555237e+02;3.212580923e-03
3.774717102e+02;4.603733309e-03
3.776878662e+02;3.373098560e-03
3.779040833e+02;3.560369136e-03
3.781202698e+02;3.934910055e-03
3.783364868e+02;5.219050683e-03
3.785527039e+02;2.838040004e-03
3.787689514e+02;2.463499084e-03
3.789851685e+02;2.276228508e-03
3.792014465e+02;3.239333862e-03
3.794176941e+02;4.416462965e-03
3.796339722e+02;7.780643646e-04
3.798502502e+02;3.025310580e-03
3.800665588e+02;1.286370098e-03
3.802828674e+02;2.329734387e-03
3.804991760e+02;2.195969690e-03
3.807154846e+02;1.393381739e-03
3.809318237e+02;2.891545882e-03
3.811481934e+02;4.148933571e-03
3.813645325e+02;3.720886772e-03
3.815809021e+02;4.389709793e-03
3.817973022e+02;1.232864219e-03
3.820136719e+02;5.112038925e-03
3.822300720e+02;3.105569398e-03
3.824465027e+02;3.720886772e-03
3.826629028e+02;4.309451208e-03
3.828793335e+02;6.690462120e-03
3.830957947e+02;3.640627954e-03
3.833122253e+02;4.496721551e-03
3.835286865e+02;3.613875015e-03
3.837451782e+02;2.864792943e-03
3.839616394e+02;3.934910055e-03
3.841781616e+02;2.784534125e-03
3.843946533e+02;-3.723115951e-04
3.846111755e+02;3.854651237e-03
3.848276978e+02;1.179358340e-03
3.850442200e+02;3.159075044e-03
3.852607727e+02;2.409993205e-03
3.854773254e+02;5.513332784e-03
3.856939087e+02;9.653348825e-04
3.859104614e+02;4.630486481e-03
3.861270752e+02;1.928440412e-03
3.863436584e+02;2.918298822e-03
3.865602722e+02;4.898015410e-03
3.867768860e+02;3.908157349e-03
3.869935303e+02;3.854651237e-03
3.872101746e+02;5.941379815e-03
3.874268188e+02;4.282698035e-03
3.876434631e+02;5.486580078e-03
3.878601379e+02;1.232864219e-03
3.880768127e+02;4.550227430e-03
3.882935181e+02;1.259617158e-03
3.885102234e+02;2.945051761e-03
3.887269287e+02;2.624016488e-03
3.889436646e+02;3.640627954e-03
3.891604004e+02;4.148933571e-03
3.893771362e+02;3.480110317e-03
3.895939026e+02;2.409993205e-03
3.898106689e+02;3.640627954e-03
3.900274353e+02;3.587122075e-03
3.902442322e+02;5.112038925e-03
3.904610291e+02;4.282698035e-03
3.906778259e+02;6.770720705e-03
3.908946533e+02;3.025310580e-03
3.911114807e+02;4.389709793e-03
3.913283081e+02;3.266086802e-03
3.915451660e+02;5.941379815e-03
3.917620239e+02;5.352815613e-03
3.919788818e+02;5.593591835e-03
3.921957703e+02;5.299309734e-03
3.924126587e+02;4.122180399e-03
3.926295776e+02;3.373098560e-03
3.928464661e+02;5.941379815e-03
3.930634155e+02;2.142463811e-03
3.932803345e+02;4.898015410e-03
3.934972839e+02;2.998557640e-03
3.937142334e+02;3.694133833e-03
3.939311829e+02;9.920877637e-04
3.941481628e+02;7.225520443e-03
3.943651428e+02;3.105569398e-03
3.945821533e+02;6.717214826e-03
3.947991638e+02;4.576980602e-03
3.950161743e+02;5.727356300e-03
3.952332153e+02;4.550227430e-03
3.954502258e+02;5.566838663e-03
3.956672974e+02;5.834368058e-03
3.958843384e+02;9.044719860e-03
3.961014099e+02;6.422932725e-03
3.963184814e+02;4.978274461e-03
3.965355835e+02;4.630486481e-03
3.967526855e+02;5.887873936e-03
3.969697876e+02;5.459826905e-03
3.971869202e+02;4.630486481e-03
3.974040527e+02;2.597263549e-03
3.976211853e+02;4.898015410e-03
3.978383484e+02;4.817756824e-03
3.980555115e+02;6.235661916e-03
3.982726746e+02;3.159075044e-03
3.984898682e+02;7.091755979e-03
3.987070618e+02;5.379568320e-03
3.989242554e+02;6.984744221e-03
3.991414795e+02;5.513332784e-03
3.993587036e+02;7.412791252e-03
3.995759277e+02;6.315920968e-03
3.997931824e+02;7.921096869e-03
4.000104370e+02;7.225520443e-03
4.002276917e+02;6.797473412e-03
4.004449768e+02;8.081614040e-03
4.006622620e+02;6.797473412e-03
4.008795776e+02;5.192297976e-03
4.010968933e+02;7.065002806e-03
4.013142090e+02;4.309451208e-03
4.015315247e+02;4.496721551e-03
4.017488708e+02;5.593591835e-03
4.019662170e+02;7.466296665e-03
4.021835938e+02;2.891545882e-03
4.024009399e+02;7.279026322e-03
4.026183472e+02;5.459826905e-03
4.028357239e+02;7.600061595e-03
4.030531311e+02;7.332532201e-03
4.032705383e+02;6.182156038e-03
4.034879761e+02;6.904485170e-03
4.037054138e+02;8.161872625e-03
4.039228516e+02;6.877732463e-03
4.041402893e+02;1.024860144e-02
4.043577576e+02;7.519802544e-03
4.045752563e+02;8.456155658e-03
4.047927246e+02;6.422932725e-03
4.050102234e+02;8.964461274e-03
4.052277222e+02;6.690462120e-03
4.054452515e+02;6.770720705e-03
4.056627808e+02;6.931238342e-03
4.058803101e+02;6.128650159e-03
4.060978699e+02;4.282698035e-03
4.063154297e+02;4.603733309e-03
4.065329895e+02;7.065002806e-03
4.067505798e+02;7.439543959e-03
4.069681702e+02;8.750437759e-03
4.071857605e+02;6.021638867e-03
4.074033813e+02;9.419260547e-03
4.076210022e+02;1.097093057e-02
4.078386230e+02;1.016834285e-02
4.080562744e+02;7.894343697e-03
4.082739258e+02;1.016834285e-02
4.084915771e+02;9.446013719e-03
4.087092590e+02;1.019509602e-02
4.089269409e+02;9.312248789e-03
4.091446533e+02;8.616672829e-03
4.093623352e+02;6.957991049e-03
4.095800781e+02;7.894343697e-03
4.097977905e+02;6.422932725e-03
4.100155334e+02;1.043587178e-02
4.102332764e+02;8.482907899e-03
4.104510193e+02;8.509661071e-03
4.106687927e+02;6.957991049e-03
4.108865662e+02;8.215378970e-03
4.111043701e+02;7.600061595e-03
4.113221741e+02;1.115820091e-02
4.115399780e+02;8.135120384e-03
4.117577820e+02;9.017966688e-03
4.119756165e+02;9.205237031e-03
4.121934509e+02;1.236208342e-02
4.124113159e+02;9.686790407e-03
4.126291809e+02;1.185377780e-02
4.128470459e+02;1.102443691e-02
4.130649414e+02;1.142573077e-02
4.132828369e+02;8.509661071e-03
4.135007324e+02;1.228182390e-02
4.137186279e+02;9.285496548e-03
4.139365540e+02;1.062314305e-02
4.141545105e+02;1.091742516e-02
4.143724365e+02;8.670179173e-03
4.145903931e+02;8.991213515e-03
4.148083801e+02;9.579778649e-03
4.150263367e+02;7.653567474e-03
4.152443237e+02;9.954319336e-03
4.154623413e+02;9.686790407e-03
4.156803284e+02;1.163975429e-02
4.158983459e+02;1.091742516e-02
4.161163940e+02;9.285496548e-03
4.163344116e+02;1.190728322e-02
4.165524597e+02;1.311116479e-02
4.167705383e+02;1.059638988e-02
4.169885864e+02;1.032886002e-02
4.172066650e+02;1.105118915e-02
4.174247742e+02;1.185377780e-02
4.176428833e+02;1.118495408e-02
4.178609924e+02;1.204104815e-02
4.180791016e+02;1.024860144e-02
4.182972412e+02;9.900813922e-03
4.185153809e+02;1.000782568e-02
4.187335205e+02;9.151731618e-03
4.189516907e+02;9.713542648e-03
4.191698608e+02;1.169325970e-02
4.193880615e+02;9.767048992e-03
4.196062622e+02;1.137222443e-02
4.198244629e+02;1.089067198e-02
4.200426636e+02;1.185377780e-02
4.202608948e+02;1.236208342e-02
4.204791260e+02;1.249584742e-02
4.206973877e+02;1.225507166e-02
4.209156494e+02;1.126521267e-02
4.211339111e+02;1.444881130e-02
4.213521729e+02;1.319142431e-02
4.215704651e+02;1.129196584e-02
4.217887573e+02;1.444881130e-02
4.220070801e+02;9.847307578e-03
4.222254028e+02;1.375323534e-02
4.224437256e+02;9.499519132e-03
4.226620789e+02;9.793802164e-03
4.228804321e+02;9.900813922e-03
4.230987854e+02;1.046262495e-02
4.233171692e+02;1.190728322e-02
4.235355225e+02;1.169325970e-02
4.237539368e+02;1.091742516e-02
4.239723206e+02;1.134547219e-02
4.241907349e+02;1.265636552e-02
4.244091797e+02;1.198754180e-02
4.246275940e+02;1.471634116e-02
4.248460388e+02;1.174676605e-02
4.250645142e+02;1.482335292e-02
4.252829590e+02;1.348570641e-02
4.255014343e+02;1.252260059e-02
4.257199402e+02;1.402076427e-02
4.259384155e+02;1.369972993e-02
4.261569214e+02;1.273662411e-02
4.263754578e+02;1.377998851e-02
4.265939941e+02;1.650878787e-02
4.268125305e+02;1.233533025e-02
4.270310669e+02;1.241558883e-02
4.272496338e+02;9.793802164e-03
4.274682007e+02;1.289714128e-02
4.276867676e+02;1.056963671e-02
4.279053650e+02;1.455582306e-02
4.281239624e+02;1.273662411e-02
4.283425903e+02;1.193403639e-02
4.285611877e+02;1.361947041e-02
4.287798157e+02;1.233533025e-02
4.289984741e+02;1.196078956e-02
4.292171326e+02;1.444881130e-02
4.294357910e+02;1.313791797e-02
4.296544495e+02;1.498387009e-02
4.298731384e+02;1.458257623e-02
4.300918274e+02;1.672281139e-02
4.303105469e+02;1.490361150e-02
4.305292664e+02;1.466283482e-02
4.307479858e+02;1.517114043e-02
4.309667053e+02;1.452907082e-02
4.311854553e+02;1.337869465e-02
4.314042358e+02;1.396725886e-02
4.316229858e+02;1.300415304e-02
4.318417664e+02;1.321817655e-02
4.320605469e+02;1.386024710e-02
4.322793579e+02;1.123846043e-02
4.324981689e+02;1.308441255e-02
4.327169800e+02;1.522464678e-02
4.329358215e+02;1.295064762e-02
4.331546631e+02;1.444881130e-02
4.333735046e+02;1.319142431e-02
4.335923462e+02;1.530490536e-02
4.338112183e+02;1.305765938e-02
4.340301208e+02;1.474309340e-02
4.342489929e+02;1.605398767e-02
4.344678955e+02;1.402076427e-02
4.346868286e+02;1.519789360e-02
4.349057312e+02;1.525139995e-02
4.351246643e+02;1.460932940e-02
4.353436279e+02;1.353921182e-02
4.355625610e+02;1.196078956e-02
4.357815247e+02;1.487685833e-02
4.360005188e+02;1.439530589e-02
4.362194824e+02;1.367297675e-02
4.364384766e+02;1.626801118e-02
4.366575012e+02;1.407427061e-02
4.368765259e+02;1.412777603e-02
4.370955505e+02;1.487685833e-02
4.373145752e+02;1.781968027e-02
4.375336304e+02;1.637502201e-02
4.377526855e+02;1.519789360e-02
4.379717407e+02;1.345895324e-02
4.381908264e+02;1.771266945e-02
4.384099121e+02;1.744513959e-02
4.386290283e+02;1.589347050e-02
4.388481140e+02;1.672281139e-02
4.390672607e+02;1.701709256e-02
4.392863770e+02;1.583996415e-02
4.395055237e+02;1.645528153e-02
4.397246704e+02;1.674956270e-02
4.399438171e+02;1.535841078e-02
4.401629944e+02;1.600048132e-02
4.403821716e+02;1.471634116e-02
4.406013794e+02;1.319142431e-02
4.408205872e+02;1.356596500e-02
4.410397949e+02;1.551892888e-02
4.412590332e+02;1.519789360e-02
4.414782410e+02;1.450231764e-02
4.416975098e+02;1.650878787e-02
4.419167480e+02;1.674956270e-02
4.421360168e+02;1.637502201e-02
4.423552856e+02;1.632151753e-02
4.425745850e+02;1.634826884e-02
4.427938843e+02;1.613424532e-02
4.430131836e+02;1.755215228e-02
4.432325134e+02;1.883629151e-02
4.434518433e+02;1.931784488e-02
4.436711731e+02;1.824772730e-02
4.438905029e+02;1.554568205e-02
4.441098633e+02;1.589347050e-02
4.443292542e+02;1.546542253e-02
4.445486145e+02;1.701709256e-02
4.447680054e+02;1.637502201e-02
4.449874268e+02;1.640177518e-02
4.452068176e+02;1.533165853e-02
4.454262390e+02;1.915732771e-02
4.456456909e+02;1.501062326e-02
4.458651123e+02;1.624125801e-02
4.460845642e+02;1.803370379e-02
4.463040466e+02;1.880953833e-02
4.465234985e+02;1.955862157e-02
4.467429810e+02;1.910382137e-02
4.469624939e+02;1.819422096e-02
4.471819763e+02;1.760565676e-02
4.474014893e+02;1.632151753e-02
4.476210327e+02;1.969238557e-02
4.478405457e+02;1.485010516e-02
4.480601196e+02;1.811396331e-02
4.482796631e+02;1.621450484e-02
4.484992371e+02;1.835473999e-02
4.487188110e+02;1.474309340e-02
4.489383850e+02;1.728462242e-02
4.491579895e+02;1.650878787e-02
4.493775940e+02;1.854201034e-02
4.495972290e+02;1.525139995e-02
4.498168335e+02;2.004017308e-02
4.500364685e+02;1.795344613e-02
4.502561340e+02;1.848850399e-02
4.504757996e+02;1.736488007e-02
4.506954651e+02;2.033445612e-02
4.509151306e+02;1.784643345e-02
4.511348267e+02;1.848850399e-02
4.513545227e+02;1.814071648e-02
4.515742493e+02;2.009367943e-02
4.517939758e+02;2.086951397e-02
4.520137024e+02;2.223391458e-02
4.522334290e+02;1.773942262e-02
4.524531860e+02;2.103003301e-02
4.526729431e+02;1.789993979e-02
4.528927307e+02;1.744513959e-02
4.531125183e+02;1.963887922e-02
4.533323059e+02;2.062873915e-02
4.535521240e+02;1.626801118e-02
4.537719421e+02;1.822097413e-02
4.539917603e+02;1.947836205e-02
4.542115784e+02;2.124405652e-02
4.544314270e+02;2.065549046e-02
4.546513062e+02;2.127080783e-02
4.548711548e+02;2.263520844e-02
4.550910339e+02;2.234092541e-02
4.553109131e+02;1.998666860e-02
4.555308228e+02;2.432064340e-02
4.557507324e+02;2.049497329e-02
4.559706421e+02;2.464167774e-02
4.561905823e+02;2.201989107e-02
4.564105225e+02;2.089626715e-02
4.566304626e+02;2.127080783e-02
4.568504333e+02;2.081600949e-02
4.570704041e+02;1.985290274e-02
4.572903748e+02;2.014718577e-02
4.575103760e+02;2.086951397e-02
4.577303772e+02;2.397285402e-02
4.579503784e+02;2.210014872e-02
4.581704102e+02;2.236767858e-02
4.583904419e+02;2.341104299e-02
4.586104736e+02;2.351805568e-02
4.588305359e+02;2.432064340e-02
4.590505981e+02;2.410661988e-02
4.592706604e+02;2.429389022e-02
4.594907532e+02;2.616659552e-02
4.597108459e+02;2.429389022e-02
4.599309692e+02;2.659464255e-02
4.601510620e+02;2.531050146e-02
4.603711853e+02;2.589906566e-02
4.605913391e+02;2.605958283e-02
4.608114929e+02;2.670165338e-02
4.610316467e+02;2.445440739e-02
4.612518005e+02;2.539075911e-02
4.614719849e+02;2.450791374e-02
4.616921692e+02;2.608633600e-02
4.619123535e+02;2.354480699e-02
4.621325684e+02;2.493596077e-02
4.623527832e+02;2.806605212e-02
4.625730286e+02;2.769151144e-02
4.627932739e+02;2.672840655e-02
4.630135193e+02;2.638061903e-02
4.632337646e+02;3.034005128e-02
4.634540405e+02;2.795904130e-02
4.636743164e+02;2.811955847e-02
4.638946228e+02;2.838708833e-02
4.641149292e+02;2.905591205e-02
4.643352356e+02;2.742398344e-02
4.645555420e+02;3.044706397e-02
4.647758789e+02;2.943045273e-02
4.649962158e+02;3.143692389e-02
4.652165833e+02;2.884188853e-02
4.654369507e+02;2.908266522e-02
4.656573181e+02;2.571179532e-02
4.658777161e+02;3.028654680e-02
4.660980835e+02;2.977824025e-02
4.663185120e+02;2.945720591e-02
4.665389099e+02;2.787878178e-02
4.667593384e+02;3.116939217e-02
4.669797668e+02;2.951071039e-02
4.672002258e+02;3.044706397e-02
4.674206848e+02;3.039355762e-02
4.676411438e+02;3.183821589e-02
4.678616333e+02;3.151718155e-02
4.680821228e+02;3.304209933e-02
4.683026123e+02;3.202548623e-02
4.685231323e+02;3.314910829e-02
4.687436523e+02;2.969798259e-02
4.689641724e+02;3.344339132e-02
4.691847229e+02;3.389819339e-02
4.694052734e+02;3.087511100e-02
4.696258240e+02;3.060758114e-02
4.698464050e+02;3.146367520e-02
4.700669861e+02;3.020628728e-02
4.702875671e+02;3.349689767e-02
4.705081787e+02;2.953746356e-02
4.707287903e+02;3.229301423e-02
4.709494019e+02;3.282807395e-02
4.711700439e+02;3.352364898e-02
4.713906860e+02;2.980499342e-02
4.716113281e+02;3.282807395e-02
4.718320007e+02;3.194522858e-02
4.720526733e+02;3.360391036e-02
4.722733459e+02;3.360391036e-02
4.724940491e+02;3.657348454e-02
4.727147522e+02;3.638621420e-02
4.729354553e+02;3.729581460e-02
4.731561890e+02;3.237327561e-02
4.733769226e+02;3.384468704e-02
4.735976868e+02;3.478103876e-02
4.738184204e+02;3.585115448e-02
4.740391846e+02;3.429948539e-02
4.742599792e+02;3.472753242e-02
4.744807739e+02;3.285482898e-02
4.747015686e+02;3.413896635e-02
4.749223633e+02;3.512882814e-02
4.751431885e+02;3.427273408e-02
4.753640137e+02;3.429948539e-02
4.755848694e+02;3.483454511e-02
4.758056946e+02;3.528934345e-02
4.760265503e+02;3.569063917e-02
4.762474365e+02;3.651997820e-02
4.764683228e+02;3.421922773e-02
4.766892090e+02;3.518233076e-02
4.769100952e+02;3.665374219e-02
4.771310120e+02;3.702828288e-02
4.773519287e+02;3.804489598e-02
4.775728760e+02;4.023863748e-02
4.777938232e+02;3.924877942e-02
4.780147705e+02;4.058642313e-02
4.782357178e+02;3.932903707e-02
4.784566956e+02;3.750983626e-02
4.786777039e+02;3.716205060e-02
4.788986816e+02;3.651997820e-02
4.791196899e+02;3.981059045e-02
4.793406982e+02;3.684101254e-02
4.795617371e+02;3.796463832e-02
4.797827759e+02;3.932903707e-02
4.800038147e+02;4.018513113e-02
4.802248535e+02;4.168329388e-02
4.804459229e+02;4.069343582e-02
4.806670227e+02;3.927553073e-02
4.808880920e+02;4.296743497e-02
4.811091919e+02;4.398404807e-02
4.813302917e+02;4.235211760e-02
4.815514221e+02;4.441209137e-02
4.817725525e+02;4.149602354e-02
4.819936829e+02;4.366301000e-02
4.822148438e+02;4.478663579e-02
4.824360046e+02;4.529494047e-02
4.826571655e+02;4.489364475e-02
4.828783569e+02;4.286042228e-02
4.830995483e+02;4.513442144e-02
4.833207397e+02;4.435858876e-02
4.835419617e+02;4.759569094e-02
4.837631836e+02;4.484013841e-02
4.839844055e+02;4.679310322e-02
4.842056580e+02;4.652557522e-02
4.844269104e+02;4.847854003e-02
4.846481628e+02;4.952190444e-02
4.848694458e+02;5.045825616e-02
4.850907288e+02;4.957540706e-02
4.853120117e+02;4.976267740e-02
4.855333252e+02;4.994995147e-02
4.857546387e+02;5.211693794e-02
4.859759521e+02;5.457820743e-02
4.861972961e+02;5.409665406e-02
4.864186401e+02;5.289277062e-02
4.866399841e+02;5.447119474e-02
4.868613586e+02;5.671844259e-02
4.870827332e+02;5.200992525e-02
4.873041077e+02;5.439093709e-02
4.875255127e+02;5.586234853e-02
4.877469177e+02;5.396289006e-02
4.879683228e+02;5.776180699e-02
4.881897583e+02;5.463171378e-02
4.884111938e+02;5.789557099e-02
4.886326599e+02;5.856439471e-02
4.888540955e+02;6.410224736e-02
4.890755615e+02;6.059761718e-02
4.892970581e+02;6.707182527e-02
4.895185547e+02;6.166773289e-02
4.897400513e+02;6.348693371e-02
4.899615479e+02;6.610871851e-02
4.901830750e+02;6.656351686e-02
4.904046021e+02;6.792791933e-02
4.906261597e+02;7.180709392e-02
4.908476868e+02;6.511886418e-02
4.910692749e+02;6.760688126e-02
4.912908325e+02;6.803493202e-02
4.915124207e+02;6.779415160e-02
4.917340088e+02;7.097775489e-02
4.919555969e+02;7.060321420e-02
4.921772156e+02;7.333201170e-02
4.923988342e+02;7.549899817e-02
4.926204834e+02;7.571302354e-02
4.928421326e+02;7.755897194e-02
4.930637817e+02;7.512445748e-02
4.932854309e+02;8.039478213e-02
4.935071106e+02;7.664937526e-02
4.937287903e+02;8.018076420e-02
4.939505005e+02;8.012725413e-02
4.941722107e+02;8.167892694e-02
4.943939209e+02;8.381915838e-02
4.946156616e+02;8.422045410e-02
4.948373718e+02;8.660146594e-02
4.950591431e+02;9.021311253e-02
4.952808838e+02;8.590588719e-02
4.955026550e+02;9.128322452e-02
4.957244263e+02;8.727028966e-02
4.959462280e+02;8.997233212e-02
4.961680298e+02;9.023986012e-02
4.963898315e+02;9.264762700e-02
4.966116638e+02;9.197880328e-02
4.968334961e+02;9.500188380e-02
4.970553284e+02;9.666056186e-02
4.972771606e+02;9.893456101e-02
4.974990234e+02;1.007002592e-01
4.977209167e+02;9.914858639e-02
4.979427795e+02;9.973715246e-02
4.981646729e+02;1.051679999e-01
4.983865662e+02;1.048202068e-01
4.986084900e+02;1.039106101e-01
4.988304138e+02;1.072012186e-01
4.990523376e+02;1.061846092e-01
4.992742920e+02;1.104383245e-01
4.994962463e+02;1.104115695e-01
4.997182007e+02;1.090471745e-01
4.999401855e+02;1.115619466e-01
5.001621704e+02;1.162704602e-01
5.003841553e+02;1.165914983e-01
5.006061707e+02;1.157354042e-01
5.008281860e+02;1.173405796e-01
5.010502014e+02;1.169660389e-01
5.012722473e+02;1.184374541e-01
5.014942932e+02;1.150398254e-01
5.017163391e+02;1.211662516e-01
5.019384155e+02;1.222363636e-01
5.021604919e+02;1.216478050e-01
5.023825684e+02;1.240020618e-01
5.026046753e+02;1.304227561e-01
5.028267822e+02;1.313591152e-01
5.030488892e+02;1.321081966e-01
5.032710266e+02;1.296736747e-01
5.034931641e+02;1.320279390e-01
5.037153015e+02;1.336598694e-01
5.039374695e+02;1.339273900e-01
5.041596375e+02;1.376460493e-01
5.043818054e+02;1.363351643e-01
5.046040039e+02;1.343554407e-01
5.048262024e+02;1.375925541e-01
5.050484314e+02;1.410436779e-01
5.052706299e+02;1.425685883e-01
5.054928589e+02;1.416054815e-01
5.057151184e+02;1.457254440e-01
5.059373779e+02;1.459127069e-01
5.061596375e+02;1.451636255e-01
5.063818970e+02;1.467955559e-01
5.066041870e+02;1.504339576e-01
5.068264771e+02;1.501931846e-01
5.070487671e+02;1.542328745e-01
5.072710876e+02;1.506747305e-01
5.074934082e+02;1.506479830e-01
5.077157593e+02;1.477854103e-01
5.079380798e+02;1.524939239e-01
5.081604614e+02;1.553029865e-01
5.083828125e+02;1.569884270e-01
5.086051941e+02;1.569081694e-01
5.088275757e+02;1.604662985e-01
5.090499573e+02;1.575502306e-01
5.092723694e+02;1.602255255e-01
5.094947815e+02;1.608408391e-01
5.097172241e+02;1.592891812e-01
5.099396667e+02;1.638104171e-01
5.101621094e+02;1.659774035e-01
5.103845520e+02;1.629008204e-01
5.106070251e+02;1.682781577e-01
5.108294983e+02;1.627938151e-01
5.110520020e+02;1.664857119e-01
5.112745056e+02;1.639441848e-01
5.114970093e+02;1.685991883e-01
5.117195129e+02;1.690807492e-01
5.119420471e+02;1.707929373e-01
5.121646118e+02;1.718363017e-01
5.123871460e+02;1.740567982e-01
5.126096802e+02;1.733612120e-01
5.128322754e+02;1.786850542e-01
5.130548706e+02;1.771066189e-01
5.132774658e+02;1.802634746e-01
5.135000610e+02;1.807182729e-01
5.137226562e+02;1.827782542e-01
5.139452515e+02;1.805845052e-01
5.141679077e+02;1.828317493e-01
5.143905640e+02;1.846241951e-01
5.146132202e+02;1.829387695e-01
5.148358765e+02;1.897875220e-01
5.150585327e+02;1.879683137e-01
5.152812500e+02;1.887441576e-01
5.155039062e+02;1.842229068e-01
5.157266235e+02;1.877007931e-01
5.159493408e+02;1.950043291e-01
5.161720581e+02;1.903760731e-01
5.163947754e+02;1.904295832e-01
5.166175537e+02;1.906436086e-01
5.168402710e+02;1.928908527e-01
5.170630493e+02;1.986159831e-01
5.172858276e+02;1.933724135e-01
5.175086060e+02;1.953521222e-01
5.177314453e+02;1.963419765e-01
5.179542236e+02;1.983752102e-01
5.181770630e+02;1.939074695e-01
5.183999023e+02;2.007027119e-01
5.186227417e+02;1.986694932e-01
5.188455811e+02;1.946565509e-01
5.190684204e+02;2.000606358e-01
5.192912598e+02;1.980274171e-01
5.195141602e+02;2.054112256e-01
5.197370605e+02;2.082737833e-01
5.199599609e+02;2.027359307e-01
5.201828613e+02;2.020671070e-01
5.204057617e+02;2.153098136e-01
5.206287231e+02;2.104140222e-01
5.208516235e+02;2.125810087e-01
5.210745850e+02;2.153633088e-01
5.212975464e+02;2.173965424e-01
5.215205078e+02;2.193495035e-01
5.217435303e+02;2.172360271e-01
5.219664917e+02;2.168347239e-01
5.221895142e+02;2.138383985e-01
5.224125366e+02;2.159251273e-01
5.226355591e+02;2.162194103e-01
5.228585815e+02;2.175303102e-01
5.230816040e+02;2.244593054e-01
5.233046875e+02;2.234159410e-01
5.235277100e+02;2.183328867e-01
5.237507935e+02;2.228006274e-01
5.239738770e+02;2.237102240e-01
5.241969604e+02;2.234694511e-01
5.244201050e+02;2.197775543e-01
5.246431885e+02;2.312010527e-01
5.248663330e+02;2.279639393e-01
5.250894775e+02;2.291410714e-01
5.253126221e+02;2.268670797e-01
5.255357666e+02;2.340368629e-01
5.257589111e+02;2.301309407e-01
5.259821167e+02;2.306659967e-01
5.262053223e+02;2.284187526e-01
5.264285278e+02;2.336623222e-01
5.266517334e+02;2.343846560e-01
5.268749390e+02;2.336355746e-01
5.270981445e+02;2.364178747e-01
5.273214111e+02;2.404308170e-01
5.275446167e+02;2.385581136e-01
5.277678833e+02;2.390129119e-01
5.279911499e+02;2.407785952e-01
5.282144165e+02;2.388791442e-01
5.284377441e+02;2.402702868e-01
5.286610107e+02;2.448182851e-01
5.288843384e+02;2.395479679e-01
5.291076660e+02;2.421162426e-01
5.293309937e+02;2.423837781e-01
5.295543213e+02;2.475203425e-01
5.297777100e+02;2.451393306e-01
5.300010376e+02;2.451393306e-01
5.302244263e+02;2.425978035e-01
5.304478149e+02;2.400562763e-01
5.306712036e+02;2.461826950e-01
5.308945923e+02;2.413404137e-01
5.311179810e+02;2.446042746e-01
5.313414307e+02;2.417952120e-01
5.315648804e+02;2.456208766e-01
5.317883301e+02;2.466642410e-01
5.320117798e+02;2.423837781e-01
5.322352295e+02;2.497140765e-01
5.324586792e+02;2.547971308e-01
5.326821899e+02;2.463164628e-01
5.329057007e+02;2.460489273e-01
5.331291504e+02;2.485637069e-01
5.333527222e+02;2.425710410e-01
5.335762329e+02;2.501956224e-01
5.337997437e+02;2.560277581e-01
5.340233154e+02;2.537537813e-01
5.342468262e+02;2.517473102e-01
5.344703979e+02;2.537002563e-01
5.346939697e+02;2.497408241e-01
5.349176025e+02;2.557869852e-01
5.351411743e+02;2.573654056e-01
5.353648071e+02;2.553589344e-01
5.355883789e+02;2.562417984e-01
5.358120117e+02;2.584890425e-01
5.360356445e+02;2.505969107e-01
5.362593384e+02;2.563220561e-01
5.364829712e+02;2.595859170e-01
5.367066650e+02;2.544493377e-01
5.369302979e+02;2.562417984e-01
5.371539917e+02;2.541818321e-01
5.373776855e+02;2.583552599e-01
5.376014404e+02;2.572048903e-01
5.378251343e+02;2.539410293e-01
5.380488892e+02;2.539677918e-01
5.382726440e+02;2.598534524e-01
5.384963379e+02;2.559475005e-01
5.387201538e+02;2.556799948e-01
5.389439087e+02;2.544761002e-01
5.391676636e+02;2.523091137e-01
5.393914795e+02;2.566965818e-01
5.396152954e+02;2.591846287e-01
5.398391113e+02;2.565895915e-01
5.400629272e+02;2.505166531e-01
5.402867432e+02;2.543690801e-01
5.405105591e+02;2.547168732e-01
5.407344360e+02;2.543155849e-01
5.409583130e+02;2.557067275e-01
5.411821899e+02;2.533524632e-01
5.414060669e+02;2.609502971e-01
5.416299438e+02;2.605222762e-01
5.418538818e+02;2.568838596e-01
5.420777588e+02;2.603617311e-01
5.423016968e+02;2.615656257e-01
5.425256348e+02;2.561882734e-01
5.427495728e+02;2.588100731e-01
5.429735107e+02;2.625019848e-01
5.431975098e+02;2.539677918e-01
5.434214478e+02;2.618598938e-01
5.436454468e+02;2.537537813e-01
5.438694458e+02;2.541818321e-01
5.440934448e+02;2.574991882e-01
5.443174438e+02;2.539142966e-01
5.445415039e+02;2.564290762e-01
5.447655640e+02;2.563220561e-01
5.449895630e+02;2.603349984e-01
5.452136230e+02;2.601477206e-01
5.454376831e+02;2.587565780e-01
5.456618042e+02;2.522020936e-01
5.458858643e+02;2.562952936e-01
5.461099854e+02;2.576061785e-01
5.463341064e+02;2.500351071e-01
5.465582275e+02;2.559475005e-01
5.467823486e+02;2.609770596e-01
5.470064697e+02;2.581947446e-01
5.472306519e+02;2.531919479e-01
5.474547729e+02;2.537270188e-01
5.476789551e+02;2.490720004e-01
5.479031372e+02;2.605490088e-01
5.481273193e+02;2.545831203e-01
5.483515015e+02;2.581680119e-01
5.485757446e+02;2.520951033e-01
5.487999878e+02;2.535665035e-01
5.490241699e+02;2.511587441e-01
5.492484131e+02;2.554124594e-01
5.494726562e+02;2.599337101e-01
5.496969604e+02;2.579004765e-01
5.499212036e+02;2.501688898e-01
5.501455078e+02;2.512390018e-01
5.503698120e+02;2.568303645e-01
5.505941162e+02;2.594788969e-01
5.508184204e+02;2.543423474e-01
5.510427246e+02;2.613783479e-01
5.512670898e+02;2.529511750e-01
5.514913940e+02;2.547436357e-01
5.517157593e+02;2.604152560e-01
5.519401245e+02;2.607897818e-01
5.521644897e+02;2.620471716e-01
5.523889160e+02;2.597196698e-01
5.526132812e+02;2.597196698e-01
5.528377075e+02;2.592916191e-01
5.530621338e+02;2.612445951e-01
5.532865601e+02;2.634115815e-01
5.535109863e+02;2.583552599e-01
5.537354126e+02;2.630102932e-01
5.539598999e+02;2.636791170e-01
5.541843262e+02;2.663544118e-01
5.544088135e+02;2.649365067e-01
5.546333008e+02;2.720527649e-01
5.548577881e+02;2.678525746e-01
5.550823364e+02;2.665951848e-01
5.553068237e+02;2.714909613e-01
5.555313721e+02;2.685213983e-01
5.557559204e+02;2.741394937e-01
5.559804688e+02;2.691634595e-01
5.562050171e+02;2.721062899e-01
5.564295654e+02;2.768950462e-01
5.566541748e+02;2.744070292e-01
5.568787231e+02;2.715712190e-01
5.571033325e+02;2.707953751e-01
5.573279419e+02;2.760122120e-01
5.575525513e+02;2.748618424e-01
5.577772217e+02;2.797308564e-01
5.580018311e+02;2.776708901e-01
5.582265015e+02;2.796238661e-01
5.584511719e+02;2.805067003e-01
5.586758423e+02;2.846533954e-01
5.589005127e+02;2.878102362e-01
5.591251831e+02;2.897899747e-01
5.593499146e+02;2.825131714e-01
5.595745850e+02;2.918231785e-01
5.597993164e+02;2.876229882e-01
5.600240479e+02;2.902180254e-01
5.602488403e+02;2.982438803e-01
5.604735718e+02;2.978425920e-01
5.606983032e+02;3.005981445e-01
5.609230957e+02;3.028721511e-01
5.611478882e+02;3.017752767e-01
5.613726807e+02;3.071258664e-01
5.615974731e+02;3.051193953e-01
5.618223267e+02;3.101221919e-01
5.620471191e+02;3.073666394e-01
5.622719727e+02;3.123694360e-01
5.624968262e+02;3.125834763e-01
5.627216797e+02;3.179073036e-01
5.629465332e+02;3.158473074e-01
5.631713867e+02;3.276988566e-01
5.633963013e+02;3.256388903e-01
5.636211548e+02;3.246222734e-01
5.638460693e+02;3.228565753e-01
5.640709839e+02;3.323806226e-01
5.642958984e+02;3.306149244e-01
5.645208740e+02;3.345743716e-01
5.647457886e+02;3.390956223e-01
5.649707642e+02;3.336112797e-01
5.651957397e+02;3.445799649e-01
5.654207153e+02;3.427607715e-01
5.656456909e+02;3.449545205e-01
5.658707275e+02;3.523918092e-01
5.660957031e+02;3.517765105e-01
5.663207397e+02;3.546658158e-01
5.665457764e+02;3.581169546e-01
5.667708130e+02;3.621566296e-01
5.669958496e+02;3.581704497e-01
5.672208862e+02;3.653402328e-01
5.674459839e+02;3.694869578e-01
5.676710205e+02;3.694869578e-01
5.678961182e+02;3.807231784e-01
5.681212158e+02;3.806696832e-01
5.683463745e+02;3.790109754e-01
5.685714722e+02;3.830774426e-01
5.687966309e+02;3.931365311e-01
5.690217285e+02;3.965876698e-01
5.692468872e+02;3.961061239e-01
5.694720459e+02;3.976042867e-01
5.696972046e+02;3.949824870e-01
5.699224243e+02;4.054161310e-01
5.701475830e+02;4.065130055e-01
5.703728027e+02;4.113285244e-01
5.705980225e+02;4.112482667e-01
5.708232422e+02;4.137095511e-01
5.710484619e+02;4.202907681e-01
5.712736816e+02;4.213073850e-01
5.714989624e+02;4.273000360e-01
5.717242432e+02;4.285841584e-01
5.719495239e+02;4.224309921e-01
5.721748047e+02;4.255075753e-01
5.724000854e+02;4.340150058e-01
5.726253662e+02;4.395796359e-01
5.728507080e+02;4.379209280e-01
5.730760498e+02;4.451977313e-01
5.733013306e+02;4.512171447e-01
5.735266724e+02;4.523942769e-01
5.737520752e+02;4.499329925e-01
5.739774170e+02;4.505750835e-01
5.742028198e+02;4.683925211e-01
5.744281616e+02;4.624801278e-01
5.746535645e+02;4.663325548e-01
5.748789673e+02;4.670816362e-01
5.751043701e+02;4.655567110e-01
5.753298340e+02;4.706932902e-01
5.755552368e+02;4.754820466e-01
5.757807007e+02;4.806186259e-01
5.760061646e+02;4.863972366e-01
5.762316284e+02;4.884572327e-01
5.764570923e+02;4.843372703e-01
5.766826172e+02;4.921491444e-01
5.769080811e+02;4.926841855e-01
5.771336060e+02;4.947976768e-01
5.773591309e+02;4.969913960e-01
5.775846558e+02;4.966168702e-01
5.778101807e+02;5.016463995e-01
5.780357666e+02;5.096990466e-01
5.782612915e+02;5.073447824e-01
5.784868774e+02;5.179389715e-01
5.787124634e+02;5.131769180e-01
5.789380493e+02;5.176179409e-01
5.791636353e+02;5.161732435e-01
5.793892212e+02;5.209085345e-01
5.796148682e+02;5.288808942e-01
5.798405151e+02;5.365054607e-01
5.800661621e+02;5.335626602e-01
5.802918091e+02;5.338301659e-01
5.805174561e+02;5.411337614e-01
5.807431030e+02;5.338034630e-01
5.809688110e+02;5.396088362e-01
5.811944580e+02;5.351143479e-01
5.814201660e+02;5.406522155e-01
5.816458740e+02;5.446918607e-01
5.818716431e+02;5.389935374e-01
5.820973511e+02;5.470461249e-01
5.823231201e+02;5.452804565e-01
5.825488281e+02;5.473404527e-01
5.827745972e+02;5.498551726e-01
5.830003662e+02;5.529585481e-01
5.832261963e+02;5.500156879e-01
5.834519653e+02;5.577473044e-01
5.836777344e+02;5.610378981e-01
5.839035645e+02;5.594059825e-01
5.841293945e+02;5.679669380e-01
5.843552246e+02;5.609576702e-01
5.845810547e+02;5.575867891e-01
5.848069458e+02;5.671911240e-01
5.850327759e+02;5.718995929e-01
5.852586670e+02;5.727289319e-01
5.854845581e+02;5.736385584e-01
5.857104492e+02;5.735850334e-01
5.859363403e+02;5.747889280e-01
5.861622925e+02;5.797917247e-01
5.863881836e+02;5.837243795e-01
5.866141357e+02;5.766616464e-01
5.868400879e+02;5.829218030e-01
5.870660400e+02;5.869347453e-01
5.872919922e+02;5.861589313e-01
5.875180054e+02;5.895832777e-01
5.877439575e+02;5.908942223e-01
5.879699707e+02;5.850620270e-01
5.881959839e+02;5.912954807e-01
5.884219971e+02;5.915095210e-01
5.886480103e+02;5.866404772e-01
5.888740234e+02;5.894227624e-01
5.891000977e+02;5.911082029e-01
5.893261719e+02;5.945860744e-01
5.895522461e+02;5.960842371e-01
5.897783203e+02;5.938637853e-01
5.900043945e+02;5.930612087e-01
5.902304688e+02;6.023979783e-01
5.904566040e+02;6.060631275e-01
5.906827393e+02;5.992946029e-01
5.909088135e+02;6.079893112e-01
5.911350098e+02;6.000169516e-01
5.913611450e+02;6.050197482e-01
5.915872803e+02;6.035215855e-01
5.918134766e+02;6.068389416e-01
5.920396118e+02;6.126443148e-01
5.922658081e+02;6.078555584e-01
5.924920044e+02;6.070797443e-01
5.927182617e+02;6.111996770e-01
5.929444580e+02;6.153998971e-01
5.931707153e+02;6.160151958e-01
5.933969116e+02;6.164699793e-01
5.936231689e+02;6.151590943e-01
5.938494263e+02;6.254054904e-01
5.940757446e+02;6.177273989e-01
5.943020020e+02;6.196803451e-01
5.945282593e+02;6.208574772e-01
5.947545776e+02;6.350097656e-01
5.949808960e+02;6.286425591e-01
5.952072144e+02;6.272246838e-01
5.954335327e+02;6.276527047e-01
5.956599121e+02;6.272246838e-01
5.958862305e+02;6.264755726e-01
5.961126099e+02;6.361333728e-01
5.963389893e+02;6.356785893e-01
5.965653687e+02;6.393437386e-01
5.967917480e+02;6.375513077e-01
5.970181885e+02;6.406279206e-01
5.972445679e+02;6.470485926e-01
5.974710083e+02;6.492155790e-01
5.976974487e+02;6.471021175e-01
5.979238892e+02;6.371499896e-01
5.981503296e+02;6.500716805e-01
5.983768311e+02;6.438917518e-01
5.986032715e+02;6.447210908e-01
5.988297729e+02;6.497506499e-01
5.990562744e+02;6.685579419e-01
5.992827759e+02;6.560910940e-01
5.995092773e+02;6.546464562e-01
5.997357788e+02;6.506869793e-01
5.999623413e+02;6.491888165e-01
6.001889038e+02;6.612811685e-01
6.004154663e+02;6.606925726e-01
6.006420288e+02;6.671935320e-01
6.008685913e+02;6.726511717e-01
6.010951538e+02;6.651335955e-01
6.013217773e+02;6.611741185e-01
6.015484009e+02;6.717683077e-01
6.017749634e+02;6.692000031e-01
6.020015869e+02;6.693872809e-01
6.022282715e+02;6.742830873e-01
6.024548950e+02;6.734805107e-01
6.026815796e+02;6.671935320e-01
6.029082031e+02;6.760487556e-01
6.031348877e+02;6.809980869e-01
6.033615723e+02;6.851447821e-01
6.035883179e+02;6.793394089e-01
6.038150024e+02;6.739620566e-01
6.040416870e+02;6.788311005e-01
6.042684326e+02;6.797941923e-01
6.044951782e+02;6.812120676e-01
6.047219238e+02;6.735875010e-01
6.049486694e+02;6.819611788e-01
6.051754761e+02;6.799547076e-01
6.054022217e+02;6.822554469e-01
6.056290283e+02;6.808108091e-01
6.058558350e+02;6.809980869e-01
6.060826416e+02;6.849842668e-01
6.063094482e+02;6.785635352e-01
6.065363159e+02;6.798476577e-01
6.067631226e+02;6.780819893e-01
6.069899902e+02;6.896660328e-01
6.072168579e+02;6.847434640e-01
6.074437256e+02;6.966485381e-01
6.076705933e+02;6.942942739e-01
6.078974609e+02;6.967555285e-01
6.081243896e+02;7.011697888e-01
6.083513184e+02;7.006347179e-01
6.085781860e+02;7.009825110e-01
6.088051147e+02;6.972103119e-01
6.090321045e+02;6.904418468e-01
6.092590332e+02;7.032832503e-01
6.094860229e+02;6.988422871e-01
6.097129517e+02;7.036578059e-01
6.099399414e+02;7.017315626e-01
6.101669312e+02;7.043800950e-01
6.103939209e+02;7.079114914e-01
6.106209717e+02;7.164456844e-01
6.108479614e+02;7.161781788e-01
6.110750122e+02;7.167667150e-01
6.113020630e+02;7.278424501e-01
6.115291138e+02;7.249531150e-01
6.117561646e+02;7.313470840e-01
6.119832764e+02;7.343969345e-01
6.122103271e+02;7.337548137e-01
6.124374390e+02;7.305979729e-01
6.126645508e+02;7.369117141e-01
6.128916626e+02;7.303037047e-01
6.131187744e+02;7.347981930e-01
6.133458862e+02;7.291265726e-01
6.135730591e+02;7.337281108e-01
6.138002319e+02;7.304642200e-01
6.140273438e+02;7.288055420e-01
6.142545166e+02;7.360020876e-01
6.144817505e+02;7.390787005e-01
6.147089233e+02;7.357612848e-01
6.149361572e+02;7.391856909e-01
6.151633301e+02;7.412723899e-01
6.153905640e+02;7.305979729e-01
6.156177979e+02;7.440012097e-01
6.158450317e+02;7.389984131e-01
6.160723267e+02;7.295278907e-01
6.162995605e+02;7.378480434e-01
6.165268555e+02;7.358683348e-01
6.167541504e+02;7.442152500e-01
6.169814453e+02;7.381690741e-01
6.172087402e+02;7.389181852e-01
6.174360352e+02;7.372862101e-01
6.176633911e+02;7.497263551e-01
6.178907471e+02;7.429845929e-01
6.181180420e+02;7.483887076e-01
6.183453979e+02;7.475861311e-01
6.185728149e+02;7.403895855e-01
6.188001709e+02;7.378212810e-01
6.190275879e+02;7.445362806e-01
6.192549438e+02;7.519735694e-01
6.194823608e+02;7.485492229e-01
6.197097778e+02;7.426903248e-01
6.199371948e+02;7.497531176e-01
6.201646729e+02;7.465962768e-01
6.203920898e+02;7.467834949e-01
6.206195679e+02;7.445362806e-01
6.208470459e+02;7.522678971e-01
6.210745239e+02;7.429845929e-01
6.213020020e+02;7.444559932e-01
6.215294800e+02;7.554514408e-01
6.217570190e+02;7.517060637e-01
6.219844971e+02;7.520538568e-01
6.222120361e+02;7.616848946e-01
6.224395752e+02;7.557457685e-01
6.226671143e+02;7.514920235e-01
6.228947144e+02;7.533647418e-01
6.231222534e+02;7.614708543e-01
6.233498535e+02;7.556654811e-01
6.235774536e+02;7.539800406e-01
6.238050537e+02;7.524284124e-01
6.240326538e+02;7.505824566e-01
6.242602539e+02;7.522143722e-01
6.244879150e+02;7.605612874e-01
6.247155762e+02;7.685604095e-01
6.249431763e+02;7.612301111e-01
6.251708374e+02;7.652698159e-01
6.253985596e+02;7.665271759e-01
6.256262207e+02;7.619791627e-01
6.258538818e+02;7.566553354e-01
6.260816040e+02;7.645474672e-01
6.263093262e+02;7.587688565e-01
6.265370483e+02;7.697910666e-01
6.267647705e+02;7.652162910e-01
6.269924927e+02;7.767468095e-01
6.272202759e+02;7.719045281e-01
6.274480591e+02;7.772015929e-01
6.276757812e+02;7.780309319e-01
6.279035645e+02;7.745530605e-01
6.281314087e+02;7.754626870e-01
6.283591919e+02;7.707006335e-01
6.285869751e+02;7.698712945e-01
6.288148193e+02;7.699515820e-01
6.290426636e+02;7.782449722e-01
6.292705078e+02;7.764792442e-01
6.294983521e+02;7.780309319e-01
6.297261963e+02;7.814820409e-01
6.299541016e+02;7.670890093e-01
6.301819458e+02;7.799036503e-01
6.304098511e+02;7.812412977e-01
6.306377563e+02;7.770143151e-01
6.308656616e+02;7.748473287e-01
6.310936279e+02;7.734562159e-01
6.313215332e+02;7.781914473e-01
6.315494995e+02;7.756766677e-01
6.317774658e+02;7.793953419e-01
6.320054321e+02;7.732154131e-01
6.322333984e+02;7.696840167e-01
6.324613647e+02;7.795023322e-01
6.326893921e+02;7.856020331e-01
6.329173584e+02;7.843178511e-01
6.331453857e+02;7.857625484e-01
6.333734131e+02;7.879830003e-01
6.336014404e+02;7.816158533e-01
6.338294678e+02;7.868059278e-01
6.340575562e+02;7.820438743e-01
6.342855835e+02;7.790743113e-01
6.345136719e+02;7.773353457e-01
6.347417603e+02;7.746600509e-01
6.349698486e+02;7.703260779e-01
6.351979980e+02;7.785392404e-01
6.354260864e+02;7.748740911e-01
6.356542358e+02;7.781379223e-01
6.358823853e+02;7.797163725e-01
6.361105347e+02;7.890531421e-01
6.363386841e+02;7.928520441e-01
6.365668335e+02;7.900697589e-01
6.367949829e+02;7.941362262e-01
6.370231934e+02;7.898289561e-01
6.372514038e+02;7.945374846e-01
6.374796143e+02;7.877957821e-01
6.377078247e+02;8.041685820e-01
6.379360352e+02;8.029646873e-01
6.381643066e+02;8.053724170e-01
6.383925171e+02;8.033391833e-01
6.386207886e+02;8.017340302e-01
6.388490601e+02;8.030984402e-01
6.390773315e+02;7.920762300e-01
6.393056030e+02;7.962764502e-01
6.395339355e+02;7.926380634e-01
6.397622070e+02;7.967044711e-01
6.399905396e+02;8.037183285e-01
6.402188721e+02;7.914104462e-01
6.404472046e+02;8.010625839e-01
6.406755371e+02;7.910851836e-01
6.409039307e+02;7.991750240e-01
6.411323242e+02;7.919951677e-01
6.413606567e+02;7.880360484e-01
6.415890503e+02;7.938579917e-01
6.418174438e+02;7.866067886e-01
6.420458984e+02;7.990720272e-01
6.422742920e+02;8.048388362e-01
6.425027466e+02;8.185864687e-01
6.427311401e+02;8.194693923e-01
6.429595947e+02;8.189917207e-01
6.431880493e+02;8.068211675e-01
6.434165649e+02;7.954736352e-01
6.436450195e+02;7.957177758e-01
6.438735352e+02;8.179723024e-01
6.441019897e+02;8.048768044e-01
6.443305054e+02;7.856795192e-01
6.445590210e+02;7.982625961e-01
6.447875977e+02;7.916895151e-01
6.450161133e+02;7.818385363e-01
6.452446899e+02;7.779302001e-01
6.454732056e+02;7.873380184e-01
6.457017822e+02;7.650070786e-01
6.459303589e+02;7.836031318e-01
6.461589966e+02;7.858130932e-01
6.463875732e+02;7.842485309e-01
6.466162109e+02;7.998787761e-01
6.468447876e+02;8.006982207e-01
6.470734253e+02;7.828865051e-01
6.473020630e+02;8.107792139e-01
6.475307617e+02;8.140729666e-01
6.477593994e+02;8.116354346e-01
6.479880981e+02;8.158698082e-01
6.482167358e+02;7.996544242e-01
6.484454346e+02;8.135379553e-01
6.486741333e+02;7.992275953e-01
6.489028320e+02;7.988066077e-01
6.491315918e+02;8.073347211e-01
6.493602905e+02;7.926115394e-01
6.495890503e+02;8.006906509e-01
6.498178101e+02;8.017875552e-01
6.500465698e+02;7.966777086e-01
6.502753296e+02;7.902570367e-01
6.505041504e+02;7.883307934e-01
6.507329102e+02;7.902837992e-01
6.509617310e+02;7.824719548e-01
6.511905518e+02;7.785660028e-01
6.514193726e+02;7.725198269e-01
6.516481934e+02;7.738574743e-01
6.518770142e+02;7.807597518e-01
6.521058960e+02;7.744995356e-01
6.523347778e+02;7.692024708e-01
6.525636597e+02;7.727071047e-01
6.527925415e+02;7.842911482e-01
6.530214233e+02;7.788067460e-01
6.532503052e+02;7.804387212e-01
6.534792480e+02;7.813482881e-01
6.537081299e+02;7.767200470e-01
6.539370728e+02;7.764525414e-01
6.541660156e+02;7.791813016e-01
6.543949585e+02;7.663131356e-01
6.546239624e+02;7.714229822e-01
6.548529053e+02;7.800641656e-01
6.550819092e+02;7.826859355e-01
6.553109131e+02;7.743925452e-01
6.555399170e+02;7.817763686e-01
6.557689209e+02;7.797698975e-01
6.559979248e+02;7.774423957e-01
6.562269897e+02;7.784322500e-01
6.564560547e+02;7.844249010e-01
6.566851196e+02;7.846656442e-01
6.569141846e+02;7.838363051e-01
6.571432495e+02;7.784857154e-01
6.573723145e+02;7.840503454e-01
6.576014404e+02;7.815890908e-01
6.578305054e+02;7.875014544e-01
6.580596313e+02;7.907653451e-01
6.582887573e+02;7.799838781e-01
6.585178833e+02;7.819903493e-01
6.587470703e+02;7.697107792e-01
6.589761963e+02;7.733759284e-01
6.592053833e+02;7.643869519e-01
6.594345703e+02;7.744995356e-01
6.596637573e+02;7.747135758e-01
6.598929443e+02;7.721720338e-01
6.601221313e+02;7.751683593e-01
6.603513794e+02;7.745262980e-01
6.605805664e+02;7.710216641e-01
6.608098145e+02;7.743925452e-01
6.610390625e+02;7.744995356e-01
6.612683105e+02;7.627550364e-01
6.614975586e+02;7.735096812e-01
6.617268677e+02;7.656978369e-01
6.619561768e+02;7.670087218e-01
6.621854248e+02;7.653232813e-01
6.624147339e+02;7.721185684e-01
6.626441040e+02;7.662596703e-01
6.628734131e+02;7.586618066e-01
6.631027222e+02;7.654570341e-01
6.633320923e+02;7.560132742e-01
6.635614624e+02;7.658048272e-01
6.637908325e+02;7.575114369e-01
6.640202026e+02;7.478536367e-01
6.642495728e+02;7.644404769e-01
6.644790039e+02;7.626479864e-01
6.647083740e+02;7.567890882e-01
6.649378052e+02;7.604542375e-01
6.651672363e+02;7.658315897e-01
6.653966675e+02;7.735899687e-01
6.656260986e+02;7.672227621e-01
6.658555908e+02;7.697375417e-01
6.660850220e+02;7.672762871e-01
6.663145142e+02;7.737237215e-01
6.665440063e+02;7.692559958e-01
6.667734985e+02;7.637983561e-01
6.670030518e+02;7.672495246e-01
6.672325439e+02;7.691489458e-01
6.674620972e+02;7.601065040e-01
6.676915894e+02;7.613638639e-01
6.679211426e+02;7.650825381e-01
6.681506958e+02;7.608555555e-01
6.683803101e+02;7.568158507e-01
6.686098633e+02;7.472650409e-01
6.688394775e+02;7.467300296e-01
6.690690308e+02;7.430381179e-01
6.692986450e+02;7.529099584e-01
6.695282593e+02;7.454993725e-01
6.697579346e+02;7.495123148e-01
6.699875488e+02;7.509034872e-01
6.702172241e+02;7.480944395e-01
6.704468384e+02;7.546756268e-01
6.706765137e+02;7.508499622e-01
6.709061890e+02;7.494855523e-01
6.711359253e+02;7.472650409e-01
6.713656006e+02;7.456331253e-01
6.715953369e+02;7.410584092e-01
6.718250122e+02;7.452586293e-01
6.720547485e+02;7.582872510e-01
6.722844849e+02;7.511709929e-01
6.725142822e+02;7.421552539e-01
6.727440186e+02;7.424228191e-01
6.729738159e+02;7.418609858e-01
6.732035522e+02;7.443490028e-01
6.734333496e+02;7.516525388e-01
6.736631470e+02;7.502614260e-01
6.738929443e+02;7.568426132e-01
6.741228027e+02;7.623001933e-01
6.743526001e+02;7.593573928e-01
6.745824585e+02;7.574846745e-01
6.748123169e+02;7.575381994e-01
6.750421753e+02;7.569496036e-01
6.752720337e+02;7.553979754e-01
6.755019531e+02;7.641193867e-01
6.757318115e+02;7.613638639e-01
6.759617310e+02;7.673565149e-01
6.761916504e+02;7.710216641e-01
6.764215698e+02;7.552642226e-01
6.766514893e+02;7.534182668e-01
6.768814087e+02;7.547023892e-01
6.771113892e+02;7.619256973e-01
6.773413696e+02;7.489772439e-01
6.775712891e+02;7.546488643e-01
6.778012695e+02;7.487899661e-01
6.780313110e+02;7.550769448e-01
6.782612915e+02;7.422622442e-01
6.784912720e+02;7.495658398e-01
6.787213135e+02;7.431451082e-01
6.789513550e+02;7.457401752e-01
6.791813965e+02;7.375002503e-01
6.794114380e+02;7.418074608e-01
6.796415405e+02;7.404163480e-01
6.798715820e+02;7.493250370e-01
6.801016846e+02;7.501008511e-01
6.803317871e+02;7.555584908e-01
6.805618896e+02;7.564948201e-01
6.807919922e+02;7.539265752e-01
6.810220947e+02;7.560935616e-01
6.812522583e+02;7.614976168e-01
6.814823608e+02;7.517328262e-01
6.817125244e+02;7.557190061e-01
6.819426880e+02;7.569496036e-01
6.821728516e+02;7.618186474e-01
6.824030151e+02;7.559597492e-01
6.826332397e+02;7.496728301e-01
6.828634644e+02;7.462484837e-01
6.830936279e+02;7.500473857e-01
6.833238525e+02;7.473453283e-01
6.835540771e+02;7.512245178e-01
6.837843628e+02;7.573509216e-01
6.840145874e+02;7.531507015e-01
6.842448730e+02;7.559330463e-01
6.844751587e+02;7.529634237e-01
6.847054443e+02;7.502346635e-01
6.849357300e+02;7.579662204e-01
6.851660156e+02;7.587688565e-01
6.853963623e+02;7.565215826e-01
6.856266479e+02;7.561470270e-01
6.858569946e+02;7.565751076e-01
6.860873413e+02;7.543545961e-01
6.863176880e+02;7.537927628e-01
6.865480347e+02;7.483351827e-01
6.867784424e+02;7.574846745e-01
6.870087891e+02;7.491645217e-01
6.872391968e+02;7.445898056e-01
6.874696045e+02;7.478001118e-01
6.877000122e+02;7.403628230e-01
6.879304199e+02;7.364568710e-01
6.881608887e+02;7.451783419e-01
6.883912964e+02;7.490307689e-01
6.886217651e+02;7.509569526e-01
6.888522339e+02;7.490307689e-01
6.890827026e+02;7.421284914e-01
6.893131714e+02;7.421284914e-01
6.895437012e+02;7.418074608e-01
6.897741699e+02;7.421017289e-01
6.900046997e+02;7.398277521e-01
6.902352295e+02;7.487097383e-01
6.904657593e+02;7.418877482e-01
6.906962891e+02;7.420750260e-01
6.909268799e+02;7.393194437e-01
6.911574097e+02;7.324706912e-01
6.913880005e+02;7.410851717e-01
6.916185913e+02;7.381155491e-01
6.918491821e+02;7.330325246e-01
6.920797729e+02;7.404698133e-01
6.923104248e+02;7.337281108e-01
6.925410156e+02;7.276819348e-01
6.927716675e+02;7.369919419e-01
6.930023193e+02;7.329522371e-01
6.932329712e+02;7.343166471e-01
6.934636230e+02;7.411386371e-01
6.936942749e+02;7.299559116e-01
6.939249878e+02;7.378212810e-01
6.941557007e+02;7.364836335e-01
6.943864136e+02;7.284042835e-01
6.946171265e+02;7.302234769e-01
6.948478394e+02;7.289660573e-01
6.950785522e+02;7.237225175e-01
6.953093262e+02;7.314273119e-01
6.955400391e+02;7.269595861e-01
6.957708130e+02;7.343701720e-01
6.960015869e+02;7.328720093e-01
6.962323608e+02;7.417539954e-01
6.964631958e+02;7.373932600e-01
6.966939697e+02;7.320694327e-01
6.969248047e+02;7.387576103e-01
6.971556396e+02;7.346912026e-01
6.973864746e+02;7.276551723e-01
6.976173096e+02;7.353867888e-01
6.978481445e+02;7.341561317e-01
6.980790405e+02;7.436266541e-01
6.983099365e+02;7.396137118e-01
6.985407715e+02;7.388646603e-01
6.987716675e+02;7.267723083e-01
6.990025635e+02;7.408978939e-01
6.992335205e+02;7.374467254e-01
6.994644165e+02;7.398009896e-01
6.996953735e+02;7.318553925e-01
6.999263306e+02;7.459006906e-01
7.001572876e+02;7.451248169e-01
7.003882446e+02;7.441884875e-01
7.006192017e+02;7.456063628e-01
7.008502197e+02;7.427438498e-01
7.010811768e+02;7.473988533e-01
7.013121948e+02;7.383563519e-01
7.015432129e+02;7.399347425e-01
7.017742310e+02;7.424495220e-01
7.020052490e+02;7.412991524e-01
7.022363281e+02;7.364568710e-01
7.024674072e+02;7.365103960e-01
7.026984253e+02;7.369384170e-01
7.029295044e+02;7.461414337e-01
7.031605835e+02;7.423157692e-01
7.033917236e+02;7.387843728e-01
7.036228027e+02;7.407908440e-01
7.038539429e+02;7.376875281e-01
7.040850220e+02;7.306247354e-01
7.043161621e+02;7.303572297e-01
7.045473022e+02;7.247123718e-01
7.047785034e+02;7.238830328e-01
7.050096436e+02;7.283775210e-01
7.052408447e+02;7.167667150e-01
7.054719849e+02;7.307317853e-01
7.057031860e+02;7.192012668e-01
7.059343872e+02;7.185592055e-01
7.061656494e+02;7.224650979e-01
7.063968506e+02;7.202178836e-01
7.066281128e+02;7.230001688e-01
7.068593140e+02;7.270666361e-01
7.070905762e+02;7.243645787e-01
7.073218384e+02;7.225720882e-01
7.075531616e+02;7.195490599e-01
7.077844238e+02;7.255684733e-01
7.080157471e+02;7.245250940e-01
7.082470093e+02;7.191209793e-01
7.084783325e+02;7.219032645e-01
7.087096558e+02;7.223045826e-01
7.089409790e+02;7.228396535e-01
7.091723633e+02;7.301431894e-01
7.094036865e+02;7.214217186e-01
7.096350708e+02;7.261034846e-01
7.098664551e+02;7.224918604e-01
7.100978394e+02;7.173285484e-01
7.103292236e+02;7.274143696e-01
7.105606689e+02;7.307584882e-01
7.107920532e+02;7.250066400e-01
7.110234985e+02;7.281902432e-01
7.112549438e+02;7.326847315e-01
7.114863892e+02;7.342364192e-01
7.117178345e+02;7.309725285e-01
7.119492798e+02;7.331662774e-01
7.121807861e+02;7.297953963e-01
7.124122314e+02;7.346376777e-01
7.126437378e+02;7.326847315e-01
7.128752441e+02;7.453923821e-01
7.131067505e+02;7.330859900e-01
7.133383179e+02;7.357078195e-01
7.135698242e+02;7.336210608e-01
7.138013916e+02;7.287253141e-01
7.140329590e+02;7.271201015e-01
7.142645264e+02;7.320961356e-01
7.144960938e+02;7.208064198e-01
7.147276611e+02;7.220638394e-01
7.149592896e+02;7.267990708e-01
7.151908569e+02;7.177833319e-01
7.154224854e+02;7.139576674e-01
7.156541138e+02;7.195490599e-01
7.158857422e+02;7.211006880e-01
7.161173706e+02;7.193350196e-01
7.163490601e+02;7.156163454e-01
7.165806885e+02;7.144392133e-01
7.168123779e+02;7.098109722e-01
7.170440674e+02;7.199235559e-01
7.172757568e+02;7.236422300e-01
7.175075073e+02;7.213950157e-01
7.177391968e+02;7.090351582e-01
7.179709473e+02;7.111486197e-01
7.182026367e+02;7.071892023e-01
7.184343872e+02;7.085535526e-01
7.186661377e+02;7.063331008e-01
7.188979492e+02;7.070019245e-01
7.191296997e+02;7.009825110e-01
7.193615112e+02;7.074567080e-01
7.195933228e+02;6.984944940e-01
7.198250732e+02;6.955516338e-01
7.200569458e+02;6.946955919e-01
7.202887573e+02;6.972905993e-01
7.205205688e+02;6.913781762e-01
7.207524414e+02;6.931171417e-01
7.209842529e+02;7.001531720e-01
7.212161255e+02;6.957656741e-01
7.214479980e+02;7.006347179e-01
7.216799316e+02;7.025341988e-01
7.219118042e+02;6.927158237e-01
7.221437378e+02;6.939464808e-01
7.223756104e+02;6.922342777e-01
7.226075439e+02;6.899067760e-01
7.228394775e+02;6.895589828e-01
7.230714111e+02;6.883551478e-01
7.233034058e+02;6.923947930e-01
7.235353394e+02;6.827102304e-01
7.237673340e+02;6.823891997e-01
7.239993286e+02;6.873919964e-01
7.242313232e+02;6.888633966e-01
7.244633179e+02;6.818006635e-01
7.246953735e+02;6.831650734e-01
7.249273682e+02;6.830847859e-01
7.251594238e+02;6.828172803e-01
7.253914795e+02;6.823357344e-01
7.256235352e+02;6.770921350e-01
7.258555908e+02;6.808108091e-01
7.260876465e+02;6.753264666e-01
7.263197632e+02;6.704306602e-01
7.265518188e+02;6.647858024e-01
7.267839355e+02;6.693070531e-01
7.270160522e+02;6.742830873e-01
7.272481689e+02;6.649730802e-01
7.274803467e+02;6.659896970e-01
7.277124634e+02;6.681833863e-01
7.279446411e+02;6.689324975e-01
7.281768188e+02;6.710727215e-01
7.284089355e+02;6.672202945e-01
7.286411743e+02;6.677018404e-01
7.288733521e+02;6.602913141e-01
7.291055298e+02;6.526399851e-01
7.293377686e+02;6.610671282e-01
7.295700073e+02;6.646787524e-01
7.298022461e+02;6.650265455e-01
7.300344849e+02;6.617091894e-01
7.302667236e+02;6.617359519e-01
7.304990234e+02;6.604518294e-01
7.307312622e+02;6.508207321e-01
7.309635620e+02;6.576160192e-01
7.311958618e+02;6.506067514e-01
7.314281616e+02;6.559573412e-01
7.316604614e+02;6.625652909e-01
7.318928223e+02;6.595689654e-01
7.321251221e+02;6.586593390e-01
7.323574829e+02;6.649730802e-01
7.325898438e+02;6.617627144e-01
7.328222046e+02;6.672202945e-01
7.330545654e+02;6.537100673e-01
7.332869873e+02;6.462995410e-01
7.335193481e+02;6.518908739e-01
7.337517700e+02;6.496168971e-01
7.339841919e+02;6.519978642e-01
7.342166138e+02;6.470218301e-01
7.344490356e+02;6.454434395e-01
7.346815186e+02;6.418049932e-01
7.349139404e+02;6.408419013e-01
7.351464233e+02;6.418317556e-01
7.353789062e+02;6.383271217e-01
7.356113892e+02;6.401998401e-01
7.358438721e+02;6.370162368e-01
7.360763550e+02;6.411361694e-01
7.363088989e+02;6.423133016e-01
7.365414429e+02;6.371232867e-01
7.367739258e+02;6.362404227e-01
7.370065308e+02;6.459249854e-01
7.372390747e+02;6.406279206e-01
7.374716187e+02;6.457377076e-01
7.377042236e+02;6.378723383e-01
7.379367676e+02;6.459784508e-01
7.381693726e+02;6.419388056e-01
7.384019775e+02;6.381398439e-01
7.386345825e+02;6.370429993e-01
7.388672485e+02;6.311841011e-01
7.390998535e+02;6.288833618e-01
7.393325195e+02;6.408686638e-01
7.395651855e+02;6.331370473e-01
7.397978516e+02;6.327892542e-01
7.400305176e+02;6.263418198e-01
7.402631836e+02;6.260743141e-01
7.404959106e+02;6.270909309e-01
7.407285767e+02;6.184496880e-01
7.409613037e+02;6.268501282e-01
7.411940308e+02;6.246029139e-01
7.414267578e+02;6.133934259e-01
7.416594849e+02;6.166304946e-01
7.418922729e+02;6.166037321e-01
7.421250000e+02;6.201351285e-01
7.423577881e+02;6.087651253e-01
7.425905762e+02;6.117614508e-01
7.428233643e+02;6.094607115e-01
7.430562134e+02;6.159082055e-01
7.432890015e+02;6.101562977e-01
7.435218506e+02;6.134201884e-01
7.437546387e+02;6.092199683e-01
7.439874878e+02;6.116812229e-01
7.442203369e+02;6.050999761e-01
7.444532471e+02;6.117347479e-01
7.446860962e+02;6.089524031e-01
7.449190063e+02;6.064643860e-01
7.451518555e+02;6.083371043e-01
7.453847656e+02;6.046719551e-01
7.456176758e+02;6.100760698e-01
7.458506470e+02;6.048859954e-01
7.460835571e+02;6.006054878e-01
7.463164673e+02;5.942382812e-01
7.465494385e+02;5.991340876e-01
7.467824097e+02;6.005520225e-01
7.470153809e+02;6.025851965e-01
7.472483521e+02;6.067586541e-01
7.474813843e+02;5.991073251e-01
7.477143555e+02;5.939172506e-01
7.479473877e+02;5.903323889e-01
7.481804199e+02;5.913222432e-01
7.484134521e+02;5.920980573e-01
7.486464844e+02;5.923923850e-01
7.488795166e+02;5.916700363e-01
7.491126099e+02;5.902788639e-01
7.493457031e+02;5.963250399e-01
7.495787354e+02;5.864799619e-01
7.498118286e+02;5.872290134e-01
7.500449829e+02;5.872023106e-01
7.502780762e+02;5.895298123e-01
7.505111694e+02;5.806210637e-01
7.507443237e+02;5.796847343e-01
7.509774780e+02;5.782400370e-01
7.512106323e+02;5.744411349e-01
7.514437866e+02;5.762068629e-01
7.516769409e+02;5.727022290e-01
7.519101562e+02;5.784005523e-01
7.521433105e+02;5.632584095e-01
7.523765259e+02;5.700803995e-01
7.526097412e+02;5.719263554e-01
7.528429565e+02;5.713645816e-01
7.530762329e+02;5.683682561e-01
7.533094482e+02;5.633653998e-01
7.535427246e+02;5.693848133e-01
7.537759399e+02;5.615462065e-01
7.540092163e+02;5.638202429e-01
7.542425537e+02;5.612519383e-01
7.544758301e+02;5.622417927e-01
7.547091064e+02;5.568644404e-01
7.549424438e+02;5.508450866e-01
7.551757812e+02;5.620278120e-01
7.554090576e+02;5.586569309e-01
7.556424561e+02;5.526909828e-01
7.558757935e+02;5.666025281e-01
7.561091309e+02;5.617870092e-01
7.563425293e+02;5.577473044e-01
7.565759277e+02;5.620010495e-01
7.568092651e+02;5.620010495e-01
7.570426636e+02;5.614392161e-01
7.572761230e+02;5.582288504e-01
7.575095215e+02;5.572925210e-01
7.577429810e+02;5.591117144e-01
7.579763794e+02;5.580148697e-01
7.582098389e+02;5.640609860e-01
7.584432983e+02;5.542961955e-01
7.586767578e+02;5.614659786e-01
7.589102783e+02;5.604761243e-01
7.591437378e+02;5.613054633e-01
7.593772583e+02;5.553395748e-01
7.596107788e+02;5.615997314e-01
7.598442993e+02;5.508183241e-01
7.600778198e+02;5.559013486e-01
7.603113403e+02;5.512463450e-01
7.605449219e+02;5.525037646e-01
7.607785034e+02;5.484372973e-01
7.610120239e+02;5.457084775e-01
7.612456055e+02;5.436752439e-01
7.614792480e+02;5.479825139e-01
7.617128296e+02;5.426586866e-01
7.619464111e+02;5.464040637e-01
7.621800537e+02;5.453072190e-01
7.624136963e+02;5.518349409e-01
7.626473389e+02;5.433809757e-01
7.628809814e+02;5.475544333e-01
7.631146240e+02;5.477952361e-01
7.633483276e+02;5.484105349e-01
7.635819702e+02;5.473939180e-01
7.638156738e+02;5.373347998e-01
7.640493774e+02;5.394215584e-01
7.642830811e+02;5.430867076e-01
7.645167847e+02;5.442370772e-01
7.647505493e+02;5.397693515e-01
7.649842529e+02;5.319039822e-01
7.652180176e+02;5.374686122e-01
7.654517822e+02;5.369603038e-01
7.656855469e+02;5.345525146e-01
7.659193726e+02;5.365322232e-01
7.661531372e+02;5.253227353e-01
7.663869019e+02;5.319842696e-01
7.666207275e+02;5.258310437e-01
7.668545532e+02;5.240653753e-01
7.670883789e+02;5.270349383e-01
7.673222046e+02;5.213098526e-01
7.675560913e+02;5.304325819e-01
7.677899170e+02;5.257508159e-01
7.680238037e+02;5.210958123e-01
7.682576904e+02;5.163337588e-01
7.684915771e+02;5.259648561e-01
7.687254639e+02;5.115450025e-01
7.689594116e+02;5.174574256e-01
7.691932983e+02;5.125348568e-01
7.694272461e+02;5.181529522e-01
7.696611938e+02;5.084416866e-01
7.698951416e+02;5.096990466e-01
7.701290894e+02;5.171898603e-01
7.703630371e+02;5.105283856e-01
7.705970459e+02;5.128826499e-01
7.708309937e+02;5.193033814e-01
7.710650024e+02;5.121068358e-01
7.712990112e+02;5.125348568e-01
7.715330200e+02;5.118927956e-01
7.717670898e+02;5.106621385e-01
7.720010986e+02;5.107156634e-01
7.722351685e+02;5.127488971e-01
7.724692383e+02;5.112507343e-01
7.727033081e+02;5.134979486e-01
7.729373779e+02;5.044822097e-01
7.731714478e+02;5.100736022e-01
7.734055176e+02;4.997202158e-01
7.736396484e+02;5.054185987e-01
7.738737793e+02;5.027700663e-01
7.741079102e+02;5.024757385e-01
7.743420410e+02;4.970984161e-01
7.745761719e+02;5.003087521e-01
7.748103638e+02;4.937810600e-01
7.750444946e+02;5.015661716e-01
7.752786865e+02;4.925236702e-01
7.755128784e+02;4.920421243e-01
7.757470703e+02;4.868252873e-01
7.759812622e+02;4.893668294e-01
7.762155151e+02;4.765789211e-01
7.764497070e+02;4.848188162e-01
7.766839600e+02;4.846315682e-01
7.769182129e+02;4.805651009e-01
7.771524658e+02;4.770604670e-01
7.773867188e+02;4.788796902e-01
7.776209717e+02;4.817422330e-01
7.778552856e+02;4.741711617e-01
7.780895996e+02;4.722181857e-01
7.783239136e+02;4.774350226e-01
7.785582275e+02;4.783446193e-01
7.787925415e+02;4.713888466e-01
7.790268555e+02;4.731813073e-01
7.792612305e+02;4.825180769e-01
7.794955444e+02;4.716028869e-01
7.797299194e+02;4.732615650e-01
7.799642944e+02;4.738233685e-01
7.801986694e+02;4.730207920e-01
7.804331055e+02;4.704525173e-01
7.806674805e+02;4.767127037e-01
7.809019165e+02;4.766859412e-01
7.811363525e+02;4.774082601e-01
7.813707886e+02;4.678842127e-01
7.816052246e+02;4.749202430e-01
7.818396606e+02;4.719774127e-01
7.820741577e+02;4.684460461e-01
7.823085938e+02;4.657439888e-01
7.825430908e+02;4.661185145e-01
7.827775879e+02;4.627744257e-01
7.830120850e+02;4.683657885e-01
7.832465820e+02;4.596710801e-01
7.834811401e+02;4.569957852e-01
7.837156372e+02;4.552568495e-01
7.839501953e+02;4.595908225e-01
7.841847534e+02;4.558454156e-01
7.844193115e+02;4.568620026e-01
7.846539307e+02;4.466156363e-01
7.848884888e+02;4.461073279e-01
7.851231079e+02;4.465086460e-01
7.853576660e+02;4.493979514e-01
7.855922852e+02;4.426829517e-01
7.858269043e+02;4.457060397e-01
7.860615845e+02;4.401414394e-01
7.862962036e+02;4.467226565e-01
7.865308228e+02;4.421746433e-01
7.867655029e+02;4.488628805e-01
7.870001831e+02;4.447429478e-01
7.872348633e+02;4.504948258e-01
7.874695435e+02;4.350851178e-01
7.877042847e+02;4.424421787e-01
7.879389648e+02;4.389643073e-01
7.881737061e+02;4.369043410e-01
7.884084473e+02;4.367973208e-01
7.886431885e+02;4.339080155e-01
7.888779297e+02;4.384025037e-01
7.891126709e+02;4.441276193e-01
7.893474731e+02;4.366635382e-01
7.895822144e+02;4.389108121e-01
7.898170166e+02;4.405694902e-01
7.900518188e+02;4.345233142e-01
7.902866211e+02;4.314734936e-01
7.905214844e+02;4.416663647e-01
7.907562866e+02;4.303766191e-01
7.909911499e+02;4.345233142e-01
7.912260132e+02;4.321690500e-01
7.914608765e+02;4.316607416e-01
7.916957397e+02;4.288784564e-01
7.919306030e+02;4.232335687e-01
7.921655273e+02;4.270057380e-01
7.924003906e+02;4.254808426e-01
7.926353149e+02;4.168931246e-01
7.928702393e+02;4.189263582e-01
7.931051636e+02;4.167861342e-01
7.933400879e+02;4.176689684e-01
7.935750732e+02;4.166256189e-01
7.938099976e+02;4.114087820e-01
7.940449829e+02;4.145923853e-01
7.942799683e+02;4.210665822e-01
7.945149536e+02;4.103386700e-01
7.947499390e+02;4.160102904e-01
7.949849854e+02;4.090545177e-01
7.952199707e+02;4.089207649e-01
7.954550171e+02;4.096966088e-01
7.956900635e+02;4.135222733e-01
7.959251099e+02;4.100978971e-01
7.961601562e+02;4.159567952e-01
7.963952026e+02;4.047205448e-01
7.966303101e+02;4.059512019e-01
7.968654175e+02;4.069142938e-01
7.971004639e+02;3.953302801e-01
7.973355713e+02;4.007343650e-01
7.975707397e+02;4.018312395e-01
7.978058472e+02;3.976310194e-01
7.980410156e+02;3.919326663e-01
7.982761230e+02;3.952767849e-01
7.985112915e+02;3.963736296e-01
7.987464600e+02;3.945544362e-01
7.989816284e+02;3.952500224e-01
7.992167969e+02;3.942601681e-01
7.994520264e+02;3.970157206e-01
7.996872559e+02;3.962666392e-01
7.999224243e+02;3.951697648e-01
8.001576538e+02;3.939926326e-01
8.003928833e+02;3.978717923e-01
8.006281738e+02;3.916918635e-01
8.008634033e+02;3.986476362e-01
8.010986938e+02;4.045867920e-01
8.013339844e+02;3.998782635e-01
8.015692749e+02;3.950359821e-01
8.018045654e+02;4.001190364e-01
8.020398560e+02;3.966411650e-01
8.022751465e+02;3.930830359e-01
8.025104980e+02;3.925479650e-01
8.027458496e+02;3.955710530e-01
8.029812012e+02;3.871973753e-01
8.032165527e+02;3.954373002e-01
8.034519043e+02;3.915046155e-01
8.036872559e+02;3.909963071e-01
8.039226685e+02;3.947684765e-01
8.041580811e+02;3.922001719e-01
8.043934326e+02;3.916116059e-01
8.046288452e+02;3.875451684e-01
8.048643188e+02;3.870101273e-01
8.050997314e+02;3.873846531e-01
8.053352051e+02;3.782886565e-01
8.055706177e+02;3.823015988e-01
8.058060913e+02;3.797600567e-01
8.060415649e+02;3.819270730e-01
8.062770386e+02;3.679887950e-01
8.065125732e+02;3.695939481e-01
8.067480469e+02;3.709583580e-01
8.069835815e+02;3.698882461e-01
8.072191162e+02;3.625044227e-01
8.074546509e+02;3.619158566e-01
8.076901855e+02;3.601501584e-01
8.079257202e+02;3.560837209e-01
8.081613159e+02;3.549065888e-01
8.083968506e+02;3.529001176e-01
8.086324463e+02;3.535689414e-01
8.088680420e+02;3.436436057e-01
8.091036377e+02;3.462921679e-01
8.093392334e+02;3.504388630e-01
8.095748901e+02;3.450615108e-01
8.098104858e+02;3.568328023e-01
8.100461426e+02;3.520975411e-01
8.102817993e+02;3.511076868e-01
8.105174561e+02;3.553881645e-01
8.107531128e+02;3.553881645e-01
8.109888306e+02;3.503586054e-01
8.112244873e+02;3.544250429e-01
8.114602051e+02;3.522848189e-01
8.116959229e+02;3.489407003e-01
8.119316406e+02;3.464259207e-01
8.121673584e+02;3.466131985e-01
8.124031372e+02;3.446067274e-01
8.126388550e+02;3.451150358e-01
8.128746338e+02;3.414766192e-01
8.131104126e+02;3.382662833e-01
8.133461914e+02;3.376777172e-01
8.135819702e+02;3.396306634e-01
8.138177490e+02;3.374101818e-01
8.140535889e+02;3.401924968e-01
8.142894287e+02;3.360725343e-01
8.145252075e+02;3.356444836e-01
8.147610474e+02;3.339858055e-01
8.149969482e+02;3.306416869e-01
8.152327881e+02;3.318188190e-01
8.154686279e+02;3.273510933e-01
8.157045288e+02;3.311499953e-01
8.159404297e+02;3.243815005e-01
8.161763306e+02;3.302136362e-01
8.164122314e+02;3.226425648e-01
8.166481323e+02;3.258261681e-01
8.168840942e+02;3.241139650e-01
8.171199951e+02;3.247560561e-01
8.173559570e+02;3.221074939e-01
8.175919189e+02;3.256121278e-01
8.178278809e+02;3.255853951e-01
8.180638428e+02;3.197532594e-01
8.182998657e+02;3.251841068e-01
8.185358276e+02;3.182283342e-01
8.187718506e+02;3.148039579e-01
8.190078735e+02;3.211444020e-01
8.192438965e+02;3.179340363e-01
8.194799194e+02;3.159275651e-01
8.197160034e+02;3.126637340e-01
8.199520264e+02;3.175327480e-01
8.201881104e+02;3.153657615e-01
8.204241943e+02;3.098546565e-01
8.206602783e+02;2.999828458e-01
8.208963623e+02;3.100419343e-01
8.211325073e+02;3.096406460e-01
8.213685913e+02;3.099884391e-01
8.216047363e+02;2.986184359e-01
8.218408813e+02;3.015077412e-01
8.220770264e+02;3.001968563e-01
8.223131714e+02;3.024173379e-01
8.225493164e+02;3.029791713e-01
8.227855225e+02;2.983509004e-01
8.230216675e+02;2.953010798e-01
8.232578735e+02;3.019893169e-01
8.234940796e+02;2.949800491e-01
8.237302856e+02;2.958896458e-01
8.239665527e+02;2.896829545e-01
8.242027588e+02;2.909671068e-01
8.244390259e+02;2.863120735e-01
8.246752930e+02;2.917161882e-01
8.249115601e+02;2.905390561e-01
8.251478271e+02;2.921709716e-01
8.253840942e+02;2.874892056e-01
8.256203613e+02;2.902982831e-01
8.258566895e+02;2.904052734e-01
8.260930176e+02;2.829947174e-01
8.263293457e+02;2.881580293e-01
8.265656738e+02;2.833692729e-01
8.268020020e+02;2.909135818e-01
8.270383301e+02;2.828342021e-01
8.272747192e+02;2.771893442e-01
8.275111084e+02;2.795971036e-01
8.277474976e+02;2.786072493e-01
8.279838867e+02;2.768415511e-01
8.282202759e+02;2.812825441e-01
8.284566650e+02;2.783129513e-01
8.286931152e+02;2.766542733e-01
8.289295044e+02;2.799716294e-01
8.291659546e+02;2.732566595e-01
8.294024048e+02;2.739254832e-01
8.296388550e+02;2.718922496e-01
8.298753662e+02;2.694042325e-01
8.301118164e+02;2.743802667e-01
8.303483276e+02;2.696985304e-01
8.305848389e+02;2.720527649e-01
8.308213501e+02;2.700462937e-01
8.310578613e+02;2.675047815e-01
8.312943726e+02;2.715177238e-01
8.315309448e+02;2.723203003e-01
8.317674561e+02;2.701533139e-01
8.320040283e+02;2.688691616e-01
8.322406006e+02;2.723203003e-01
8.324771729e+02;2.695647478e-01
8.327138062e+02;2.725610733e-01
8.329503784e+02;2.711966932e-01
8.331870117e+02;2.728553712e-01
8.334235840e+02;2.649097443e-01
8.336602173e+02;2.711966932e-01
8.338968506e+02;2.694577277e-01
8.341335449e+02;2.696985304e-01
8.343701782e+02;2.669697106e-01
8.346068726e+02;2.680933475e-01
8.348435059e+02;2.683608830e-01
8.350802002e+02;2.682271004e-01
8.353168945e+02;2.630370259e-01
8.355535889e+02;2.627427578e-01
8.357903442e+02;2.604687512e-01
8.360270386e+02;2.660066187e-01
8.362637939e+02;2.612178326e-01
8.365005493e+02;2.641339004e-01
8.367373047e+02;2.629835308e-01
8.369740601e+02;2.598801851e-01
8.372108765e+02;2.565628290e-01
8.374476318e+02;2.602547407e-01
8.376844482e+02;2.607362866e-01
8.379212646e+02;2.584355474e-01
8.381580200e+02;2.568036020e-01
8.383948975e+02;2.583017647e-01
8.386317139e+02;2.578469813e-01
8.388685303e+02;2.593183815e-01
8.391054077e+02;2.524161339e-01
8.393422852e+02;2.535130084e-01
8.395791626e+02;2.551449239e-01
8.398160400e+02;2.531116903e-01
8.400529175e+02;2.534594834e-01
8.402898560e+02;2.532989681e-01
8.405267334e+02;2.509714663e-01
8.407636719e+02;2.529244423e-01
8.410006104e+02;2.521218359e-01
8.412375488e+02;2.474133223e-01
8.414744873e+02;2.481624037e-01
8.417114868e+02;2.554391921e-01
8.419484253e+02;2.486439645e-01
8.421854248e+02;2.558672428e-01
8.424224243e+02;2.552251816e-01
8.426594238e+02;2.512122393e-01
8.428964233e+02;2.490720004e-01
8.431334839e+02;2.490987629e-01
8.433704834e+02;2.511587441e-01
8.436075439e+02;2.484299392e-01
8.438446045e+02;2.520148158e-01
8.440816650e+02;2.450323105e-01
8.443187256e+02;2.456476390e-01
8.445557861e+02;2.473865747e-01
8.447929077e+02;2.440424562e-01
8.450299683e+02;2.432398647e-01
8.452670898e+02;2.403237969e-01
8.455042114e+02;2.434538901e-01
8.457413330e+02;2.402702868e-01
8.459785156e+02;2.383708358e-01
8.462156372e+02;2.350802273e-01
8.464528198e+02;2.430793494e-01
8.466899414e+02;2.355082780e-01
8.469271240e+02;2.386383712e-01
8.471643677e+02;2.349197119e-01
8.474015503e+02;2.340636104e-01
8.476387329e+02;2.337693274e-01
8.478759766e+02;2.345184088e-01
8.481132202e+02;2.295691222e-01
8.483504639e+02;2.335018069e-01
8.485877075e+02;2.256364375e-01
8.488249512e+02;2.234427035e-01
8.490621948e+02;2.247803509e-01
8.492994995e+02;2.259039730e-01
8.495368042e+02;2.312545627e-01
8.497740479e+02;2.253154069e-01
8.500113525e+02;2.263320237e-01
8.502487183e+02;2.265460342e-01
8.504860229e+02;2.242452949e-01
8.507233887e+02;2.263320237e-01
8.509606934e+02;2.214362323e-01
8.511980591e+02;2.222388238e-01
8.514354248e+02;2.254759222e-01
8.516727905e+02;2.236834764e-01
8.519102173e+02;2.222388238e-01
8.521475830e+02;2.202591002e-01
8.523850098e+02;2.186004221e-01
8.526224365e+02;2.200985849e-01
8.528598633e+02;2.182258815e-01
8.530972900e+02;2.233891934e-01
8.533347168e+02;2.180386037e-01
8.535721436e+02;2.187876850e-01
8.538096313e+02;2.182258815e-01
8.540471191e+02;2.191087306e-01
8.542846069e+02;2.206336409e-01
8.545220947e+02;2.224795967e-01
8.547595825e+02;2.150422782e-01
8.549971313e+02;2.188947052e-01
8.552346191e+02;2.145072222e-01
8.554721680e+02;2.130893171e-01
8.557097168e+02;2.143734545e-01
8.559472656e+02;2.206604034e-01
8.561848145e+02;2.095579356e-01
8.564224243e+02;2.147479951e-01
8.566599731e+02;2.105745375e-01
8.568975830e+02;2.120727003e-01
8.571351929e+02;2.081400305e-01
8.573728027e+02;2.087820917e-01
8.576104126e+02;2.068023831e-01
8.578480225e+02;2.033780068e-01
8.580856934e+02;2.058927715e-01
8.583233032e+02;2.047959119e-01
8.585609741e+02;2.049296796e-01
8.587986450e+02;2.028429508e-01
8.590363159e+02;2.015320510e-01
8.592740479e+02;2.033244967e-01
8.595117188e+02;1.977331340e-01
8.597494507e+02;2.012912780e-01
8.599871826e+02;1.997128576e-01
8.602249146e+02;2.011575103e-01
8.604626465e+02;2.014250457e-01
8.607003784e+02;2.028696984e-01
8.609381714e+02;2.002746612e-01
8.611759033e+02;1.996325999e-01
8.614136963e+02;1.925965697e-01
8.616514893e+02;1.980541646e-01
8.618892822e+02;1.976528764e-01
8.621270752e+02;1.978669018e-01
8.623649292e+02;1.965827644e-01
8.626027222e+02;1.947368085e-01
8.628405762e+02;1.954858899e-01
8.630784302e+02;1.963954866e-01
8.633162842e+02;1.945227832e-01
8.635541382e+02;1.957266629e-01
8.637919922e+02;1.936131865e-01
8.640299072e+02;1.950310916e-01
8.642678223e+02;1.955126375e-01
8.645057373e+02;1.956464052e-01
8.647436523e+02;1.966362596e-01
8.649815674e+02;1.912054271e-01
8.652194824e+02;1.968502849e-01
8.654574585e+02;1.929176003e-01
8.656953735e+02;1.921417713e-01
8.659333496e+02;1.964757442e-01
8.661713257e+02;1.854267865e-01
8.664093018e+02;1.922755390e-01
8.666472778e+02;1.863631457e-01
8.668853149e+02;1.891989559e-01
8.671233521e+02;1.790863425e-01
8.673613281e+02;1.820291579e-01
8.675993652e+02;1.802902222e-01
8.678374023e+02;1.873262525e-01
8.680755005e+02;1.809590459e-01
8.683135376e+02;1.809322983e-01
8.685516357e+02;1.802634746e-01
8.687896729e+02;1.792736202e-01
8.690277710e+02;1.741102934e-01
8.692658691e+02;1.795143932e-01
8.695040283e+02;1.779359728e-01
8.697421265e+02;1.737625152e-01
8.699802856e+02;1.789525747e-01
8.702183838e+02;1.771333814e-01
8.704565430e+02;1.746721119e-01
8.706947021e+02;1.721305847e-01
8.709328613e+02;1.722643524e-01
8.711710815e+02;1.738427728e-01
8.714092407e+02;1.686526984e-01
8.716474609e+02;1.699903458e-01
8.718856812e+02;1.674488187e-01
8.721239014e+02;1.681176424e-01
8.723621216e+02;1.653085798e-01
8.726003418e+02;1.675825864e-01
8.728386230e+02;1.650142968e-01
8.730768433e+02;1.714617610e-01
8.733151245e+02;1.655493677e-01
8.735534058e+02;1.675290763e-01
8.737916870e+02;1.682514101e-01
8.740299683e+02;1.676628441e-01
8.742683105e+02;1.645060033e-01
8.745066528e+02;1.621249914e-01
8.747449341e+02;1.606803238e-01
8.749832764e+02;1.563730985e-01
8.752216187e+02;1.575769931e-01
8.754600220e+02;1.582725644e-01
8.756983643e+02;1.554902643e-01
8.759367065e+02;1.529219747e-01
8.761751099e+02;1.534570307e-01
8.764135132e+02;1.548481882e-01
8.766519165e+02;1.526544541e-01
8.768903198e+02;1.580050290e-01
8.771287842e+02;1.495778561e-01
8.773671875e+02;1.527079493e-01
8.776056519e+02;1.568279117e-01
8.778441162e+02;1.488822848e-01
8.780825806e+02;1.564533710e-01
8.783210449e+02;1.515308321e-01
8.785595093e+02;1.517983526e-01
8.787980347e+02;1.524939239e-01
8.790364990e+02;1.466617882e-01
8.792750244e+02;1.467688084e-01
8.795135498e+02;1.506479830e-01
8.797520752e+02;1.457254440e-01
8.799906616e+02;1.502734423e-01
8.802291870e+02;1.427826136e-01
8.804677734e+02;1.467955559e-01
8.807062988e+02;1.429966390e-01
8.809448853e+02;1.444412917e-01
8.811834717e+02;1.401608288e-01
8.814221191e+02;1.406691372e-01
8.816607056e+02;1.398397982e-01
8.818993530e+02;1.449763626e-01
8.821379395e+02;1.371109933e-01
8.823765869e+02;1.371645033e-01
8.826152344e+02;1.381276101e-01
8.828539429e+02;1.379135847e-01
8.830925903e+02;1.345694661e-01
8.833312988e+02;1.356930882e-01
8.835699463e+02;1.337401271e-01
8.838086548e+02;1.371645033e-01
8.840473633e+02;1.329375356e-01
8.842860718e+02;1.368969679e-01
8.845248413e+02;1.342484355e-01
8.847635498e+02;1.339541525e-01
8.850023193e+02;1.325897574e-01
8.852410889e+02;1.286838204e-01
8.854798584e+02;1.302890033e-01
8.857186279e+02;1.313056052e-01
8.859573975e+02;1.341414154e-01
8.861961670e+02;1.321884543e-01
8.864349976e+02;1.328572780e-01
8.866738281e+02;1.331248134e-01
8.869126587e+02;1.329107881e-01
8.871514893e+02;1.308508068e-01
8.873903198e+02;1.322152168e-01
8.876292114e+02;1.310380846e-01
8.878680420e+02;1.319476813e-01
8.881069336e+02;1.314126253e-01
8.883458252e+02;1.314393729e-01
8.885847168e+02;1.307705492e-01
8.888236084e+02;1.281487644e-01
8.890625000e+02;1.298074424e-01
8.893014526e+02;1.278277338e-01
8.895404053e+02;1.288443357e-01
8.897793579e+02;1.241358221e-01
8.900183105e+02;1.273461729e-01
8.902572632e+02;1.230122000e-01
8.904962158e+02;1.269716322e-01
8.907352295e+02;1.226376593e-01
8.909741821e+02;1.267308593e-01
8.912131958e+02;1.219688356e-01
8.914522095e+02;1.288978457e-01
8.916912231e+02;1.231994703e-01
8.919302368e+02;1.238415390e-01
8.921693115e+02;1.212465093e-01
8.924083862e+02;1.223701313e-01
8.926473999e+02;1.183839440e-01
8.928864746e+02;1.245906278e-01
8.931255493e+02;1.215140373e-01
8.933646851e+02;1.208987236e-01
8.936037598e+02;1.182501763e-01
8.938428955e+02;1.223968863e-01
8.940819702e+02;1.157621592e-01
8.943211060e+02;1.134881601e-01
8.945602417e+02;1.185444593e-01
8.947994385e+02;1.179559007e-01
8.950385742e+02;1.116422042e-01
8.952777100e+02;1.160029322e-01
8.955169067e+02;1.149328202e-01
8.957561035e+02;1.142372414e-01
8.959953003e+02;1.172335669e-01
8.962344971e+02;1.178488880e-01
8.964737549e+02;1.133276373e-01
8.967129517e+02;1.131403670e-01
8.969522095e+02;1.153341085e-01
8.971914673e+02;1.149863228e-01
8.974307251e+02;1.119364873e-01
8.976699829e+02;1.137289330e-01
8.979092407e+02;1.091274321e-01
8.981484985e+02;1.119364873e-01
8.983878174e+02;1.101975515e-01
8.986271362e+02;1.120702550e-01
8.988664551e+02;1.052750126e-01
8.991057739e+02;1.060508415e-01
8.993450928e+02;1.089134067e-01
8.995844727e+02;1.105988398e-01
8.998237915e+02;1.058635712e-01
9.000631714e+02;1.114014313e-01
9.003025513e+02;1.058368236e-01
9.005419312e+02;1.061043516e-01
9.007813110e+02;1.044991761e-01
9.010206909e+02;1.043119058e-01
9.012601318e+02;1.025462076e-01
9.014995728e+02;1.054355279e-01
9.017390137e+02;9.890781343e-02
9.019784546e+02;1.031615287e-01
9.022178955e+02;1.012353152e-01
9.024573364e+02;1.040978804e-01
9.026968384e+02;1.023856923e-01
9.029362793e+02;1.020646542e-01
9.031757812e+02;9.963013977e-02
9.034152832e+02;1.014225855e-01
9.036547852e+02;9.658030421e-02
9.038943481e+02;9.872054309e-02
9.041338501e+02;9.385150671e-02
9.043734131e+02;9.551019222e-02
9.046129150e+02;9.497512877e-02
9.048524780e+02;9.609875083e-02
9.050920410e+02;9.379800409e-02
9.053316650e+02;9.757016599e-02
9.055712280e+02;9.580447525e-02
9.058108521e+02;9.625927359e-02
9.060504150e+02;9.668731689e-02
9.062900391e+02;1.011283025e-01
9.065296631e+02;9.609875083e-02
9.067693481e+02;9.898807108e-02
9.070089722e+02;9.668731689e-02
9.072486572e+02;9.583122283e-02
9.074882812e+02;9.358397871e-02
9.077279663e+02;9.492162615e-02
9.079676514e+02;9.010609984e-02
9.082073364e+02;8.858118206e-02
9.084470825e+02;9.144374728e-02
9.086867676e+02;9.208581597e-02
9.089265137e+02;8.863468468e-02
9.091662598e+02;9.377124906e-02
9.094060059e+02;8.890221268e-02
9.096457520e+02;8.582562953e-02
9.098854980e+02;8.796586096e-02
9.101252441e+02;9.005258977e-02
9.103650513e+02;8.547784388e-02
9.106048584e+02;8.780534565e-02
9.108446655e+02;8.430071175e-02
9.110844727e+02;8.769833297e-02
9.113242798e+02;8.791235834e-02
9.115641479e+02;8.518356085e-02
9.118039551e+02;8.288280666e-02
9.120438232e+02;8.652120829e-02
9.122836914e+02;8.226748556e-02
9.125235596e+02;8.411344141e-02
9.127634277e+02;8.622692525e-02
9.130032959e+02;8.202671260e-02
9.132432251e+02;8.216048032e-02
9.134831543e+02;8.018076420e-02
9.137230225e+02;8.232099563e-02
9.139629517e+02;7.806728035e-02
9.142029419e+02;7.951194048e-02
9.144428711e+02;7.515121251e-02
9.146828003e+02;7.983297110e-02
9.149227905e+02;8.266878128e-02
9.151627808e+02;7.951194048e-02
9.154027710e+02;8.015400916e-02
9.156427612e+02;7.999348640e-02
9.158827515e+02;8.114386350e-02
9.161228027e+02;8.125087619e-02
9.163627930e+02;8.031452447e-02
9.166028442e+02;8.138464391e-02
9.168428955e+02;7.798702270e-02
9.170829468e+02;7.702391595e-02
9.173229980e+02;7.809403539e-02
9.175631104e+02;8.039478213e-02
9.178031616e+02;7.466965914e-02
9.180432739e+02;7.341226935e-02
9.182833862e+02;7.466965914e-02
9.185234985e+02;7.512445748e-02
9.187636108e+02;7.231540233e-02
9.190037231e+02;7.777299732e-02
9.192438965e+02;7.338551432e-02
9.194840698e+02;7.376005501e-02
9.197241821e+02;7.234214991e-02
9.199643555e+02;7.667613029e-02
9.202045898e+02;7.236890495e-02
9.204447632e+02;7.408109307e-02
9.206849365e+02;7.260967791e-02
9.209251709e+02;7.472316176e-02
9.211654053e+02;7.319824398e-02
9.214056396e+02;7.036243379e-02
9.216458740e+02;7.298422605e-02
9.218861084e+02;7.335876673e-02
9.221264038e+02;7.330525666e-02
9.223666382e+02;6.875725836e-02
9.226069336e+02;7.346577197e-02
9.228472290e+02;6.744636595e-02
9.230875244e+02;7.012166083e-02
9.233278198e+02;6.723234057e-02
9.235681763e+02;7.089749724e-02
9.238084717e+02;6.913179904e-02
9.240488281e+02;7.046944648e-02
9.242891846e+02;6.897128373e-02
9.245295410e+02;6.715208292e-02
9.247698975e+02;6.763363630e-02
9.250102539e+02;6.733935326e-02
9.252506714e+02;6.594820321e-02
9.254910278e+02;6.749986857e-02
9.257314453e+02;6.565392017e-02
9.259718628e+02;6.782090664e-02
9.262122803e+02;6.664377451e-02
9.264527588e+02;6.677754223e-02
9.266931763e+02;6.501185149e-02
9.269336548e+02;6.525262445e-02
9.271741333e+02;6.196201593e-02
9.274146118e+02;6.463731080e-02
9.276550903e+02;6.126644090e-02
9.278955688e+02;6.105241552e-02
9.281360474e+02;5.805608630e-02
9.283765869e+02;6.145371124e-02
9.286171265e+02;5.752103031e-02
9.288576660e+02;5.760128796e-02
9.290982056e+02;5.575533584e-02
9.293387451e+02;6.030333415e-02
9.295792847e+02;5.904594436e-02
9.298198853e+02;5.904594436e-02
9.300604248e+02;5.754778162e-02
9.303010254e+02;5.714648962e-02
9.305416260e+02;5.744076893e-02
9.307822266e+02;5.934022740e-02
9.310228882e+02;5.348133668e-02
9.312634888e+02;5.505976081e-02
9.315041504e+02;5.444444343e-02
9.317448120e+02;5.479222909e-02
9.319854736e+02;5.120733753e-02
9.322261353e+02;5.313354731e-02
9.324667969e+02;5.093980953e-02
9.327075195e+02;5.508651212e-02
9.329481812e+02;5.203667656e-02
9.331889038e+02;5.214368924e-02
9.334296265e+02;5.318705365e-02
9.336703491e+02;5.324056000e-02
9.339110718e+02;5.150162056e-02
9.341518555e+02;4.970917478e-02
9.343925781e+02;4.970917478e-02
9.346333618e+02;4.989644513e-02
9.348741455e+02;5.003020912e-02
9.351149292e+02;4.986969009e-02
9.353557129e+02;5.013722181e-02
9.355964966e+02;4.925437272e-02
9.358373413e+02;4.869256169e-02
9.360781250e+02;4.569623247e-02
9.363189697e+02;4.497390613e-02
9.365598145e+02;4.224510491e-02
9.368006592e+02;4.374327138e-02
9.370415649e+02;4.165654257e-02
9.372824097e+02;4.534844682e-02
9.375233154e+02;4.377002269e-02
9.377642212e+02;4.489364475e-02
9.380051270e+02;4.302094132e-02
9.382460327e+02;3.956981376e-02
9.384869385e+02;4.117498919e-02
9.387278442e+02;4.232536629e-02
9.389688110e+02;4.029214382e-02
9.392097778e+02;4.138901085e-02
9.394507446e+02;4.221835360e-02
9.396917114e+02;4.240562394e-02
9.399326782e+02;4.117498919e-02
9.401736450e+02;3.935578838e-02
9.404146729e+02;3.930228204e-02
9.406556396e+02;3.825891763e-02
9.408966675e+02;3.566388413e-02
9.411376953e+02;3.416572139e-02
9.413787842e+02;3.496830910e-02
9.416198120e+02;3.571739048e-02
9.418608398e+02;3.437974304e-02
9.421019287e+02;3.301534429e-02
9.423430176e+02;3.411221504e-02
9.425841064e+02;3.197197989e-02
9.428251953e+02;3.282807395e-02
9.430662842e+02;3.344339132e-02
9.433074341e+02;3.207899258e-02
9.435485229e+02;3.170445189e-02
9.437896729e+02;3.226626292e-02
9.440308228e+02;3.082160465e-02
9.442719727e+02;3.079485148e-02
9.445131226e+02;3.111588769e-02
9.447543335e+02;3.066108748e-02
9.449954834e+02;3.143692389e-02
9.452366943e+02;2.935019322e-02
9.454779053e+02;2.830682881e-02
9.457191162e+02;2.729021758e-02
9.459603271e+02;2.737047710e-02
9.462015381e+02;2.996551059e-02
9.464428101e+02;2.525699511e-02
9.466840820e+02;2.670165338e-02
9.469252930e+02;2.581880614e-02
9.471665649e+02;2.528374828e-02
9.474078979e+02;2.512323111e-02
9.476491699e+02;2.514998429e-02
9.478904419e+02;2.683541737e-02
9.481317749e+02;2.825332433e-02
9.483731079e+02;2.988525294e-02
9.486144409e+02;2.563153580e-02
9.488557739e+02;2.555127814e-02
9.490971069e+02;2.672840655e-02
9.493384399e+02;2.557803132e-02
9.495798340e+02;2.793228813e-02
9.498212280e+02;2.338428982e-02
9.500626221e+02;2.640737221e-02
9.503040161e+02;2.432064340e-02
9.505454102e+02;2.418687753e-02
9.507868042e+02;2.432064340e-02
9.510282593e+02;2.006692626e-02
9.512697144e+02;2.156509086e-02
9.515111084e+02;2.303650230e-02
9.517525635e+02;2.255494893e-02
9.519940796e+02;2.148483135e-02
9.522355347e+02;2.306325547e-02
9.524769897e+02;2.274221927e-02
9.527185059e+02;2.145808004e-02
9.529600220e+02;2.223391458e-02
9.532015381e+02;2.445440739e-02
9.534430542e+02;2.338428982e-02
9.536845703e+02;2.541751228e-02
9.539261475e+02;2.100327983e-02
9.541676636e+02;2.196638472e-02
9.544092407e+02;2.432064340e-02
9.546508179e+02;1.993316226e-02
9.548923950e+02;2.306325547e-02
9.551339722e+02;2.038796246e-02
9.553756104e+02;2.215365507e-02
9.556171875e+02;1.929109171e-02
9.558588257e+02;1.867577434e-02
9.561004639e+02;2.006692626e-02
9.563421021e+02;1.969238557e-02
9.565837402e+02;2.028094977e-02
9.568253784e+02;1.934459805e-02
9.570670776e+02;1.993316226e-02
9.573087158e+02;1.982615143e-02
9.575504150e+02;2.183262073e-02
9.577921143e+02;1.971913874e-02
9.580338135e+02;2.012043260e-02
9.582755737e+02;2.097652666e-02
9.585172729e+02;2.089626715e-02
9.587590332e+02;1.824772730e-02
9.590007324e+02;1.910382137e-02
9.592424927e+02;2.052172646e-02
9.594843140e+02;1.626801118e-02
9.597260742e+02;1.880953833e-02
9.599678345e+02;1.814071648e-02
9.602096558e+02;1.958537474e-02
9.604514160e+02;1.755215228e-02
9.606932373e+02;1.744513959e-02
9.609350586e+02;1.800695062e-02
9.611769409e+02;1.715085842e-02
9.614187622e+02;1.589347050e-02
9.616605835e+02;1.658904552e-02
9.619024658e+02;1.621450484e-02
9.621443481e+02;1.995991543e-02
9.623862305e+02;1.811396331e-02
9.626281128e+02;1.501062326e-02
9.628699951e+02;1.905031502e-02
9.631119385e+02;1.645528153e-02
9.633538818e+02;1.589347050e-02
9.635957642e+02;1.733812876e-02
9.638377075e+02;1.888979785e-02
9.640796509e+02;1.768591627e-02
9.643216553e+02;1.749864593e-02
9.645635986e+02;1.685657538e-02
9.648056030e+02;1.621450484e-02
9.650475464e+02;1.471634116e-02
9.652895508e+02;1.343220007e-02
9.655315552e+02;1.549217571e-02
9.657735596e+02;1.493036468e-02
9.660156250e+02;1.656229235e-02
9.662576294e+02;1.597372815e-02
9.664996948e+02;1.554568205e-02
9.667417603e+02;1.634826884e-02
9.669838257e+02;1.725786924e-02
9.672258911e+02;1.696358621e-02
9.674679565e+02;1.586671732e-02
9.677100830e+02;1.541191712e-02
9.679522095e+02;1.739163324e-02
9.681942749e+02;1.819422096e-02
9.684364014e+02;1.527815219e-02
9.686785278e+02;1.642852835e-02
9.689207153e+02;1.600048132e-02
9.691628418e+02;1.428829413e-02
9.694050293e+02;1.169325970e-02
9.696471558e+02;1.214805990e-02
9.698893433e+02;1.230857708e-02
9.701315308e+02;1.220156532e-02
9.703737793e+02;1.452907082e-02
9.706159668e+02;1.460932940e-02
9.708582153e+02;1.145248301e-02
9.711004028e+02;1.289714128e-02
9.713426514e+02;1.439530589e-02
9.715848999e+02;1.503737643e-02
9.718271484e+02;1.332518831e-02
9.720694580e+02;1.273662411e-02
9.723117065e+02;1.463608257e-02
9.725540161e+02;1.439530589e-02
9.727963257e+02;1.201429497e-02
9.730386353e+02;1.391375344e-02
9.732809448e+02;1.295064762e-02
9.735232544e+02;1.244234201e-02
9.737655640e+02;1.273662411e-02
9.740079346e+02;1.081041340e-02
9.742503052e+02;1.268311869e-02
9.744926758e+02;1.094417740e-02
9.747350464e+02;1.073015388e-02
9.749774170e+02;9.312248789e-03
9.752197876e+02;1.174676605e-02
9.754622192e+02;1.324492972e-02
9.757046509e+02;1.209455356e-02
9.759470825e+02;1.249584742e-02
9.761895142e+02;1.252260059e-02
9.764319458e+02;1.062314305e-02
9.766743774e+02;1.394050568e-02
9.769168701e+02;9.820554405e-03
9.771593018e+02;1.011483651e-02
9.774017944e+02;1.113144867e-02
9.776442871e+02;1.097093057e-02
9.778867798e+02;1.097093057e-02
9.781292725e+02;1.070340164e-02
9.783718262e+02;9.686790407e-03
9.786143799e+02;1.067664847e-02
9.788568726e+02;1.161300112e-02
9.790994263e+02;9.446013719e-03
9.793419800e+02;1.051613130e-02
9.795845947e+02;8.188625798e-03
9.798271484e+02;1.217481215e-02
9.800697021e+02;9.312248789e-03
9.803123169e+02;1.097093057e-02
9.805549316e+02;1.105118915e-02
9.807975464e+02;1.014158968e-02
9.810401611e+02;1.137222443e-02
9.812828369e+02;9.767048992e-03
9.815254517e+02;1.246909518e-02
9.817681274e+02;1.016834285e-02
9.820108032e+02;1.121170726e-02
9.822534790e+02;9.713542648e-03
9.824961548e+02;1.145248301e-02
9.827388306e+02;8.563167416e-03
9.829815674e+02;7.573308423e-03
9.832242432e+02;8.001355454e-03
9.834669800e+02;9.499519132e-03
9.837097168e+02;8.670179173e-03
9.839524536e+02;1.024860144e-02
9.841951904e+02;6.797473412e-03
9.844379883e+02;8.670179173e-03
9.846807251e+02;6.262415089e-03
9.849235229e+02;1.011483651e-02
9.851663208e+02;6.529944483e-03
9.854091187e+02;7.439543959e-03
9.856519165e+02;9.044719860e-03
9.858947144e+02;7.653567474e-03
9.861375732e+02;7.653567474e-03
9.863804321e+02;1.011483651e-02
9.866232300e+02;9.392508306e-03
9.868660889e+02;7.118508685e-03
9.871089478e+02;7.493049838e-03
9.873518677e+02;8.884201758e-03
9.875947266e+02;5.540085956e-03
9.878376465e+02;8.563167416e-03
9.880805664e+02;6.636956241e-03
9.883234863e+02;6.636956241e-03
9.885664062e+02;5.326062441e-03
9.888093262e+02;7.626814302e-03
9.890522461e+02;7.466296665e-03
9.892952271e+02;7.118508685e-03
9.895382080e+02;6.369426847e-03
9.897811279e+02;7.493049838e-03
9.900241699e+02;7.814085111e-03
9.902671509e+02;9.606530890e-03
9.905101318e+02;5.513332784e-03
9.907531738e+02;7.974602282e-03
9.909961548e+02;7.038250100e-03
9.912391968e+02;9.392508306e-03
9.914822388e+02;8.589919657e-03
9.917252808e+02;7.894343697e-03
9.919683838e+02;7.065002806e-03
9.922114258e+02;8.028108627e-03
9.924545288e+02;6.663708948e-03
9.926975708e+02;6.262415089e-03
9.929406738e+02;5.994885694e-03
9.931837769e+02;4.710745066e-03
9.934269409e+02;4.336203914e-03
9.936700439e+02;4.683992360e-03
9.939132080e+02;6.101897452e-03
9.941563110e+02;7.198767737e-03
9.943994751e+02;4.791003652e-03
9.946426392e+02;6.503191311e-03
9.948858643e+02;5.540085956e-03
9.951290283e+02;6.797473412e-03
9.953721924e+02;7.787331939e-03
9.956154175e+02;6.797473412e-03
9.958586426e+02;5.780862179e-03
9.961018677e+02;6.877732463e-03
9.963450928e+02;6.743967999e-03
9.965883179e+02;5.245803855e-03
9.968316040e+02;3.560369136e-03
9.970748291e+02;5.085286219e-03
9.973181152e+02;5.647097714e-03
9.975614014e+02;3.159075044e-03
9.978046875e+02;5.138792098e-03
9.980480347e+02;4.336203914e-03
9.982913208e+02;4.523474723e-03
9.985346680e+02;6.476438604e-03
9.987779541e+02;5.914627109e-03
9.990213013e+02;5.352815613e-03
9.992646484e+02;3.908157349e-03
9.995079956e+02;3.159075044e-03
9.997514038e+02;5.834368058e-03
9.999947510e+02;4.122180399e-03
1.000238159e+03;5.887873936e-03
1.000481567e+03;3.854651237e-03
1.000724976e+03;5.299309734e-03
1.000968384e+03;4.389709793e-03
1.001211792e+03;5.005027167e-03
1.001455261e+03;6.101897452e-03
1.001698669e+03;3.854651237e-03
1.001942139e+03;2.463499084e-03
1.002185608e+03;5.780862179e-03
1.002429077e+03;3.319592681e-03
1.002672546e+03;5.780862179e-03
1.002916077e+03;3.961663228e-03
1.003159546e+03;3.613875015e-03
1.003403076e+03;3.453357378e-03
1.003646606e+03;4.550227430e-03
1.003890137e+03;3.453357378e-03
1.004133667e+03;4.978274461e-03
1.004377258e+03;4.496721551e-03
1.004620789e+03;5.138792098e-03
1.004864380e+03;5.192297976e-03
1.005107971e+03;4.791003652e-03
1.005351562e+03;6.155403331e-03
1.005595154e+03;8.135120384e-03
1.005838745e+03;4.336203914e-03
1.006082336e+03;2.169216750e-03
1.006325989e+03;2.517004730e-03
1.006569641e+03;4.576980602e-03
1.006813293e+03;2.757781185e-03
1.007056946e+03;2.918298822e-03
1.007300598e+03;4.550227430e-03
1.007544312e+03;4.416462965e-03
1.007787964e+03;3.720886772e-03
1.008031677e+03;2.998557640e-03
1.008275391e+03;3.801145358e-03
1.008519104e+03;4.015169106e-03
1.008762817e+03;2.677522367e-03
1.009006531e+03;3.934910055e-03
1.009250305e+03;2.945051761e-03
1.009494019e+03;6.529944483e-03
1.009737793e+03;5.192297976e-03
1.009981567e+03;5.165544804e-03
1.010225342e+03;4.229192156e-03
1.010469177e+03;4.630486481e-03
1.010712952e+03;3.480110317e-03
1.010956787e+03;4.496721551e-03
1.011200623e+03;1.607405255e-03
1.011444397e+03;3.747639712e-03
1.011688293e+03;2.517004730e-03
1.011932129e+03;2.945051761e-03
1.012175964e+03;1.981946174e-03
1.012419861e+03;3.774392651e-03
1.012663696e+03;1.848181593e-03
1.012907593e+03;4.309451208e-03
1.013151489e+03;4.175686277e-03
1.013395447e+03;6.075144745e-03
1.013639343e+03;3.105569398e-03
1.013883240e+03;5.326062441e-03
1.014127197e+03;3.640627954e-03
1.014371155e+03;4.443215672e-03
1.014615112e+03;3.908157349e-03
1.014859070e+03;4.202439450e-03
1.015103027e+03;4.737498239e-03
1.015347046e+03;2.597263549e-03
1.015591003e+03;2.784534125e-03
1.015835022e+03;3.667380894e-03
1.016079041e+03;2.302981447e-03
1.016323059e+03;2.731028246e-03
1.016567078e+03;3.908157349e-03
1.016811157e+03;7.780643646e-04
1.017055176e+03;2.838040004e-03
1.017299255e+03;3.934910055e-03
1.017543335e+03;2.302981447e-03
1.017787415e+03;3.506863257e-03
1.018031494e+03;3.105569398e-03
1.018275574e+03;4.576980602e-03
1.018519714e+03;3.212580923e-03
1.018763855e+03;3.105569398e-03
1.019007935e+03;1.607405255e-03
1.019252075e+03;5.573527233e-05
1.019496216e+03;1.018840703e-03
1.019740417e+03;-8.806172991e-04
1.019984558e+03;1.714416896e-03
1.020228760e+03;1.634158194e-03
[EndOfFile]
