#Thorlabs FTS
[SpectrumHeader]
#Date,20251128
#Time,19412820
#GMTTime,22412820
#Instrument,0
#InstrModel,CCS200
#Series,0
#InterferometerSerial,M00311012
#Type,emission
#ChannelIndex,0
#XAxisUnit,nm_air
#YAxisUnit,intensity
#Average,1
#RollingAverage,0
#SpectrumSmooth,0
#SSmoothParam1,0
#SSmoothParam2,0
#SSmoothParam3,0
#SSmoothParam4,0
#IntegrationTime,3.000000
#TriggerMode,0
#AirMeasureOpt,0
#AirTemp,0.00
#AirPressure,0.00
#AirRelHum,0.00
#WnrMin,9799.037109
#WnrMax,50982.906250
#Length,3648
#Resolution,0.0000000000e+00
#ADC,0
#InstrStatus,0
#RefLaserLocked,0
#ChannelIndex,0
#AttenuationFilter,0
#Stitched,0
#ExcitationWavelength_nm,0
#SoftwareVersion,3.310000
#FirmwareVersion,
#Motor_FirmwareVersion,
#ReconstructionAlgorithms_SoftwareVersion,
#Sensor_FirmwareVersion,
#InstrSeriesIdentifier,MUN_CCS_SERIES
#RefGainIndex,0
#RefSignalInPerecent,0.0
#BBRefGainIndex,0
#BBRefSignalInPerecent,0.0
#AutogainStatus,0
#Name,
#Comment,""
#ExtComment,""
#Source,
[Data]
1.960870056e+02,2.584256232e-03
1.962940979e+02,-1.459502149e-03
1.965012054e+02,3.883079044e-04
1.967083282e+02,-2.236118075e-03
1.969154510e+02,-7.364460616e-04
1.971225891e+02,-2.932394156e-03
1.973297424e+02,1.205093504e-04
1.975368958e+02,-4.418676253e-04
1.977440643e+02,1.807640307e-03
1.979512482e+02,-1.138143940e-03
1.981584320e+02,4.954273463e-04
1.983656311e+02,-1.459502149e-03
1.985728455e+02,-8.971251664e-04
1.987800751e+02,1.995099243e-03
1.989873047e+02,1.673741033e-03
1.991945496e+02,1.472892036e-04
1.994018097e+02,2.075438853e-03
1.996090698e+02,2.718155505e-03
1.998163452e+02,1.084584161e-03
2.000236359e+02,3.467991482e-03
2.002309418e+02,1.432722318e-03
2.004382477e+02,7.096661720e-04
2.006455688e+02,2.959174104e-03
2.008528900e+02,2.852054778e-03
2.010602417e+02,2.276287705e-04
2.012675934e+02,-3.079683520e-04
2.014749451e+02,-9.506848874e-04
2.016823273e+02,-1.539841760e-03
2.018897095e+02,-1.740690641e-04
2.020971069e+02,-2.544086310e-04
2.023045044e+02,-8.703453350e-04
2.025119171e+02,-1.620181254e-03
2.027193451e+02,-9.372949717e-05
2.029267883e+02,-1.272043213e-03
2.031342316e+02,1.968319528e-03
2.033416901e+02,1.004244550e-03
2.035491638e+02,1.807640307e-03
2.037566376e+02,-5.489870673e-04
2.039641418e+02,8.971251664e-04
2.041716309e+02,2.209338127e-03
2.043791504e+02,2.771715168e-03
2.045866699e+02,2.316457452e-03
2.047942047e+02,3.066293430e-03
2.050017548e+02,3.280532314e-03
2.052093048e+02,1.379162539e-03
2.054168701e+02,-2.811884915e-04
2.056244507e+02,-6.828863407e-04
2.058320312e+02,-2.236118075e-03
2.060396423e+02,-1.861199969e-03
2.062472534e+02,-2.811884915e-04
2.064548645e+02,6.561064511e-04
2.066624908e+02,-9.372949717e-05
2.068701324e+02,1.405942487e-03
2.070777893e+02,-1.513061929e-03
2.072854462e+02,-1.245263265e-03
2.074931335e+02,-1.727300696e-03
2.077008057e+02,1.205093504e-04
2.079085083e+02,1.338992843e-05
2.081162109e+02,2.396797063e-03
2.083239288e+02,1.205093504e-04
2.085316467e+02,2.021879191e-03
2.087393951e+02,8.703453350e-04
2.089471436e+02,2.075438853e-03
2.091548920e+02,2.276287705e-04
2.093626709e+02,2.503916621e-03
2.095704498e+02,3.883079044e-04
2.097782440e+02,3.883079044e-04
2.099860382e+02,6.828863407e-04
2.101938629e+02,-6.694964395e-05
2.104016724e+02,-1.861199969e-03
2.106095123e+02,6.694964395e-05
2.108173523e+02,4.954273463e-04
2.110252075e+02,6.694964395e-05
2.112330780e+02,-9.372949717e-05
2.114409637e+02,-1.164923771e-03
2.116488495e+02,-8.971251664e-04
2.118567505e+02,1.057804329e-03
2.120646515e+02,-5.222071777e-04
2.122725677e+02,2.289677737e-03
2.124804993e+02,1.138143940e-03
2.126884460e+02,1.084584161e-03
2.128963928e+02,9.372949717e-05
2.131043549e+02,1.459502149e-03
2.133123322e+02,2.477136673e-03
2.135203094e+02,2.343237400e-03
2.137283173e+02,3.842909355e-03
2.139363098e+02,6.025467883e-04
2.141443329e+02,2.450356726e-03
2.143523560e+02,-2.544086310e-04
2.145603943e+02,-4.016978346e-05
2.147684479e+02,8.971251664e-04
2.149765015e+02,-1.164923771e-03
2.151845703e+02,-2.276287705e-04
2.153926544e+02,-1.004244550e-03
2.156007538e+02,7.364460616e-04
2.158088531e+02,-1.807640307e-03
2.160169678e+02,8.971251664e-04
2.162250824e+02,1.566621591e-03
2.164332123e+02,1.218483434e-03
2.166413574e+02,-9.239050560e-04
2.168495178e+02,-3.883079044e-04
2.170576782e+02,1.700520865e-03
2.172658691e+02,2.370017348e-03
2.174740448e+02,4.150877648e-04
2.176822510e+02,1.486281981e-03
2.178904572e+02,1.861199969e-03
2.180986786e+02,2.530696336e-03
2.183069000e+02,4.016978346e-05
2.185151520e+02,1.620181254e-03
2.187234039e+02,2.544086310e-04
2.189316559e+02,-1.218483434e-03
2.191399384e+02,2.544086310e-04
2.193482208e+02,-5.222071777e-04
2.195565186e+02,-2.584256232e-03
2.197648163e+02,2.811884915e-04
2.199731293e+02,8.703453350e-04
2.201814575e+02,2.544086310e-04
2.203898010e+02,-5.222071777e-04
2.205981445e+02,6.561064511e-04
2.208065033e+02,-1.338992843e-05
2.210148773e+02,4.016978346e-05
2.212232513e+02,7.632258930e-04
2.214316406e+02,1.459502149e-03
2.216400452e+02,3.883079044e-04
2.218484650e+02,2.236118075e-03
2.220568848e+02,2.008489246e-04
2.222653198e+02,3.414431587e-03
2.224737549e+02,4.954273463e-04
2.226822205e+02,3.347482125e-04
2.228906860e+02,8.435654454e-04
2.230991516e+02,2.544086310e-04
2.233076477e+02,7.364460616e-04
2.235161438e+02,-3.883079044e-04
2.237246552e+02,5.489870673e-04
2.239331665e+02,-7.096661720e-04
2.241416931e+02,-1.887979917e-03
2.243502350e+02,-4.686474858e-04
2.245587921e+02,2.544086310e-04
2.247673492e+02,-3.079683520e-04
2.249759216e+02,5.489870673e-04
2.251845093e+02,1.539841760e-03
2.253930969e+02,-3.615280730e-04
2.256017151e+02,1.754080527e-03
2.258103180e+02,1.995099243e-03
2.260189514e+02,1.646961202e-03
2.262275848e+02,1.620181254e-03
2.264362335e+02,1.995099243e-03
2.266448975e+02,2.544086310e-04
2.268535614e+02,1.754080527e-03
2.270622406e+02,-4.686474858e-04
2.272709351e+02,-4.954273463e-04
2.274796295e+02,7.096661720e-04
2.276883392e+02,1.646961202e-03
2.278970642e+02,-1.164923771e-03
2.281058044e+02,-1.352382707e-03
2.283145447e+02,-5.757668987e-04
2.285233002e+02,1.057804329e-03
2.287320557e+02,-2.008489246e-04
2.289408417e+02,-1.004244550e-03
2.291496277e+02,-8.971251664e-04
2.293584137e+02,1.754080527e-03
2.295672302e+02,-1.084584161e-03
2.297760468e+02,2.477136673e-03
2.299848785e+02,-7.632258930e-04
2.301937103e+02,1.914759749e-03
2.304025726e+02,4.954273463e-04
2.306114197e+02,1.272043213e-03
2.308202972e+02,1.111363992e-03
2.310291748e+02,-1.205093504e-04
2.312380676e+02,7.096661720e-04
2.314469757e+02,-6.025467883e-04
2.316558990e+02,-9.239050560e-04
2.318648224e+02,-5.489870673e-04
2.320737610e+02,-2.209338127e-03
2.322826996e+02,6.694964395e-05
2.324916534e+02,9.239050560e-04
2.327006226e+02,-6.694964395e-05
2.329096069e+02,5.757668987e-04
2.331185913e+02,3.883079044e-04
2.333275909e+02,-9.372949717e-05
2.335366058e+02,1.031024498e-03
2.337456207e+02,-2.008489246e-04
2.339546661e+02,-2.008489246e-04
2.341636963e+02,1.164923771e-03
2.343727570e+02,3.334092209e-03
2.345818176e+02,6.025467883e-04
2.347908936e+02,3.119853325e-03
2.349999847e+02,2.102218801e-03
2.352090759e+02,2.450356726e-03
2.354181824e+02,-1.205093504e-04
2.356273041e+02,2.544086310e-04
2.358364258e+02,-1.459502149e-03
2.360455627e+02,-3.079683520e-04
2.362547150e+02,-9.239050560e-04
2.364638824e+02,4.150877648e-04
2.366730499e+02,-1.298823045e-03
2.368822327e+02,-2.155778464e-03
2.370914154e+02,-2.008489246e-04
2.373006287e+02,6.828863407e-04
2.375098419e+02,-2.008489246e-04
2.377190552e+02,1.338992843e-05
2.379282990e+02,9.372949717e-05
2.381375427e+02,3.923248965e-03
2.383468018e+02,8.167856140e-04
2.385560608e+02,1.245263265e-03
2.387653503e+02,1.084584161e-03
2.389746246e+02,1.995099243e-03
2.391839294e+02,2.503916621e-03
2.393932343e+02,1.486281981e-03
2.396025543e+02,1.914759749e-03
2.398118896e+02,2.276287705e-04
2.400212402e+02,1.620181254e-03
2.402305908e+02,-8.435654454e-04
2.404399414e+02,-2.008489246e-04
2.406493225e+02,-3.347482125e-04
2.408587036e+02,6.293266197e-04
2.410681000e+02,-2.008489246e-04
2.412775116e+02,-9.372949717e-05
2.414869232e+02,-5.222071777e-04
2.416963501e+02,-1.472892036e-04
2.419057922e+02,1.740690641e-04
2.421152344e+02,-2.811884915e-04
2.423246918e+02,1.459502149e-03
2.425341644e+02,2.985954052e-03
2.427436371e+02,1.513061929e-03
2.429531403e+02,1.620181254e-03
2.431626434e+02,2.798494883e-03
2.433721466e+02,1.513061929e-03
2.435816650e+02,1.968319528e-03
2.437911987e+02,3.883079044e-04
2.440007477e+02,1.057804329e-03
2.442103119e+02,3.615280730e-04
2.444198761e+02,-1.914759749e-03
2.446294403e+02,-2.075438853e-03
2.448390350e+02,-5.757668987e-04
2.450486298e+02,-1.164923771e-03
2.452582397e+02,8.703453350e-04
2.454678650e+02,-5.489870673e-04
2.456774902e+02,-1.379162539e-03
2.458871307e+02,-1.004244550e-03
2.460967865e+02,6.694964395e-05
2.463064423e+02,7.900057826e-04
2.465161133e+02,2.008489246e-04
2.467257996e+02,2.008489246e-04
2.469354858e+02,2.236118075e-03
2.471451874e+02,-4.954273463e-04
2.473549042e+02,2.557476284e-03
2.475646362e+02,2.021879191e-03
2.477743683e+02,2.932394156e-03
2.479841156e+02,2.718155505e-03
2.481938782e+02,1.513061929e-03
2.484036407e+02,-1.700520865e-03
2.486134186e+02,-4.016978346e-05
2.488232117e+02,-1.004244550e-03
2.490330048e+02,5.489870673e-04
2.492428284e+02,-6.561064511e-04
2.494526367e+02,1.405942487e-03
2.496624756e+02,6.828863407e-04
2.498723145e+02,1.472892036e-04
2.500821686e+02,1.164923771e-03
2.502920380e+02,5.757668987e-04
2.505019073e+02,7.900057826e-04
2.507117920e+02,1.968319528e-03
2.509216919e+02,1.298823045e-03
2.511315918e+02,1.486281981e-03
2.513415222e+02,3.494771197e-03
2.515514374e+02,4.686474858e-04
2.517613831e+02,8.971251664e-04
2.519713287e+02,1.566621591e-03
2.521812897e+02,4.418676253e-04
2.523912659e+02,6.561064511e-04
2.526012421e+02,3.615280730e-04
2.528112335e+02,2.276287705e-04
2.530212402e+02,-1.084584161e-03
2.532312469e+02,-1.164923771e-03
2.534412689e+02,-2.450356726e-03
2.536513062e+02,-8.703453350e-04
2.538613586e+02,-7.096661720e-04
2.540714111e+02,2.008489246e-04
2.542814789e+02,-3.883079044e-04
2.544915466e+02,1.218483434e-03
2.547016449e+02,2.021879191e-03
2.549117432e+02,2.209338127e-03
2.551218567e+02,1.298823045e-03
2.553319702e+02,1.646961202e-03
2.555420990e+02,5.489870673e-04
2.557522430e+02,3.548330860e-03
2.559623871e+02,-2.276287705e-04
2.561725464e+02,1.968319528e-03
2.563827209e+02,1.887979917e-03
2.565928955e+02,2.503916621e-03
2.568031006e+02,-1.205093504e-04
2.570133057e+02,1.325602876e-03
2.572235107e+02,-1.111363992e-03
2.574337463e+02,-6.561064511e-04
2.576439819e+02,-2.236118075e-03
2.578542480e+02,3.079683520e-04
2.580644836e+02,-4.418676253e-04
2.582747498e+02,1.084584161e-03
2.584850464e+02,-8.971251664e-04
2.586953430e+02,-2.276287705e-04
2.589056396e+02,1.218483434e-03
2.591159363e+02,5.757668987e-04
2.593262634e+02,1.057804329e-03
2.595365906e+02,1.272043213e-03
2.597469482e+02,4.016978346e-05
2.599573059e+02,3.146633040e-03
2.601676636e+02,9.372949717e-05
2.603780212e+02,1.941539580e-03
2.605884094e+02,1.138143940e-03
2.607988281e+02,3.762569744e-03
2.610092163e+02,-1.700520865e-03
2.612196350e+02,5.757668987e-04
2.614300842e+02,-2.048658906e-03
2.616405029e+02,3.347482125e-04
2.618509521e+02,-1.472892036e-04
2.620614319e+02,8.167856140e-04
2.622718811e+02,-8.167856140e-04
2.624823608e+02,-1.004244550e-03
2.626928711e+02,1.566621591e-03
2.629033508e+02,1.205093504e-04
2.631138916e+02,3.347482125e-04
2.633244019e+02,-4.418676253e-04
2.635349426e+02,1.620181254e-03
2.637454834e+02,2.477136673e-03
2.639560242e+02,7.900057826e-04
2.641665955e+02,3.280532314e-03
2.643771973e+02,1.459502149e-03
2.645877686e+02,2.557476284e-03
2.647983704e+02,3.883079044e-04
2.650089722e+02,1.807640307e-03
2.652196045e+02,-2.276287705e-04
2.654302368e+02,-2.544086310e-04
2.656408691e+02,-1.968319528e-03
2.658515320e+02,-2.544086310e-04
2.660621948e+02,-2.021879191e-03
2.662728577e+02,1.338992843e-05
2.664835510e+02,-1.432722318e-03
2.666942444e+02,-2.008489246e-04
2.669049377e+02,-5.489870673e-04
2.671156616e+02,1.205093504e-04
2.673263855e+02,2.932394156e-03
2.675371094e+02,6.828863407e-04
2.677478638e+02,1.754080527e-03
2.679586182e+02,3.682230134e-03
2.681694031e+02,2.477136673e-03
2.683801575e+02,2.985954052e-03
2.685909729e+02,1.138143940e-03
2.688017578e+02,1.031024498e-03
2.690125732e+02,-2.370017348e-03
2.692233887e+02,7.364460616e-04
2.694342346e+02,-2.155778464e-03
2.696450806e+02,-6.694964395e-05
2.698559265e+02,6.694964395e-05
2.700667725e+02,-1.004244550e-03
2.702776489e+02,-1.807640307e-03
2.704885559e+02,-1.164923771e-03
2.706994324e+02,-7.364460616e-04
2.709103394e+02,6.561064511e-04
2.711212769e+02,4.016978346e-05
2.713321838e+02,1.245263265e-03
2.715431213e+02,-9.506848874e-04
2.717540894e+02,1.459502149e-03
2.719650269e+02,8.971251664e-04
2.721760254e+02,2.584256232e-03
2.723869934e+02,9.239050560e-04
2.725979919e+02,3.655450419e-03
2.728089905e+02,2.021879191e-03
2.730199890e+02,4.016978346e-05
2.732310181e+02,4.954273463e-04
2.734420471e+02,-4.418676253e-04
2.736531067e+02,-4.150877648e-04
2.738641663e+02,1.004244550e-03
2.740752258e+02,-2.343237400e-03
2.742862854e+02,-4.016978346e-05
2.744973755e+02,-3.615280730e-04
2.747084961e+02,-9.372949717e-05
2.749195862e+02,-2.811884915e-04
2.751307068e+02,1.138143940e-03
2.753418274e+02,-8.167856140e-04
2.755529785e+02,3.012733767e-03
2.757641296e+02,1.472892036e-04
2.759752808e+02,1.272043213e-03
2.761864624e+02,2.209338127e-03
2.763976440e+02,4.351726733e-03
2.766088562e+02,1.218483434e-03
2.768200378e+02,1.887979917e-03
2.770312500e+02,1.272043213e-03
2.772424927e+02,-6.561064511e-04
2.774537354e+02,-9.506848874e-04
2.776649780e+02,1.887979917e-03
2.778762207e+02,-8.435654454e-04
2.780874939e+02,5.757668987e-04
2.782987671e+02,-8.971251664e-04
2.785100708e+02,-6.293266197e-04
2.787213745e+02,1.338992843e-05
2.789326782e+02,1.754080527e-03
2.791439819e+02,2.811884915e-04
2.793553162e+02,-4.418676253e-04
2.795666504e+02,1.566621591e-03
2.797780151e+02,1.004244550e-03
2.799893799e+02,1.338992843e-05
2.802007446e+02,1.379162539e-03
2.804121399e+02,1.138143940e-03
2.806235352e+02,1.513061929e-03
2.808349304e+02,2.423577011e-03
2.810463562e+02,2.075438853e-03
2.812577820e+02,1.031024498e-03
2.814692078e+02,1.325602876e-03
2.816806641e+02,-6.293266197e-04
2.818921204e+02,8.703453350e-04
2.821036072e+02,-8.971251664e-04
2.823150635e+02,-6.694964395e-05
2.825265808e+02,-1.432722318e-03
2.827380676e+02,-2.691375557e-03
2.829495850e+02,-1.834420138e-03
2.831611023e+02,1.191703603e-03
2.833726501e+02,-8.971251664e-04
2.835841675e+02,-7.632258930e-04
2.837957458e+02,2.102218801e-03
2.840072937e+02,3.615280730e-04
2.842188721e+02,1.298823045e-03
2.844304504e+02,1.031024498e-03
2.846420593e+02,2.128998516e-03
2.848536682e+02,3.976808861e-03
2.850652771e+02,1.164923771e-03
2.852769165e+02,3.347482125e-04
2.854885559e+02,1.325602876e-03
2.857001953e+02,1.405942487e-03
2.859118652e+02,-1.352382707e-03
2.861235352e+02,7.900057826e-04
2.863352051e+02,-1.646961202e-03
2.865469055e+02,1.620181254e-03
2.867586060e+02,2.811884915e-04
2.869703064e+02,1.164923771e-03
2.871820374e+02,1.646961202e-03
2.873937683e+02,8.703453350e-04
2.876055298e+02,2.811884915e-04
2.878172913e+02,2.276287705e-04
2.880290527e+02,1.205093504e-04
2.882408142e+02,1.164923771e-03
2.884526062e+02,1.727300696e-03
2.886643982e+02,3.360871924e-03
2.888762207e+02,1.995099243e-03
2.890880432e+02,1.539841760e-03
2.892998657e+02,1.995099243e-03
2.895116882e+02,2.102218801e-03
2.897235413e+02,5.222071777e-04
2.899354248e+02,3.347482125e-04
2.901472778e+02,-1.004244550e-03
2.903591614e+02,8.703453350e-04
2.905710754e+02,-1.325602876e-03
2.907829590e+02,1.459502149e-03
2.909948730e+02,-2.611035947e-03
2.912068176e+02,-5.222071777e-04
2.914187317e+02,-1.379162539e-03
2.916306763e+02,-8.971251664e-04
2.918426514e+02,-9.372949717e-05
2.920546265e+02,2.048658906e-03
2.922666016e+02,1.352382707e-03
2.924785767e+02,2.878834493e-03
2.926905823e+02,2.262897789e-03
2.929025879e+02,1.004244550e-03
2.931146240e+02,1.031024498e-03
2.933266296e+02,3.762569744e-03
2.935386963e+02,3.079683520e-04
2.937507324e+02,1.566621591e-03
2.939627991e+02,2.798494883e-03
2.941748657e+02,-8.435654454e-04
2.943869629e+02,6.694964395e-05
2.945990601e+02,8.167856140e-04
2.948111572e+02,-1.780860475e-03
2.950232849e+02,-1.057804329e-03
2.952354126e+02,-7.096661720e-04
2.954475403e+02,-3.883079044e-04
2.956596680e+02,-1.432722318e-03
2.958718262e+02,8.167856140e-04
2.960840149e+02,2.811884915e-04
2.962962036e+02,1.191703603e-03
2.965083923e+02,5.489870673e-04
2.967205811e+02,3.869689303e-03
2.969328003e+02,2.316457452e-03
2.971450195e+02,2.905614441e-03
2.973572388e+02,1.338992843e-05
2.975694885e+02,3.146633040e-03
2.977817383e+02,8.971251664e-04
2.979940186e+02,8.435654454e-04
2.982062683e+02,-3.079683520e-04
2.984185791e+02,1.513061929e-03
2.986308594e+02,-8.703453350e-04
2.988431702e+02,-1.432722318e-03
2.990554810e+02,-5.757668987e-04
2.992678223e+02,8.971251664e-04
2.994801636e+02,3.883079044e-04
2.996925049e+02,1.191703603e-03
2.999048462e+02,1.740690641e-04
3.001172180e+02,1.084584161e-03
3.003296204e+02,4.686474858e-04
3.005419922e+02,1.245263265e-03
3.007543945e+02,2.423577011e-03
3.009668274e+02,2.236118075e-03
3.011792297e+02,1.941539580e-03
3.013916626e+02,3.923248965e-03
3.016041260e+02,-1.205093504e-04
3.018165588e+02,1.780860475e-03
3.020290222e+02,2.584256232e-03
3.022415161e+02,1.272043213e-03
3.024539795e+02,-9.372949717e-05
3.026665039e+02,-3.079683520e-04
3.028789978e+02,-8.971251664e-04
3.030915222e+02,-2.276287705e-04
3.033040466e+02,-1.004244550e-03
3.035165710e+02,-6.694964395e-05
3.037291260e+02,-2.008489246e-04
3.039416809e+02,3.347482125e-04
3.041542664e+02,-6.828863407e-04
3.043668518e+02,1.486281981e-03
3.045794373e+02,-1.472892036e-04
3.047920532e+02,1.138143940e-03
3.050046387e+02,2.811884915e-04
3.052172852e+02,5.489870673e-04
3.054299011e+02,1.887979917e-03
3.056425476e+02,2.905614441e-03
3.058552246e+02,6.025467883e-04
3.060678711e+02,2.102218801e-03
3.062805481e+02,4.150877648e-04
3.064932556e+02,1.031024498e-03
3.067059326e+02,1.004244550e-03
3.069186401e+02,1.218483434e-03
3.071313782e+02,-1.272043213e-03
3.073440857e+02,1.405942487e-03
3.075568237e+02,-1.754080527e-03
3.077695923e+02,-5.489870673e-04
3.079823608e+02,-1.245263265e-03
3.081951294e+02,-1.754080527e-03
3.084078979e+02,-6.828863407e-04
3.086206970e+02,2.021879191e-03
3.088334961e+02,-1.111363992e-03
3.090463257e+02,8.971251664e-04
3.092591248e+02,-7.632258930e-04
3.094719849e+02,2.557476284e-03
3.096848145e+02,2.155778464e-03
3.098976746e+02,3.146633040e-03
3.101105347e+02,8.435654454e-04
3.103234253e+02,3.601890756e-03
3.105363159e+02,1.084584161e-03
3.107492065e+02,-2.811884915e-04
3.109621277e+02,-4.954273463e-04
3.111750183e+02,-4.418676253e-04
3.113879700e+02,-1.004244550e-03
3.116008911e+02,1.740690641e-04
3.118138428e+02,-7.364460616e-04
3.120268250e+02,-8.167856140e-04
3.122397766e+02,-5.222071777e-04
3.124527588e+02,1.432722318e-03
3.126657715e+02,-1.700520865e-03
3.128787842e+02,-2.811884915e-04
3.130917969e+02,2.557476284e-03
3.133048096e+02,3.012733767e-03
3.135178528e+02,9.506848874e-04
3.137308960e+02,2.852054778e-03
3.139439392e+02,2.236118075e-03
3.141570129e+02,1.995099243e-03
3.143700867e+02,2.276287705e-04
3.145831909e+02,2.932394156e-03
3.147962952e+02,-1.338992843e-05
3.150093994e+02,1.205093504e-04
3.152225037e+02,-1.164923771e-03
3.154356384e+02,2.102218801e-03
3.156487732e+02,-3.012733767e-03
3.158619385e+02,2.276287705e-04
3.160751038e+02,-1.727300696e-03
3.162882690e+02,-9.239050560e-04
3.165014648e+02,-5.222071777e-04
3.167146606e+02,-3.615280730e-04
3.169278564e+02,-1.432722318e-03
3.171410828e+02,1.513061929e-03
3.173543091e+02,1.995099243e-03
3.175675354e+02,1.995099243e-03
3.177807922e+02,1.566621591e-03
3.179940491e+02,2.811884915e-04
3.182073059e+02,1.646961202e-03
3.184205933e+02,3.173412988e-03
3.186338806e+02,1.031024498e-03
3.188471680e+02,-1.740690641e-04
3.190604858e+02,-2.008489246e-04
3.192738037e+02,2.276287705e-04
3.194871521e+02,1.205093504e-04
3.197004700e+02,-3.615280730e-04
3.199138184e+02,-7.364460616e-04
3.201271973e+02,1.379162539e-03
3.203405762e+02,1.111363992e-03
3.205539551e+02,-2.276287705e-04
3.207673340e+02,-1.740690641e-04
3.209807434e+02,-1.379162539e-03
3.211941833e+02,-9.372949717e-05
3.214075928e+02,3.079683520e-04
3.216210327e+02,1.673741033e-03
3.218344727e+02,1.941539580e-03
3.220479431e+02,-7.364460616e-04
3.222614136e+02,2.718155505e-03
3.224748840e+02,1.941539580e-03
3.226883850e+02,3.548330860e-03
3.229018860e+02,1.914759749e-03
3.231153870e+02,3.066293430e-03
3.233289185e+02,-8.971251664e-04
3.235424500e+02,3.883079044e-04
3.237559814e+02,-2.102218801e-03
3.239695435e+02,7.096661720e-04
3.241831055e+02,-4.686474858e-04
3.243966675e+02,4.954273463e-04
3.246102600e+02,-1.164923771e-03
3.248238525e+02,8.167856140e-04
3.250374451e+02,6.561064511e-04
3.252510681e+02,6.694964395e-05
3.254646912e+02,-1.111363992e-03
3.256783447e+02,2.316457452e-03
3.258919983e+02,1.245263265e-03
3.261056519e+02,2.102218801e-03
3.263193054e+02,2.276287705e-04
3.265329895e+02,1.673741033e-03
3.267466736e+02,2.423577011e-03
3.269603882e+02,2.075438853e-03
3.271741028e+02,5.222071777e-04
3.273878174e+02,7.900057826e-04
3.276015625e+02,-9.372949717e-05
3.278152771e+02,8.435654454e-04
3.280290527e+02,3.883079044e-04
3.282427979e+02,8.971251664e-04
3.284565735e+02,-1.004244550e-03
3.286703796e+02,7.632258930e-04
3.288841553e+02,6.025467883e-04
3.290979614e+02,1.472892036e-04
3.293117981e+02,-1.566621591e-03
3.295256042e+02,7.900057826e-04
3.297394409e+02,1.754080527e-03
3.299533081e+02,1.700520865e-03
3.301671448e+02,-6.293266197e-04
3.303810425e+02,2.182558179e-03
3.305949097e+02,1.004244550e-03
3.308088074e+02,2.718155505e-03
3.310227051e+02,1.539841760e-03
3.312366028e+02,3.441211535e-03
3.314505310e+02,9.239050560e-04
3.316644592e+02,1.459502149e-03
3.318784180e+02,1.513061929e-03
3.320923767e+02,8.435654454e-04
3.323063354e+02,-1.593401423e-03
3.325202942e+02,1.352382707e-03
3.327342834e+02,5.222071777e-04
3.329482727e+02,8.971251664e-04
3.331622925e+02,-5.222071777e-04
3.333763123e+02,6.025467883e-04
3.335903320e+02,-7.900057826e-04
3.338043823e+02,1.405942487e-03
3.340184326e+02,5.489870673e-04
3.342324829e+02,1.218483434e-03
3.344465332e+02,1.593401423e-03
3.346606140e+02,3.146633040e-03
3.348747253e+02,-5.757668987e-04
3.350888062e+02,3.173412988e-03
3.353029175e+02,2.155778464e-03
3.355170593e+02,2.048658906e-03
3.357311707e+02,2.316457452e-03
3.359453125e+02,8.971251664e-04
3.361594849e+02,5.489870673e-04
3.363736572e+02,-2.209338127e-03
3.365878296e+02,-1.272043213e-03
3.368020020e+02,9.774647187e-04
3.370162048e+02,-1.807640307e-03
3.372304077e+02,9.506848874e-04
3.374446106e+02,-2.637815895e-03
3.376588440e+02,4.150877648e-04
3.378730774e+02,-7.632258930e-04
3.380873413e+02,1.754080527e-03
3.383016052e+02,-2.811884915e-04
3.385158691e+02,1.486281981e-03
3.387301331e+02,-3.079683520e-04
3.389444275e+02,4.351726733e-03
3.391587524e+02,2.316457452e-03
3.393730469e+02,1.325602876e-03
3.395873718e+02,-3.883079044e-04
3.398016968e+02,1.861199969e-03
3.400160522e+02,2.423577011e-03
3.402304077e+02,-4.016978346e-05
3.404447632e+02,7.900057826e-04
3.406591492e+02,-5.489870673e-04
3.408735352e+02,3.347482125e-04
3.410879211e+02,-1.486281981e-03
3.413023376e+02,-1.031024498e-03
3.415167542e+02,1.338992843e-05
3.417311707e+02,5.489870673e-04
3.419456177e+02,2.637815895e-03
3.421600647e+02,1.646961202e-03
3.423745117e+02,-4.150877648e-04
3.425889893e+02,1.513061929e-03
3.428034668e+02,2.075438853e-03
3.430179443e+02,1.325602876e-03
3.432324524e+02,1.486281981e-03
3.434469604e+02,2.182558179e-03
3.436614990e+02,2.637815895e-03
3.438760376e+02,5.489870673e-04
3.440905762e+02,3.548330860e-03
3.443051147e+02,-4.016978346e-05
3.445196838e+02,3.347482125e-04
3.447342529e+02,-9.239050560e-04
3.449488525e+02,8.971251664e-04
3.451634521e+02,-1.486281981e-03
3.453780518e+02,7.364460616e-04
3.455926514e+02,-6.694964395e-05
3.458072815e+02,1.338992843e-05
3.460219116e+02,4.954273463e-04
3.462365723e+02,1.700520865e-03
3.464512329e+02,2.075438853e-03
3.466658936e+02,1.325602876e-03
3.468805847e+02,4.686474858e-04
3.470952759e+02,2.128998516e-03
3.473099670e+02,9.239050560e-04
3.475246887e+02,1.754080527e-03
3.477394104e+02,1.673741033e-03
3.479541321e+02,3.280532314e-03
3.481688843e+02,1.834420138e-03
3.483836365e+02,7.364460616e-04
3.485983887e+02,1.673741033e-03
3.488131714e+02,1.432722318e-03
3.490279541e+02,-8.435654454e-04
3.492427673e+02,9.239050560e-04
3.494575500e+02,-1.968319528e-03
3.496723633e+02,1.191703603e-03
3.498872070e+02,1.646961202e-03
3.501020508e+02,-1.084584161e-03
3.503168945e+02,1.084584161e-03
3.505317383e+02,6.025467883e-04
3.507466125e+02,-1.191703603e-03
3.509614868e+02,3.173412988e-03
3.511763916e+02,1.472892036e-04
3.513912964e+02,2.289677737e-03
3.516062012e+02,1.138143940e-03
3.518211060e+02,1.740690641e-04
3.520360413e+02,2.075438853e-03
3.522509766e+02,3.173412988e-03
3.524659424e+02,1.218483434e-03
3.526809082e+02,2.316457452e-03
3.528958740e+02,7.900057826e-04
3.531108704e+02,-3.079683520e-04
3.533258667e+02,-8.167856140e-04
3.535408630e+02,-3.883079044e-04
3.537558899e+02,-1.325602876e-03
3.539709167e+02,-2.544086310e-04
3.541859436e+02,-7.900057826e-04
3.544010010e+02,-7.632258930e-04
3.546160583e+02,-2.450356726e-03
3.548311157e+02,3.079683520e-04
3.550462036e+02,2.423577011e-03
3.552612915e+02,1.472892036e-04
3.554763794e+02,-8.971251664e-04
3.556914978e+02,1.780860475e-03
3.559066162e+02,3.467991482e-03
3.561217651e+02,2.236118075e-03
3.563368835e+02,1.566621591e-03
3.565520325e+02,4.016978346e-05
3.567672119e+02,3.334092209e-03
3.569823914e+02,2.718155505e-03
3.571975708e+02,-9.372949717e-05
3.574127502e+02,-2.276287705e-04
3.576279602e+02,3.079683520e-04
3.578431702e+02,7.900057826e-04
3.580584106e+02,-8.435654454e-04
3.582736511e+02,4.418676253e-04
3.584888916e+02,6.025467883e-04
3.587041626e+02,1.084584161e-03
3.589194031e+02,6.025467883e-04
3.591347046e+02,8.703453350e-04
3.593499756e+02,-8.703453350e-04
3.595652771e+02,-7.364460616e-04
3.597806091e+02,1.138143940e-03
3.599959106e+02,2.316457452e-03
3.602112427e+02,-1.057804329e-03
3.604265747e+02,2.611035947e-03
3.606419373e+02,1.138143940e-03
3.608572998e+02,3.494771197e-03
3.610726624e+02,-7.096661720e-04
3.612880554e+02,1.205093504e-04
3.615034485e+02,5.489870673e-04
3.617188416e+02,-2.008489246e-04
3.619342651e+02,-1.164923771e-03
3.621496887e+02,2.236118075e-03
3.623651428e+02,-1.138143940e-03
3.625805664e+02,5.489870673e-04
3.627960510e+02,-1.325602876e-03
3.630115051e+02,-9.239050560e-04
3.632269897e+02,1.057804329e-03
3.634424744e+02,2.209338127e-03
3.636579590e+02,-2.811884915e-04
3.638734741e+02,1.164923771e-03
3.640889893e+02,6.694964395e-05
3.643045349e+02,2.825274831e-03
3.645200806e+02,3.615280730e-04
3.647356262e+02,2.905614441e-03
3.649511719e+02,1.245263265e-03
3.651667480e+02,2.343237400e-03
3.653823242e+02,-1.298823045e-03
3.655979309e+02,1.298823045e-03
3.658135376e+02,-2.102218801e-03
3.660291443e+02,-5.757668987e-04
3.662447815e+02,7.096661720e-04
3.664604187e+02,-2.008489246e-04
3.666760559e+02,1.338992843e-05
3.668917236e+02,-6.694964395e-05
3.671073914e+02,1.700520865e-03
3.673230591e+02,2.343237400e-03
3.675387268e+02,5.757668987e-04
3.677544250e+02,2.289677737e-03
3.679701538e+02,1.352382707e-03
3.681858826e+02,3.066293430e-03
3.684016113e+02,2.878834493e-03
3.686173401e+02,3.976808861e-03
3.688330994e+02,2.798494883e-03
3.690488586e+02,2.155778464e-03
3.692646179e+02,2.544086310e-04
3.694804077e+02,1.111363992e-03
3.696961975e+02,-6.694964395e-05
3.699119873e+02,1.807640307e-03
3.701278076e+02,-2.008489246e-04
3.703436279e+02,-2.008489246e-04
3.705594788e+02,-9.239050560e-04
3.707752991e+02,2.959174104e-03
3.709911804e+02,-2.021879191e-03
3.712070312e+02,1.566621591e-03
3.714229126e+02,-1.205093504e-04
3.716387939e+02,1.995099243e-03
3.718547058e+02,-2.544086310e-04
3.720706177e+02,3.066293430e-03
3.722865295e+02,2.048658906e-03
3.725024414e+02,2.343237400e-03
3.727183838e+02,2.825274831e-03
3.729343262e+02,3.039513715e-03
3.731502991e+02,1.740690641e-04
3.733662720e+02,4.432066344e-03
3.735822449e+02,1.111363992e-03
3.737982483e+02,5.222071777e-04
3.740142517e+02,1.740690641e-04
3.742302551e+02,1.164923771e-03
3.744462891e+02,1.004244550e-03
3.746623230e+02,2.664595610e-03
3.748783569e+02,9.239050560e-04
3.750944214e+02,1.646961202e-03
3.753104858e+02,-2.276287705e-04
3.755265503e+02,2.878834493e-03
3.757426453e+02,-1.740690641e-04
3.759587402e+02,2.905614441e-03
3.761748352e+02,1.004244550e-03
3.763909607e+02,2.423577011e-03
3.766070862e+02,1.191703603e-03
3.768232117e+02,2.477136673e-03
3.770393677e+02,2.048658906e-03
3.772555237e+02,2.959174104e-03
3.774717102e+02,1.887979917e-03
3.776878662e+02,2.744935220e-03
3.779040833e+02,1.700520865e-03
3.781202698e+02,2.744935220e-03
3.783364868e+02,6.025467883e-04
3.785527039e+02,5.757668987e-04
3.787689514e+02,-8.435654454e-04
3.789851685e+02,1.164923771e-03
3.792014465e+02,1.205093504e-04
3.794176941e+02,1.807640307e-03
3.796339722e+02,3.467991482e-03
3.798502502e+02,2.236118075e-03
3.800665588e+02,1.620181254e-03
3.802828674e+02,3.093073377e-03
3.804991760e+02,1.673741033e-03
3.807154846e+02,2.370017348e-03
3.809318237e+02,2.959174104e-03
3.811481934e+02,2.128998516e-03
3.813645325e+02,3.119853325e-03
3.815809021e+02,6.293266197e-04
3.817973022e+02,3.334092209e-03
3.820136719e+02,-1.338992843e-05
3.822300720e+02,-9.506848874e-04
3.824465027e+02,2.128998516e-03
3.826629028e+02,4.418676253e-04
3.828793335e+02,3.628670471e-03
3.830957947e+02,2.744935220e-03
3.833122253e+02,3.441211535e-03
3.835286865e+02,7.364460616e-04
3.837451782e+02,1.887979917e-03
3.839616394e+02,1.727300696e-03
3.841781616e+02,3.173412988e-03
3.843946533e+02,2.048658906e-03
3.846111755e+02,2.878834493e-03
3.848276978e+02,2.905614441e-03
3.850442200e+02,4.592745565e-03
3.852607727e+02,2.852054778e-03
3.854773254e+02,2.744935220e-03
3.856939087e+02,2.450356726e-03
3.859104614e+02,3.842909355e-03
3.861270752e+02,2.477136673e-03
3.863436584e+02,1.566621591e-03
3.865602722e+02,3.347482125e-04
3.867768860e+02,1.914759749e-03
3.869935303e+02,1.084584161e-03
3.872101746e+02,2.102218801e-03
3.874268188e+02,4.418676253e-04
3.876434631e+02,2.021879191e-03
3.878601379e+02,2.852054778e-03
3.880768127e+02,2.530696336e-03
3.882935181e+02,2.637815895e-03
3.885102234e+02,2.825274831e-03
3.887269287e+02,3.066293430e-03
3.889436646e+02,3.896469017e-03
3.891604004e+02,4.378506448e-03
3.893771362e+02,4.860544112e-03
3.895939026e+02,3.869689303e-03
3.898106689e+02,4.726644605e-03
3.900274353e+02,1.941539580e-03
3.902442322e+02,3.494771197e-03
3.904610291e+02,1.298823045e-03
3.906778259e+02,3.146633040e-03
3.908946533e+02,1.325602876e-03
3.911114807e+02,6.025467883e-04
3.913283081e+02,1.941539580e-03
3.915451660e+02,1.405942487e-03
3.917620239e+02,2.209338127e-03
3.919788818e+02,1.111363992e-03
3.921957703e+02,2.048658906e-03
3.924126587e+02,2.691375557e-03
3.926295776e+02,5.489870673e-04
3.928464661e+02,4.405286163e-03
3.930634155e+02,2.209338127e-03
3.932803345e+02,2.557476284e-03
3.934972839e+02,5.931738298e-03
3.937142334e+02,5.610379856e-03
3.939311829e+02,5.717499182e-03
3.941481628e+02,4.806984216e-03
3.943651428e+02,4.324946553e-03
3.945821533e+02,5.663939752e-03
3.947991638e+02,1.405942487e-03
3.950161743e+02,3.735790029e-03
3.952332153e+02,1.673741033e-03
3.954502258e+02,2.450356726e-03
3.956672974e+02,1.325602876e-03
3.958843384e+02,3.093073377e-03
3.961014099e+02,1.914759749e-03
3.963184814e+02,4.378506448e-03
3.965355835e+02,1.004244550e-03
3.967526855e+02,3.467991482e-03
3.969697876e+02,1.780860475e-03
3.971869202e+02,4.512405954e-03
3.974040527e+02,2.744935220e-03
3.976211853e+02,6.440555211e-03
3.978383484e+02,6.065637339e-03
3.980555115e+02,5.048003048e-03
3.982726746e+02,4.244607408e-03
3.984898682e+02,6.360216066e-03
3.987070618e+02,3.119853325e-03
3.989242554e+02,3.682230134e-03
3.991414795e+02,3.119853325e-03
3.993587036e+02,3.066293430e-03
3.995759277e+02,3.226972651e-03
3.997931824e+02,5.637159571e-03
4.000104370e+02,3.012733767e-03
4.002276917e+02,5.048003048e-03
4.004449768e+02,2.691375557e-03
4.006622620e+02,4.673084710e-03
4.008795776e+02,5.530040246e-03
4.010968933e+02,5.181902088e-03
4.013142090e+02,3.628670471e-03
4.015315247e+02,6.253096275e-03
4.017488708e+02,4.512405954e-03
4.019662170e+02,5.663939752e-03
4.021835938e+02,3.334092209e-03
4.024009399e+02,6.253096275e-03
4.026183472e+02,5.690719467e-03
4.028357239e+02,5.315801594e-03
4.030531311e+02,2.557476284e-03
4.032705383e+02,3.869689303e-03
4.034879761e+02,4.512405954e-03
4.037054138e+02,5.289021414e-03
4.039228516e+02,4.833763931e-03
4.041402893e+02,5.396141205e-03
4.043577576e+02,2.477136673e-03
4.045752563e+02,6.601234432e-03
4.047927246e+02,4.512405954e-03
4.050102234e+02,6.065637339e-03
4.052277222e+02,3.226972651e-03
4.054452515e+02,5.610379856e-03
4.056627808e+02,4.217827227e-03
4.058803101e+02,6.226316560e-03
4.060978699e+02,7.484969683e-03
4.063154297e+02,5.610379856e-03
4.065329895e+02,5.449700635e-03
4.067505798e+02,8.288365789e-03
4.069681702e+02,7.190391421e-03
4.071857605e+02,6.012077909e-03
4.074033813e+02,3.387651872e-03
4.076210022e+02,4.887323827e-03
4.078386230e+02,4.405286163e-03
4.080562744e+02,3.441211535e-03
4.082739258e+02,4.673084710e-03
4.084915771e+02,4.592745565e-03
4.087092590e+02,4.887323827e-03
4.089269409e+02,5.315801594e-03
4.091446533e+02,5.637159571e-03
4.093623352e+02,6.226316560e-03
4.095800781e+02,6.253096275e-03
4.097977905e+02,6.788693368e-03
4.100155334e+02,8.315145038e-03
4.102332764e+02,9.680918418e-03
4.104510193e+02,8.931081742e-03
4.106687927e+02,7.725988515e-03
4.108865662e+02,8.341925219e-03
4.111043701e+02,6.467335392e-03
4.113221741e+02,9.493459016e-03
4.115399780e+02,6.440555211e-03
4.117577820e+02,6.788693368e-03
4.119756165e+02,6.012077909e-03
4.121934509e+02,7.351070642e-03
4.124113159e+02,5.824618507e-03
4.126291809e+02,5.583600141e-03
4.128470459e+02,6.869032979e-03
4.130649414e+02,7.190391421e-03
4.132828369e+02,5.503260531e-03
4.135007324e+02,6.735133938e-03
4.137186279e+02,7.351070642e-03
4.139365540e+02,7.083272096e-03
4.141545105e+02,7.913447917e-03
4.143724365e+02,9.493459016e-03
4.145903931e+02,7.940227166e-03
4.148083801e+02,1.024329476e-02
4.150263367e+02,7.592089009e-03
4.152443237e+02,9.359559976e-03
4.154623413e+02,8.636503480e-03
4.156803284e+02,9.975496680e-03
4.158983459e+02,4.083928186e-03
4.161163940e+02,5.074782763e-03
4.163344116e+02,8.341925219e-03
4.165524597e+02,9.841596708e-03
4.167705383e+02,7.886667736e-03
4.169885864e+02,6.895813160e-03
4.172066650e+02,7.110051811e-03
4.174247742e+02,8.823962882e-03
4.176428833e+02,6.440555211e-03
4.178609924e+02,8.502604440e-03
4.180791016e+02,8.100906387e-03
4.182972412e+02,8.556163870e-03
4.185153809e+02,1.018973533e-02
4.187335205e+02,1.163584739e-02
4.189516907e+02,1.093957108e-02
4.191698608e+02,9.600578807e-03
4.193880615e+02,1.107347012e-02
4.196062622e+02,1.190364640e-02
4.198244629e+02,9.868376888e-03
4.200426636e+02,7.618869189e-03
4.202608948e+02,7.511749864e-03
4.204791260e+02,8.904302493e-03
4.206973877e+02,8.502604440e-03
4.209156494e+02,8.395484649e-03
4.211339111e+02,8.904302493e-03
4.213521729e+02,9.761258028e-03
4.215704651e+02,8.716843091e-03
4.217887573e+02,9.841596708e-03
4.220070801e+02,9.600578807e-03
4.222254028e+02,9.145321324e-03
4.224437256e+02,1.190364640e-02
4.226620789e+02,1.128770970e-02
4.228804321e+02,8.100906387e-03
4.230987854e+02,1.136804931e-02
4.233171692e+02,1.024329476e-02
4.235355225e+02,1.206432562e-02
4.237539368e+02,1.075211260e-02
4.239723206e+02,1.142160874e-02
4.241907349e+02,1.136804931e-02
4.244091797e+02,1.225178409e-02
4.246275940e+02,7.806328125e-03
4.248460388e+02,1.147516817e-02
4.250645142e+02,7.886667736e-03
4.252829590e+02,9.225660004e-03
4.255014343e+02,8.234805427e-03
4.257199402e+02,8.690062910e-03
4.259384155e+02,1.085923146e-02
4.261569214e+02,1.310873963e-02
4.263754578e+02,1.276060194e-02
4.265939941e+02,1.284094062e-02
4.268125305e+02,1.292128023e-02
4.270310669e+02,1.286772080e-02
4.272496338e+02,1.270704158e-02
4.274682007e+02,1.332297828e-02
4.276867676e+02,1.466197148e-02
4.279053650e+02,1.249280293e-02
4.281239624e+02,1.281416137e-02
4.283425903e+02,1.233212370e-02
4.285611877e+02,1.168940682e-02
4.287798157e+02,1.061821263e-02
4.289984741e+02,1.067177299e-02
4.292171326e+02,1.222500391e-02
4.294357910e+02,1.209110487e-02
4.296544495e+02,1.150194835e-02
4.298731384e+02,1.128770970e-02
4.300918274e+02,1.219822466e-02
4.303105469e+02,1.286772080e-02
4.305292664e+02,1.439417247e-02
4.307479858e+02,1.351043768e-02
4.309667053e+02,1.294806041e-02
4.311854553e+02,1.391213574e-02
4.314042358e+02,1.509044878e-02
4.316229858e+02,1.313551981e-02
4.318417664e+02,1.501010917e-02
4.320605469e+02,1.455485169e-02
4.322793579e+02,1.557248645e-02
4.324981689e+02,1.348365750e-02
4.327169800e+02,1.570638642e-02
4.329358215e+02,1.372467633e-02
4.331546631e+02,1.241246331e-02
4.333735046e+02,1.484942995e-02
4.335923462e+02,1.484942995e-02
4.338112183e+02,1.214466523e-02
4.340301208e+02,1.567960531e-02
4.342489929e+02,1.254636236e-02
4.344678955e+02,1.463519130e-02
4.346868286e+02,1.492976956e-02
4.349057312e+02,1.602774486e-02
4.351246643e+02,1.450129226e-02
4.353436279e+02,1.466197148e-02
4.355625610e+02,1.554570626e-02
4.357815247e+02,1.728639752e-02
4.360005188e+02,1.693825983e-02
4.362194824e+02,1.704537868e-02
4.364384766e+02,1.838437095e-02
4.366575012e+02,1.790233329e-02
4.368765259e+02,1.696503907e-02
4.370955505e+02,1.808979362e-02
4.373145752e+02,1.434061304e-02
4.375336304e+02,1.827725209e-02
4.377526855e+02,1.426027343e-02
4.379717407e+02,1.600096375e-02
4.381908264e+02,1.492976956e-02
4.384099121e+02,1.752741635e-02
4.386290283e+02,1.701859944e-02
4.388481140e+02,1.803623326e-02
4.390672607e+02,1.755419560e-02
4.392863770e+02,1.830403134e-02
4.395055237e+02,1.808979362e-02
4.397246704e+02,1.999116316e-02
4.399438171e+02,1.661690138e-02
4.401629944e+02,1.910742745e-02
4.403821716e+02,2.036608011e-02
4.406013794e+02,2.079455741e-02
4.408205872e+02,1.867895015e-02
4.410397949e+02,1.958946511e-02
4.412590332e+02,1.774165407e-02
4.414782410e+02,1.822369173e-02
4.416975098e+02,1.731317677e-02
4.419167480e+02,1.798267290e-02
4.421360168e+02,1.474231109e-02
4.423552856e+02,2.111591585e-02
4.425745850e+02,1.776843518e-02
4.427938843e+02,1.648300141e-02
4.430131836e+02,1.985726319e-02
4.432325134e+02,2.068743855e-02
4.434518433e+02,1.969658397e-02
4.436711731e+02,1.942878589e-02
4.438905029e+02,1.950912550e-02
4.441098633e+02,2.165151387e-02
4.443292542e+02,1.940200664e-02
4.445486145e+02,2.202643082e-02
4.447680054e+02,2.234778926e-02
4.449874268e+02,2.248168923e-02
4.452068176e+02,2.181219310e-02
4.454262390e+02,2.216033079e-02
4.456456909e+02,2.277626842e-02
4.458651123e+02,2.446339838e-02
4.460845642e+02,2.025896125e-02
4.463040466e+02,2.352610417e-02
4.465234985e+02,2.229423076e-02
4.467429810e+02,2.165151387e-02
4.469624939e+02,2.162473463e-02
4.471819763e+02,2.277626842e-02
4.474014893e+02,1.897352748e-02
4.476210327e+02,2.210677043e-02
4.478405457e+02,1.975014433e-02
4.480601196e+02,2.371356264e-02
4.482796631e+02,2.499899641e-02
4.484992371e+02,2.269592881e-02
4.487188110e+02,2.253524959e-02
4.489383850e+02,2.299050614e-02
4.491579895e+02,2.355288342e-02
4.493775940e+02,2.668612637e-02
4.495972290e+02,2.590951137e-02
4.498168335e+02,2.280304767e-02
4.500364685e+02,2.317796461e-02
4.502561340e+02,2.465085685e-02
4.504757996e+02,2.317796461e-02
4.506954651e+02,2.604340948e-02
4.509151306e+02,2.224067040e-02
4.511348267e+02,2.232101001e-02
4.513545227e+02,2.301728725e-02
4.515742493e+02,2.478475682e-02
4.517939758e+02,2.272270806e-02
4.520137024e+02,2.639154904e-02
4.522334290e+02,2.582917176e-02
4.524531860e+02,2.625764906e-02
4.526729431e+02,2.596306987e-02
4.528927307e+02,2.703426406e-02
4.531125183e+02,2.823935822e-02
4.533323059e+02,3.035496734e-02
4.535521240e+02,2.473119646e-02
4.537719421e+02,2.743596211e-02
4.539917603e+02,2.655222826e-02
4.542115784e+02,2.781088091e-02
4.544314270e+02,2.644510753e-02
4.546513062e+02,2.716816403e-02
4.548711548e+02,2.457051724e-02
4.550910339e+02,2.515967563e-02
4.553109131e+02,2.497221529e-02
4.555308228e+02,2.947123162e-02
4.557507324e+02,2.561493218e-02
4.559706421e+02,2.765020169e-02
4.561905823e+02,2.960513160e-02
4.564105225e+02,2.829291858e-02
4.566304626e+02,2.981936932e-02
4.568504333e+02,2.708782442e-02
4.570704041e+02,3.054242581e-02
4.572903748e+02,2.866783552e-02
4.575103760e+02,3.064954467e-02
4.577303772e+02,3.244379535e-02
4.579503784e+02,3.016750887e-02
4.581704102e+02,2.826613747e-02
4.583904419e+02,2.904275432e-02
4.586104736e+02,2.765020169e-02
4.588305359e+02,2.874817513e-02
4.590505981e+02,2.840003744e-02
4.592706604e+02,2.778410167e-02
4.594907532e+02,2.901597507e-02
4.597108459e+02,2.813223936e-02
4.599309692e+02,2.727528289e-02
4.601510620e+02,2.906953357e-02
4.603711853e+02,3.129226342e-02
4.605913391e+02,2.923021279e-02
4.608114929e+02,3.174751997e-02
4.610316467e+02,3.027462773e-02
4.612518005e+02,3.338108957e-02
4.614719849e+02,3.094412386e-02
4.616921692e+02,3.399702907e-02
4.619123535e+02,3.249735385e-02
4.621325684e+02,3.089056350e-02
4.623527832e+02,3.174751997e-02
4.625730286e+02,3.407736868e-02
4.627932739e+02,3.206887841e-02
4.630135193e+02,3.118514270e-02
4.632337646e+02,3.129226342e-02
4.634540405e+02,3.027462773e-02
4.636743164e+02,3.040852584e-02
4.638946228e+02,2.898919396e-02
4.641149292e+02,3.351499140e-02
4.643352356e+02,3.236345574e-02
4.645555420e+02,3.316685185e-02
4.647758789e+02,3.437194601e-02
4.649962158e+02,3.204209730e-02
4.652165833e+02,3.172073886e-02
4.654369507e+02,3.630009666e-02
4.656573181e+02,3.327397257e-02
4.658777161e+02,3.461296484e-02
4.660980835e+02,3.089056350e-02
4.663185120e+02,3.284549341e-02
4.665389099e+02,3.172073886e-02
4.667593384e+02,3.493432328e-02
4.669797668e+02,3.145294264e-02
4.672002258e+02,3.064954467e-02
4.674206848e+02,3.292583302e-02
4.676411438e+02,3.297939152e-02
4.678616333e+02,3.142616153e-02
4.680821228e+02,3.327397257e-02
4.683026123e+02,3.418448567e-02
4.685231323e+02,3.517534211e-02
4.687436523e+02,3.271159530e-02
4.689641724e+02,3.032818623e-02
4.691847229e+02,3.367567062e-02
4.694052734e+02,3.338108957e-02
4.696258240e+02,3.244379535e-02
4.698464050e+02,3.086378425e-02
4.700669861e+02,3.249735385e-02
4.702875671e+02,3.198853880e-02
4.705081787e+02,3.006038815e-02
4.707287903e+02,3.356854990e-02
4.709494019e+02,3.072988428e-02
4.711700439e+02,2.931055240e-02
4.713906860e+02,3.177430108e-02
4.716113281e+02,3.461296484e-02
4.718320007e+02,2.874817513e-02
4.720526733e+02,3.137260303e-02
4.722733459e+02,3.153328225e-02
4.724940491e+02,2.957835048e-02
4.727147522e+02,2.823935822e-02
4.729354553e+02,3.008716926e-02
4.731561890e+02,3.131904081e-02
4.733769226e+02,3.129226342e-02
4.735976868e+02,2.890885435e-02
4.738184204e+02,3.164039925e-02
4.740391846e+02,3.164039925e-02
4.742599792e+02,3.233667463e-02
4.744807739e+02,3.222955763e-02
4.747015686e+02,3.603229672e-02
4.749223633e+02,3.161362186e-02
4.751431885e+02,2.872139588e-02
4.753640137e+02,2.840003744e-02
4.755848694e+02,2.992649004e-02
4.758056946e+02,2.799833938e-02
4.760265503e+02,2.912309393e-02
4.762474365e+02,2.882851474e-02
4.764683228e+02,2.848037705e-02
4.766892090e+02,2.960513160e-02
4.769100952e+02,3.064954467e-02
4.771310120e+02,2.914987318e-02
4.773519287e+02,3.201531991e-02
4.775728760e+02,2.724850364e-02
4.777938232e+02,3.115836345e-02
4.780147705e+02,2.973902971e-02
4.782357178e+02,3.319363296e-02
4.784566956e+02,2.794477902e-02
4.786777039e+02,2.973902971e-02
4.788986816e+02,3.030140698e-02
4.791196899e+02,3.006038815e-02
4.793406982e+02,3.046208620e-02
4.795617371e+02,3.217599541e-02
4.797827759e+02,2.797156014e-02
4.800038147e+02,2.786444128e-02
4.802248535e+02,2.872139588e-02
4.804459229e+02,2.850715630e-02
4.806670227e+02,2.631120943e-02
4.808880920e+02,2.574883215e-02
4.811091919e+02,2.762342244e-02
4.813302917e+02,3.086378425e-02
4.815514221e+02,2.767698094e-02
4.817725525e+02,2.949801087e-02
4.819936829e+02,3.083700500e-02
4.822148438e+02,3.059598617e-02
4.824360046e+02,2.933733165e-02
4.826571655e+02,3.038174659e-02
4.828783569e+02,2.941767126e-02
4.830995483e+02,3.123870306e-02
4.833207397e+02,2.837325819e-02
4.835419617e+02,2.773054130e-02
4.837631836e+02,2.743596211e-02
4.839844055e+02,3.257769346e-02
4.842056580e+02,2.807867900e-02
4.844269104e+02,2.663256787e-02
4.846481628e+02,2.676646598e-02
4.848694458e+02,3.043530695e-02
4.850907288e+02,2.759664133e-02
4.853120117e+02,2.888207510e-02
4.855333252e+02,2.711460367e-02
4.857546387e+02,3.022106737e-02
4.859759521e+02,2.612374909e-02
4.861972961e+02,2.778410167e-02
4.864186401e+02,2.719494328e-02
4.866399841e+02,2.773054130e-02
4.868613586e+02,3.198853880e-02
4.870827332e+02,3.099768423e-02
4.873041077e+02,2.762342244e-02
4.875255127e+02,3.121192195e-02
4.877469177e+02,2.901597507e-02
4.879683228e+02,3.043530695e-02
4.881897583e+02,2.558815293e-02
4.884111938e+02,2.607019059e-02
4.886326599e+02,2.703426406e-02
4.888540955e+02,2.906953357e-02
4.890755615e+02,2.489187568e-02
4.892970581e+02,2.837325819e-02
4.895185547e+02,2.783766016e-02
4.897400513e+02,2.714138478e-02
4.899615479e+02,2.719494328e-02
4.901830750e+02,2.738240361e-02
4.904046021e+02,2.837325819e-02
4.906261597e+02,2.625764906e-02
4.908476868e+02,2.585595101e-02
4.910692749e+02,2.411526069e-02
4.912908325e+02,3.094412386e-02
4.915124207e+02,2.676646598e-02
4.917340088e+02,2.818579786e-02
4.919555969e+02,2.773054130e-02
4.921772156e+02,3.046208620e-02
4.923988342e+02,2.566849254e-02
4.926204834e+02,2.856071666e-02
4.928421326e+02,2.781088091e-02
4.930637817e+02,2.403492108e-02
4.932854309e+02,2.513289452e-02
4.935071106e+02,2.291016653e-02
4.937287903e+02,2.550781332e-02
4.939505005e+02,2.470441721e-02
4.941722107e+02,2.623086981e-02
4.943939209e+02,2.390102111e-02
4.946156616e+02,2.724850364e-02
4.948373718e+02,2.698070556e-02
4.950591431e+02,2.607019059e-02
4.952808838e+02,2.679324523e-02
4.955026550e+02,2.596306987e-02
4.957244263e+02,2.545425296e-02
4.959462280e+02,2.756986208e-02
4.961680298e+02,2.371356264e-02
4.963898315e+02,2.620408870e-02
4.966116638e+02,2.494543605e-02
4.968334961e+02,2.411526069e-02
4.970553284e+02,2.382068150e-02
4.972771606e+02,2.261558920e-02
4.974990234e+02,2.301728725e-02
4.977209167e+02,2.486509643e-02
4.979427795e+02,2.293694764e-02
4.981646729e+02,2.312440611e-02
4.983865662e+02,2.242812887e-02
4.986084900e+02,2.175863273e-02
4.988304138e+02,2.103557624e-02
4.990523376e+02,2.494543605e-02
4.992742920e+02,2.301728725e-02
4.994962463e+02,2.347254381e-02
4.997182007e+02,2.331186458e-02
4.999401855e+02,2.419560030e-02
5.001621704e+02,2.422237955e-02
5.003841553e+02,2.518645488e-02
5.006061707e+02,2.339220420e-02
5.008281860e+02,2.392780222e-02
5.010502014e+02,2.237457037e-02
5.012722473e+02,2.341898344e-02
5.014942932e+02,2.323152497e-02
5.017163391e+02,2.191931196e-02
5.019384155e+02,2.328508534e-02
5.021604919e+02,2.114269696e-02
5.023825684e+02,2.280304767e-02
5.026046753e+02,2.336542495e-02
5.028267822e+02,2.133015543e-02
5.030488892e+02,2.323152497e-02
5.032710266e+02,2.242812887e-02
5.034931641e+02,2.315118536e-02
5.037153015e+02,2.320474572e-02
5.039374695e+02,1.886640862e-02
5.041596375e+02,2.189253271e-02
5.043818054e+02,2.390102111e-02
5.046040039e+02,2.371356264e-02
5.048262024e+02,2.352610417e-02
5.050484314e+02,2.277626842e-02
5.052706299e+02,2.079455741e-02
5.054928589e+02,2.205321193e-02
5.057151184e+02,2.173185349e-02
5.059373779e+02,2.146405540e-02
5.061596375e+02,1.964302361e-02
5.063818970e+02,1.983048394e-02
5.066041870e+02,2.229423076e-02
5.068264771e+02,2.162473463e-02
5.070487671e+02,1.940200664e-02
5.072710876e+02,2.114269696e-02
5.074934082e+02,1.830403134e-02
5.077157593e+02,2.119625546e-02
5.079380798e+02,2.352610417e-02
5.081604614e+02,2.095523663e-02
5.083828125e+02,2.207999118e-02
5.086051941e+02,2.277626842e-02
5.088275757e+02,2.245490998e-02
5.090499573e+02,2.384746261e-02
5.092723694e+02,2.430271916e-02
5.094947815e+02,2.170507424e-02
5.097172241e+02,2.111591585e-02
5.099396667e+02,1.894674823e-02
5.101621094e+02,2.173185349e-02
5.103845520e+02,2.079455741e-02
5.106070251e+02,2.141049504e-02
5.108294983e+02,1.768809557e-02
5.110520020e+02,1.937522553e-02
5.112745056e+02,2.060709894e-02
5.114970093e+02,2.133015543e-02
5.117195129e+02,2.031252161e-02
5.119420471e+02,2.186575346e-02
5.121646118e+02,2.111591585e-02
5.123871460e+02,2.540069446e-02
5.126096802e+02,2.194609307e-02
5.128322754e+02,2.216033079e-02
5.130548706e+02,2.127659507e-02
5.132774658e+02,2.473119646e-02
5.135000610e+02,2.341898344e-02
5.137226562e+02,2.422237955e-02
5.139452515e+02,1.918776706e-02
5.141679077e+02,2.387424186e-02
5.143905640e+02,2.111591585e-02
5.146132202e+02,2.159795351e-02
5.148358765e+02,1.865216903e-02
5.150585327e+02,2.336542495e-02
5.152812500e+02,2.210677043e-02
5.155039062e+02,2.095523663e-02
5.157266235e+02,2.240134962e-02
5.159493408e+02,2.299050614e-02
5.161720581e+02,2.285660803e-02
5.163947754e+02,2.323152497e-02
5.166175537e+02,2.376712300e-02
5.168402710e+02,2.542747371e-02
5.170630493e+02,2.478475682e-02
5.172858276e+02,2.644510753e-02
5.175086060e+02,2.510611527e-02
5.177314453e+02,2.920343354e-02
5.179542236e+02,2.470441721e-02
5.181770630e+02,2.336542495e-02
5.183999023e+02,2.368678339e-02
5.186227417e+02,2.339220420e-02
5.188455811e+02,2.374034189e-02
5.190684204e+02,2.518645488e-02
5.192912598e+02,2.368678339e-02
5.195141602e+02,2.272270806e-02
5.197370605e+02,2.258880809e-02
5.199599609e+02,2.451695874e-02
5.201828613e+02,2.489187568e-02
5.204057617e+02,2.548103407e-02
5.206287231e+02,2.537391335e-02
5.208516235e+02,2.687358484e-02
5.210745850e+02,2.598985098e-02
5.212975464e+02,2.416882105e-02
5.215205078e+02,2.673968673e-02
5.217435303e+02,3.032818623e-02
5.219664917e+02,2.593629062e-02
5.221895142e+02,2.566849254e-02
5.224125366e+02,2.467763796e-02
5.226355591e+02,2.507933602e-02
5.228585815e+02,2.459729835e-02
5.230816040e+02,2.598985098e-02
5.233046875e+02,2.807867900e-02
5.235277100e+02,2.566849254e-02
5.237507935e+02,2.625764906e-02
5.239738770e+02,2.542747371e-02
5.241969604e+02,2.722172439e-02
5.244201050e+02,2.494543605e-02
5.246431885e+02,2.714138478e-02
5.248663330e+02,2.791799977e-02
5.250894775e+02,3.008716926e-02
5.253126221e+02,2.708782442e-02
5.255357666e+02,2.831969783e-02
5.257589111e+02,2.714138478e-02
5.259821167e+02,2.700748481e-02
5.262053223e+02,2.971225046e-02
5.264285278e+02,2.885529585e-02
5.266517334e+02,2.877495624e-02
5.268749390e+02,3.003360890e-02
5.270981445e+02,2.719494328e-02
5.273214111e+02,2.690036595e-02
5.275446167e+02,2.947123162e-02
5.277678833e+02,2.585595101e-02
5.279911499e+02,2.628442831e-02
5.282144165e+02,2.550781332e-02
5.284377441e+02,2.754308283e-02
5.286610107e+02,2.663256787e-02
5.288843384e+02,2.949801087e-02
5.291076660e+02,2.770376205e-02
5.293309937e+02,2.840003744e-02
5.295543213e+02,2.973902971e-02
5.297777100e+02,2.987292968e-02
5.300010376e+02,2.821257897e-02
5.302244263e+02,3.150650114e-02
5.304478149e+02,3.230989724e-02
5.306712036e+02,3.279193491e-02
5.308945923e+02,3.145294264e-02
5.311179810e+02,3.209565580e-02
5.313414307e+02,2.955157124e-02
5.315648804e+02,2.601663023e-02
5.317883301e+02,2.794477902e-02
5.320117798e+02,2.834647708e-02
5.322352295e+02,3.038174659e-02
5.324586792e+02,2.981936932e-02
5.326821899e+02,3.131904081e-02
5.329057007e+02,3.046208620e-02
5.331291504e+02,2.818579786e-02
5.333527222e+02,2.987292968e-02
5.335762329e+02,3.300617263e-02
5.337997437e+02,2.925699204e-02
5.340233154e+02,3.164039925e-02
5.342468262e+02,3.214921802e-02
5.344703979e+02,3.094412386e-02
5.346939697e+02,3.241701424e-02
5.349176025e+02,3.131904081e-02
5.351411743e+02,2.957835048e-02
5.353648071e+02,3.351499140e-02
5.355883789e+02,2.898919396e-02
5.358120117e+02,3.603229672e-02
5.360356445e+02,3.244379535e-02
5.362593384e+02,3.072988428e-02
5.364829712e+02,2.687358484e-02
5.367066650e+02,3.027462773e-02
5.369302979e+02,3.169396147e-02
5.371539917e+02,3.354176879e-02
5.373776855e+02,3.303295374e-02
5.376014404e+02,3.182785958e-02
5.378251343e+02,3.169396147e-02
5.380488892e+02,3.153328225e-02
5.382726440e+02,3.156005964e-02
5.384963379e+02,3.188141808e-02
5.387201538e+02,3.442550451e-02
5.389439087e+02,3.423804790e-02
5.391676636e+02,3.485398367e-02
5.393914795e+02,3.343465179e-02
5.396152954e+02,3.241701424e-02
5.398391113e+02,3.279193491e-02
5.400629272e+02,3.584483638e-02
5.402867432e+02,3.292583302e-02
5.405105591e+02,3.006038815e-02
5.407344360e+02,3.522890061e-02
5.409583130e+02,3.284549341e-02
5.411821899e+02,3.295261413e-02
5.414060669e+02,3.311329335e-02
5.416299438e+02,3.174751997e-02
5.418538818e+02,3.268481418e-02
5.420777588e+02,3.522890061e-02
5.423016968e+02,3.429160640e-02
5.425256348e+02,3.638043627e-02
5.427495728e+02,3.423804790e-02
5.429735107e+02,3.426482528e-02
5.431975098e+02,3.364888951e-02
5.434214478e+02,3.721060976e-02
5.436454468e+02,3.501466289e-02
5.438694458e+02,3.557704017e-02
5.440934448e+02,3.656789288e-02
5.443174438e+02,3.654111549e-02
5.445415039e+02,3.584483638e-02
5.447655640e+02,3.514856100e-02
5.449895630e+02,3.707671165e-02
5.452136230e+02,3.686247021e-02
5.454376831e+02,3.295261413e-02
5.456618042e+02,3.683569282e-02
5.458858643e+02,3.316685185e-02
5.461099854e+02,3.603229672e-02
5.463341064e+02,3.546991944e-02
5.465582275e+02,3.587161750e-02
5.467823486e+02,3.790688515e-02
5.470064697e+02,4.018317536e-02
5.472306519e+02,3.442550451e-02
5.474547729e+02,3.670179471e-02
5.476789551e+02,3.852282465e-02
5.479031372e+02,4.197742417e-02
5.481273193e+02,3.603229672e-02
5.483515015e+02,4.002249613e-02
5.485757446e+02,3.809434548e-02
5.487999878e+02,3.718382865e-02
5.490241699e+02,3.648755327e-02
5.492484131e+02,3.763908893e-02
5.494726562e+02,3.723739088e-02
5.496969604e+02,3.646077588e-02
5.499212036e+02,3.852282465e-02
5.501455078e+02,3.600551561e-02
5.503698120e+02,3.546991944e-02
5.505941162e+02,3.769264743e-02
5.508184204e+02,3.686247021e-02
5.510427246e+02,3.790688515e-02
5.512670898e+02,3.785332665e-02
5.514913940e+02,3.927265853e-02
5.517157593e+02,4.079911113e-02
5.519401245e+02,3.892452270e-02
5.521644897e+02,3.895130008e-02
5.523889160e+02,3.814790398e-02
5.526132812e+02,3.852282465e-02
5.528377075e+02,3.911197931e-02
5.530621338e+02,4.034385458e-02
5.532865601e+02,4.275403917e-02
5.535109863e+02,4.031707346e-02
5.537354126e+02,4.270048067e-02
5.539598999e+02,4.205776379e-02
5.541843262e+02,4.050453380e-02
5.544088135e+02,3.943333775e-02
5.546333008e+02,4.117402807e-02
5.548577881e+02,3.924587741e-02
5.550823364e+02,4.061165079e-02
5.553068237e+02,3.822824359e-02
5.555313721e+02,3.948689625e-02
5.557559204e+02,3.951367736e-02
5.559804688e+02,4.203098267e-02
5.562050171e+02,4.243268073e-02
5.564295654e+02,4.010283574e-02
5.566541748e+02,4.382523522e-02
5.568787231e+02,4.350387678e-02
5.571033325e+02,4.200420529e-02
5.573279419e+02,4.130792990e-02
5.575525513e+02,4.345031828e-02
5.577772217e+02,4.200420529e-02
5.580018311e+02,4.178996384e-02
5.582265015e+02,4.157572612e-02
5.584511719e+02,4.095979035e-02
5.586758423e+02,4.093300924e-02
5.589005127e+02,4.288794100e-02
5.591251831e+02,4.160250723e-02
5.593499146e+02,4.031707346e-02
5.595745850e+02,4.371811450e-02
5.597993164e+02,4.045097157e-02
5.600240479e+02,4.310217872e-02
5.602488403e+02,4.454829171e-02
5.604735718e+02,4.519100860e-02
5.606983032e+02,4.393235594e-02
5.609230957e+02,4.588728398e-02
5.611478882e+02,4.778865352e-02
5.613726807e+02,4.476252943e-02
5.615974731e+02,4.682457820e-02
5.618223267e+02,4.331641644e-02
5.620471191e+02,4.374489561e-02
5.622719727e+02,4.345031828e-02
5.624968262e+02,4.299505800e-02
5.627216797e+02,4.553914443e-02
5.629465332e+02,4.334319755e-02
5.631713867e+02,4.457506910e-02
5.633963013e+02,4.395913333e-02
5.636211548e+02,4.355743527e-02
5.638460693e+02,4.505710676e-02
5.640709839e+02,4.786899313e-02
5.642958984e+02,4.318251833e-02
5.645208740e+02,4.470897093e-02
5.647457886e+02,4.516422749e-02
5.649707642e+02,4.473574832e-02
5.651957397e+02,4.556592554e-02
5.654207153e+02,4.770831391e-02
5.656456909e+02,4.484286904e-02
5.658707275e+02,4.744051397e-02
5.660957031e+02,4.679779708e-02
5.663207397e+02,4.797611386e-02
5.665457764e+02,4.462863132e-02
5.667708130e+02,5.153783411e-02
5.669958496e+02,4.583372548e-02
5.672208862e+02,4.915442690e-02
5.674459839e+02,4.468218982e-02
5.676710205e+02,4.500354826e-02
5.678961182e+02,4.768153280e-02
5.681212158e+02,4.693169892e-02
5.683463745e+02,4.679779708e-02
5.685714722e+02,4.765475541e-02
5.687966309e+02,4.805645347e-02
5.690217285e+02,4.969002306e-02
5.692468872e+02,4.902052507e-02
5.694720459e+02,5.068087950e-02
5.696972046e+02,5.081477761e-02
5.699224243e+02,5.145749450e-02
5.701475830e+02,5.124325305e-02
5.703728027e+02,5.145749450e-02
5.705980225e+02,4.985070229e-02
5.708232422e+02,5.185919255e-02
5.710484619e+02,5.046663806e-02
5.712736816e+02,5.528701469e-02
5.714989624e+02,5.097545683e-02
5.717242432e+02,5.207343027e-02
5.719495239e+02,4.947578534e-02
5.721748047e+02,4.923476651e-02
5.724000854e+02,5.025240034e-02
5.726253662e+02,5.244834721e-02
5.728507080e+02,5.228766799e-02
5.730760498e+02,5.295716599e-02
5.733013306e+02,5.405513942e-02
5.735266724e+02,5.424259976e-02
5.737520752e+02,5.263580754e-02
5.739774170e+02,5.349276215e-02
5.742028198e+02,5.303750560e-02
5.744281616e+02,5.426937714e-02
5.746535645e+02,5.413547903e-02
5.748789673e+02,5.405513942e-02
5.751043701e+02,5.657244474e-02
5.753298340e+02,5.732228234e-02
5.755552368e+02,5.662600696e-02
5.757807007e+02,5.657244474e-02
5.760061646e+02,5.440327898e-02
5.762316284e+02,5.858093500e-02
5.764570923e+02,5.716160312e-02
5.766826172e+02,5.804533884e-02
5.769080811e+02,5.796499923e-02
5.771336060e+02,5.681346357e-02
5.773591309e+02,6.182129681e-02
5.775846558e+02,6.147316098e-02
5.778101807e+02,6.109824032e-02
5.780357666e+02,6.393690407e-02
5.782612915e+02,6.535623968e-02
5.784868774e+02,6.656133384e-02
5.787124634e+02,6.645421684e-02
5.789380493e+02,6.988203526e-02
5.791636353e+02,6.790032238e-02
5.793892212e+02,7.156916708e-02
5.796148682e+02,7.389901578e-02
5.798405151e+02,7.301528007e-02
5.800661621e+02,7.502377033e-02
5.802918091e+02,7.655021548e-02
5.805174561e+02,8.056719601e-02
5.807431030e+02,8.295060694e-02
5.809688110e+02,8.511977643e-02
5.811944580e+02,8.844047785e-02
5.814201660e+02,9.044896066e-02
5.816458740e+02,9.459984303e-02
5.818716431e+02,9.524255991e-02
5.820973511e+02,9.925954044e-02
5.823231201e+02,1.029283777e-01
5.825488281e+02,1.064097583e-01
5.827745972e+02,1.081236675e-01
5.830003662e+02,1.104802936e-01
5.832261963e+02,1.159433872e-01
5.834519653e+02,1.232275069e-01
5.836777344e+02,1.253431141e-01
5.839035645e+02,1.283424646e-01
5.841293945e+02,1.347696334e-01
5.843552246e+02,1.357872635e-01
5.845810547e+02,1.447585076e-01
5.848069458e+02,1.475436240e-01
5.850327759e+02,1.492575258e-01
5.852586670e+02,1.513731331e-01
5.854845581e+02,1.642006934e-01
5.857104492e+02,1.651379764e-01
5.859363403e+02,1.737343222e-01
5.861622925e+02,1.774031520e-01
5.863881836e+02,1.856513470e-01
5.866141357e+02,1.886506975e-01
5.868400879e+02,1.955331266e-01
5.870660400e+02,2.029243559e-01
5.872919922e+02,2.044775933e-01
5.875180054e+02,2.135024071e-01
5.877439575e+02,2.166891992e-01
5.879699707e+02,2.282848805e-01
5.881959839e+02,2.359707057e-01
5.884219971e+02,2.366402000e-01
5.886480103e+02,2.437636405e-01
5.888740234e+02,2.544755936e-01
5.891000977e+02,2.557610273e-01
5.893261719e+02,2.651339769e-01
5.895522461e+02,2.691241503e-01
5.897783203e+02,2.736231685e-01
5.900043945e+02,2.804788351e-01
5.902304688e+02,2.897446454e-01
5.904566040e+02,2.938419580e-01
5.906827393e+02,3.024383187e-01
5.909088135e+02,3.103651404e-01
5.911350098e+02,3.147570491e-01
5.913611450e+02,3.194167316e-01
5.915872803e+02,3.253350854e-01
5.918134766e+02,3.283344209e-01
5.920396118e+02,3.377609253e-01
5.922658081e+02,3.406799436e-01
5.924920044e+02,3.506688178e-01
5.927182617e+02,3.570692241e-01
5.929444580e+02,3.596400917e-01
5.931707153e+02,3.689326942e-01
5.933969116e+02,3.746100068e-01
5.936231689e+02,3.818405867e-01
5.938494263e+02,3.848131299e-01
5.940757446e+02,3.946145773e-01
5.943020020e+02,3.962749243e-01
5.945282593e+02,4.010953009e-01
5.947545776e+02,4.158509970e-01
5.949808960e+02,4.174042344e-01
5.952072144e+02,4.254381955e-01
5.954335327e+02,4.339541793e-01
5.956599121e+02,4.380782843e-01
5.958862305e+02,4.486831129e-01
5.961126099e+02,4.486295283e-01
5.963389893e+02,4.526732862e-01
5.965653687e+02,4.586184323e-01
5.967917480e+02,4.682323933e-01
5.970181885e+02,4.709907174e-01
5.972445679e+02,4.778999090e-01
5.974710083e+02,4.789978862e-01
5.976974487e+02,4.874067605e-01
5.979238892e+02,4.884779751e-01
5.981503296e+02,4.913969636e-01
5.983768311e+02,4.958692193e-01
5.986032715e+02,5.031533241e-01
5.988297729e+02,5.017071962e-01
5.990562744e+02,5.104374290e-01
5.992827759e+02,5.141866207e-01
5.995092773e+02,5.109997988e-01
5.997357788e+02,5.199710727e-01
5.999623413e+02,5.319684744e-01
6.001889038e+02,5.238809586e-01
6.004154663e+02,5.275498033e-01
6.006420288e+02,5.372173190e-01
6.008685913e+02,5.443675518e-01
6.010951538e+02,5.365210176e-01
6.013217773e+02,5.387973189e-01
6.015484009e+02,5.510357022e-01
6.017749634e+02,5.490004420e-01
6.020015869e+02,5.620689988e-01
6.022282715e+02,5.617744327e-01
6.024548950e+02,5.646398664e-01
6.026815796e+02,5.624974966e-01
6.029082031e+02,5.735307932e-01
6.031348877e+02,5.835732222e-01
6.033615723e+02,5.876438022e-01
6.035883179e+02,5.893309116e-01
6.038150024e+02,5.979004502e-01
6.040416870e+02,5.994804502e-01
6.042684326e+02,6.038188338e-01
6.044951782e+02,6.094425917e-01
6.047219238e+02,6.078625917e-01
6.049486694e+02,6.139683723e-01
6.051754761e+02,6.184138060e-01
6.054022217e+02,6.166195869e-01
6.056290283e+02,6.261264086e-01
6.058558350e+02,6.242786050e-01
6.060826416e+02,6.256443858e-01
6.063094482e+02,6.257247329e-01
6.065363159e+02,6.275992990e-01
6.067631226e+02,6.221094728e-01
6.069899902e+02,6.213328242e-01
6.072168579e+02,6.319912076e-01
6.074437256e+02,6.360617280e-01
6.076705933e+02,6.368919015e-01
6.078974609e+02,6.427835226e-01
6.081243896e+02,6.467201114e-01
6.083513184e+02,6.522099972e-01
6.085781860e+02,6.506299973e-01
6.088051147e+02,6.530401707e-01
6.090321045e+02,6.562805176e-01
6.092590332e+02,6.533347368e-01
6.094860229e+02,6.595476866e-01
6.097129517e+02,6.592798829e-01
6.099399414e+02,6.564680338e-01
6.101669312e+02,6.624399424e-01
6.103939209e+02,6.730982661e-01
6.106209717e+02,6.749728918e-01
6.108479614e+02,6.710094810e-01
6.110750122e+02,6.641538143e-01
6.113020630e+02,6.854973435e-01
6.115291138e+02,6.792576909e-01
6.117561646e+02,6.887912750e-01
6.119832764e+02,6.856045127e-01
6.122103271e+02,6.852831244e-01
6.124374390e+02,6.876397729e-01
6.126645508e+02,6.816946268e-01
6.128916626e+02,6.910408139e-01
6.131187744e+02,6.876397729e-01
6.133458862e+02,6.955130100e-01
6.135730591e+02,7.019670010e-01
6.138002319e+02,6.900231838e-01
6.140273438e+02,6.965842247e-01
6.142545166e+02,7.027168274e-01
6.144817505e+02,6.996639371e-01
6.147089233e+02,7.100276947e-01
6.149361572e+02,7.059571743e-01
6.151633301e+02,7.078317404e-01
6.153905640e+02,7.117416263e-01
6.156177979e+02,7.064927816e-01
6.158450317e+02,7.092511058e-01
6.160723267e+02,7.142857313e-01
6.162995605e+02,7.190793157e-01
6.165268555e+02,7.236318588e-01
6.167541504e+02,7.144196033e-01
6.169814453e+02,7.200165987e-01
6.172087402e+02,7.166423202e-01
6.174360352e+02,7.232837677e-01
6.176633911e+02,7.240603566e-01
6.178907471e+02,7.264437675e-01
6.181180420e+02,7.285326123e-01
6.183453979e+02,7.313980460e-01
6.185728149e+02,7.385482788e-01
6.188001709e+02,7.411191463e-01
6.190275879e+02,7.359238267e-01
6.192549438e+02,7.373967171e-01
6.194823608e+02,7.433151007e-01
6.197097778e+02,7.505456209e-01
6.199371948e+02,7.464215159e-01
6.201646729e+02,7.588741779e-01
6.203920898e+02,7.431008220e-01
6.206195679e+02,7.361381054e-01
6.208470459e+02,7.521256804e-01
6.210745239e+02,7.480015755e-01
6.213020020e+02,7.517507076e-01
6.215294800e+02,7.507866621e-01
6.217570190e+02,7.469035983e-01
6.219844971e+02,7.559283972e-01
6.222120361e+02,7.567049861e-01
6.224395752e+02,7.511615753e-01
6.226671143e+02,7.640426755e-01
6.228947144e+02,7.608290911e-01
6.231222534e+02,7.657833695e-01
6.233498535e+02,7.572138309e-01
6.235774536e+02,7.606683969e-01
6.238050537e+02,7.620341778e-01
6.240326538e+02,7.543751597e-01
6.242602539e+02,7.565175295e-01
6.244879150e+02,7.695057988e-01
6.247155762e+02,7.643372416e-01
6.249431763e+02,7.669349313e-01
6.251708374e+02,7.549642920e-01
6.253985596e+02,7.640962601e-01
6.256262207e+02,7.574012876e-01
6.258538818e+02,7.496351004e-01
6.260816040e+02,7.535985708e-01
6.263093262e+02,7.636142373e-01
6.265370483e+02,7.683007121e-01
6.267647705e+02,7.581243515e-01
6.269924927e+02,7.608290911e-01
6.272202759e+02,7.717285156e-01
6.274480591e+02,7.806194425e-01
6.276757812e+02,7.730674744e-01
6.279035645e+02,7.734692097e-01
6.281314087e+02,7.711125612e-01
6.283591919e+02,7.781020999e-01
6.285869751e+02,7.797356844e-01
6.288148193e+02,7.797624469e-01
6.290426636e+02,7.712196708e-01
6.292705078e+02,7.796820998e-01
6.294983521e+02,7.752902508e-01
6.297261963e+02,7.787180543e-01
6.299541016e+02,7.746207118e-01
6.301819458e+02,7.740583420e-01
6.304098511e+02,7.726122141e-01
6.306377563e+02,7.783431411e-01
6.308656616e+02,7.703627348e-01
6.310936279e+02,7.779682279e-01
6.313215332e+02,7.789858580e-01
6.315494995e+02,7.798963785e-01
6.317774658e+02,7.723712325e-01
6.320054321e+02,7.816102505e-01
6.322333984e+02,7.801105976e-01
6.324613647e+02,7.837526798e-01
6.326893921e+02,7.865645289e-01
6.329173584e+02,7.901530266e-01
6.331453857e+02,7.911706567e-01
6.333734131e+02,7.884659171e-01
6.336014404e+02,7.783431411e-01
6.338294678e+02,7.888675928e-01
6.340575562e+02,7.767095566e-01
6.342855835e+02,7.872072458e-01
6.345136719e+02,7.996599078e-01
6.347417603e+02,7.957500219e-01
6.349698486e+02,8.028466702e-01
6.351979980e+02,7.904476523e-01
6.354260864e+02,7.846899629e-01
6.356542358e+02,7.879035473e-01
6.358823853e+02,7.906886339e-01
6.361105347e+02,7.900191545e-01
6.363386841e+02,7.950805426e-01
6.365668335e+02,7.890550494e-01
6.367949829e+02,7.861092687e-01
6.370231934e+02,7.861360908e-01
6.372514038e+02,7.973568439e-01
6.374796143e+02,7.956696749e-01
6.377078247e+02,7.900191545e-01
6.379360352e+02,7.869930267e-01
6.381643066e+02,7.926971316e-01
6.383925171e+02,8.030073643e-01
6.386207886e+02,7.980530858e-01
6.388490601e+02,8.049355149e-01
6.390773315e+02,8.010792136e-01
6.393056030e+02,8.101843596e-01
6.395339355e+02,7.944110632e-01
6.397622070e+02,8.017219305e-01
6.399905396e+02,8.053469658e-01
6.402188721e+02,8.072886467e-01
6.404472046e+02,8.115974665e-01
6.406755371e+02,8.120723367e-01
6.409039307e+02,8.134333491e-01
6.411323242e+02,8.093639016e-01
6.413606567e+02,8.163340092e-01
6.415890503e+02,8.229743838e-01
6.418174438e+02,8.161647916e-01
6.420458984e+02,8.292644024e-01
6.422742920e+02,8.396304846e-01
6.425027466e+02,8.449925780e-01
6.427311401e+02,8.474287987e-01
6.429595947e+02,8.382290006e-01
6.431880493e+02,8.175023198e-01
6.434165649e+02,8.156033158e-01
6.436450195e+02,8.033090830e-01
6.438735352e+02,8.125744462e-01
6.441019897e+02,8.063454032e-01
6.443305054e+02,7.916287780e-01
6.445590210e+02,7.896189094e-01
6.447875977e+02,7.859935164e-01
6.450161133e+02,7.864440084e-01
6.452446899e+02,7.768675089e-01
6.454732056e+02,7.907521129e-01
6.457017822e+02,7.777713537e-01
6.459303589e+02,7.941092849e-01
6.461589966e+02,7.957201004e-01
6.463875732e+02,7.893564105e-01
6.466162109e+02,8.070521355e-01
6.468447876e+02,8.122039437e-01
6.470734253e+02,8.035427928e-01
6.473020630e+02,8.245512843e-01
6.475307617e+02,8.322719932e-01
6.477593994e+02,8.270719647e-01
6.479880981e+02,8.244968653e-01
6.482167358e+02,8.216511011e-01
6.484454346e+02,8.238252997e-01
6.486741333e+02,7.993072867e-01
6.489028320e+02,8.084201813e-01
6.491315918e+02,8.102782369e-01
6.493602905e+02,7.939261198e-01
6.495890503e+02,8.059263825e-01
6.498178101e+02,7.997402549e-01
6.500465698e+02,8.010256886e-01
6.502753296e+02,8.005436063e-01
6.505041504e+02,7.948127389e-01
6.507329102e+02,7.888140678e-01
6.509617310e+02,7.904476523e-01
6.511905518e+02,7.853862047e-01
6.514193726e+02,7.793875337e-01
6.516481934e+02,7.817977071e-01
6.518770142e+02,7.801909447e-01
6.521058960e+02,7.745671868e-01
6.523347778e+02,7.810211182e-01
6.525636597e+02,7.767631412e-01
6.527925415e+02,7.852790952e-01
6.530214233e+02,7.803516388e-01
6.532503052e+02,7.920276523e-01
6.534792480e+02,7.830296159e-01
6.537081299e+02,7.864038944e-01
6.539370728e+02,7.819584012e-01
6.541660156e+02,7.901798487e-01
6.543949585e+02,7.763882279e-01
6.546239624e+02,7.832438350e-01
6.548529053e+02,7.861628532e-01
6.550819092e+02,7.792536616e-01
6.553109131e+02,7.841543555e-01
6.555399170e+02,7.764417529e-01
6.557689209e+02,7.902333736e-01
6.559979248e+02,7.896174788e-01
6.562269897e+02,7.900726795e-01
6.564560547e+02,7.835919857e-01
6.566851196e+02,7.814763784e-01
6.569141846e+02,7.843150496e-01
6.571432495e+02,7.847703099e-01
6.573723145e+02,7.947056293e-01
6.576014404e+02,7.935540676e-01
6.578305054e+02,7.849310040e-01
6.580596313e+02,7.786109447e-01
6.582887573e+02,7.787448168e-01
6.585178833e+02,7.855201364e-01
6.587470703e+02,7.871804833e-01
6.589761963e+02,7.896977663e-01
6.592053833e+02,7.968212366e-01
6.594345703e+02,7.929649353e-01
6.596637573e+02,7.879035473e-01
6.598929443e+02,7.931791544e-01
6.601221313e+02,7.905011773e-01
6.603513794e+02,7.880910039e-01
6.605805664e+02,7.896442413e-01
6.608098145e+02,7.898584604e-01
6.610390625e+02,7.872875929e-01
6.612683105e+02,7.935005426e-01
6.614975586e+02,7.915455699e-01
6.617268677e+02,7.742993832e-01
6.619561768e+02,7.751295567e-01
6.621854248e+02,7.710054517e-01
6.624147339e+02,7.775397301e-01
6.626441040e+02,7.732549310e-01
6.628734131e+02,7.723979950e-01
6.631027222e+02,7.725051045e-01
6.633320923e+02,7.667742372e-01
6.635614624e+02,7.681935430e-01
6.637908325e+02,7.676044106e-01
6.640202026e+02,7.677115202e-01
6.642495728e+02,7.668009996e-01
6.644790039e+02,7.609362006e-01
6.647083740e+02,7.699878216e-01
6.649378052e+02,7.668009996e-01
6.651672363e+02,7.745403647e-01
6.653966675e+02,7.714071274e-01
6.656260986e+02,7.741654515e-01
6.658555908e+02,7.711929083e-01
6.660850220e+02,7.704698443e-01
6.663145142e+02,7.712732553e-01
6.665440063e+02,7.684881687e-01
6.667734985e+02,7.636945248e-01
6.670030518e+02,7.709251046e-01
6.672325439e+02,7.619806528e-01
6.674620972e+02,7.724783421e-01
6.676915894e+02,7.742993832e-01
6.679211426e+02,7.708447576e-01
6.681506958e+02,7.745671868e-01
6.683803101e+02,7.673366070e-01
6.686098633e+02,7.705769539e-01
6.688394775e+02,7.738708854e-01
6.690690308e+02,7.662922144e-01
6.692986450e+02,7.700949311e-01
6.695282593e+02,7.748081684e-01
6.697579346e+02,7.695325613e-01
6.699875488e+02,7.740583420e-01
6.702172241e+02,7.704163194e-01
6.704468384e+02,7.777004242e-01
6.706765137e+02,7.724247575e-01
6.709061890e+02,7.597311139e-01
6.711359253e+02,7.793071866e-01
6.713656006e+02,7.682738900e-01
6.715953369e+02,7.713000178e-01
6.718250122e+02,7.745671868e-01
6.720547485e+02,7.771915793e-01
6.722844849e+02,7.603470683e-01
6.725142822e+02,7.662118673e-01
6.727440186e+02,7.638016939e-01
6.729738159e+02,7.759864926e-01
6.732035522e+02,7.738173604e-01
6.734333496e+02,7.736030817e-01
6.736631470e+02,7.651942372e-01
6.738929443e+02,7.732549310e-01
6.741228027e+02,7.747010589e-01
6.743526001e+02,7.719694972e-01
6.745824585e+02,7.674169540e-01
6.748123169e+02,7.721034288e-01
6.750421753e+02,7.642033696e-01
6.752720337e+02,7.685952783e-01
6.755019531e+02,7.648193240e-01
6.757318115e+02,7.606148720e-01
6.759617310e+02,7.567049861e-01
6.761916504e+02,7.656226754e-01
6.764215698e+02,7.655959129e-01
6.766514893e+02,7.643104792e-01
6.768814087e+02,7.634803057e-01
6.771113892e+02,7.696664333e-01
6.773413696e+02,7.613111138e-01
6.775712891e+02,7.670955658e-01
6.778012695e+02,7.684613466e-01
6.780313110e+02,7.622484565e-01
6.782612915e+02,7.555267215e-01
6.784912720e+02,7.556338310e-01
6.787213135e+02,7.623823285e-01
6.789513550e+02,7.647925019e-01
6.791813965e+02,7.606683969e-01
6.794114380e+02,7.636142373e-01
6.796415405e+02,7.592758536e-01
6.798715820e+02,7.548840046e-01
6.801016846e+02,7.590883970e-01
6.803317871e+02,7.600792646e-01
6.805618896e+02,7.597311139e-01
6.807919922e+02,7.658369541e-01
6.810220947e+02,7.598114610e-01
6.812522583e+02,7.658904791e-01
6.814823608e+02,7.602667212e-01
6.817125244e+02,7.675508261e-01
6.819426880e+02,7.610701323e-01
6.821728516e+02,7.612843513e-01
6.824030151e+02,7.669884562e-01
6.826332397e+02,7.650067806e-01
6.828634644e+02,7.636409998e-01
6.830936279e+02,7.656762600e-01
6.833238525e+02,7.570798993e-01
6.835540771e+02,7.564907670e-01
6.837843628e+02,7.516704202e-01
6.840145874e+02,7.610968947e-01
6.842448730e+02,7.575083971e-01
6.844751587e+02,7.585796118e-01
6.847054443e+02,7.514293790e-01
6.849357300e+02,7.503581643e-01
6.851660156e+02,7.527148128e-01
6.853963623e+02,7.545358539e-01
6.856266479e+02,7.519381642e-01
6.858569946e+02,7.539198995e-01
6.860873413e+02,7.509205341e-01
6.863176880e+02,7.502778172e-01
6.865480347e+02,7.552053332e-01
6.867784424e+02,7.520720959e-01
6.870087891e+02,7.457787991e-01
6.872391968e+02,7.496351004e-01
6.874696045e+02,7.487245798e-01
6.877000122e+02,7.417618632e-01
6.879304199e+02,7.441987991e-01
6.881608887e+02,7.478141189e-01
6.883912964e+02,7.490727305e-01
6.886217651e+02,7.532504201e-01
6.888522339e+02,7.402889729e-01
6.890827026e+02,7.415475845e-01
6.893131714e+02,7.416815162e-01
6.895437012e+02,7.387357354e-01
6.897741699e+02,7.438774705e-01
6.900046997e+02,7.395659089e-01
6.902352295e+02,7.501707077e-01
6.904657593e+02,7.408513427e-01
6.906962891e+02,7.435560822e-01
6.909268799e+02,7.500100136e-01
6.911574097e+02,7.381733656e-01
6.913880005e+02,7.519381642e-01
6.916185913e+02,7.492066622e-01
6.918491821e+02,7.562229633e-01
6.920797729e+02,7.542680502e-01
6.923104248e+02,7.574280500e-01
6.925410156e+02,7.570531368e-01
6.927716675e+02,7.563836575e-01
6.930023193e+02,7.540805936e-01
6.932329712e+02,7.553927898e-01
6.934636230e+02,7.495279908e-01
6.936942749e+02,7.452700138e-01
6.939249878e+02,7.486710548e-01
6.941557007e+02,7.430472970e-01
6.943864136e+02,7.346651554e-01
6.946171265e+02,7.431276441e-01
6.948478394e+02,7.417082787e-01
6.950785522e+02,7.443862557e-01
6.953093262e+02,7.491530776e-01
6.955400391e+02,7.354953885e-01
6.957708130e+02,7.390303016e-01
6.960015869e+02,7.387624979e-01
6.962323608e+02,7.409852147e-01
6.964631958e+02,7.331387401e-01
6.966939697e+02,7.382268906e-01
6.969248047e+02,7.297109365e-01
6.971556396e+02,7.291485071e-01
6.973864746e+02,7.335940003e-01
6.976173096e+02,7.310766578e-01
6.978481445e+02,7.370218039e-01
6.980790405e+02,7.387357354e-01
6.983099365e+02,7.372628450e-01
6.985407715e+02,7.387624979e-01
6.987716675e+02,7.362452149e-01
6.990025635e+02,7.404764295e-01
6.992335205e+02,7.399943471e-01
6.994644165e+02,7.411726713e-01
6.996953735e+02,7.436900139e-01
6.999263306e+02,7.311570048e-01
7.001572876e+02,7.325495481e-01
7.003882446e+02,7.356560230e-01
7.006192017e+02,7.305946350e-01
7.008502197e+02,7.313980460e-01
7.010811768e+02,7.316122651e-01
7.013121948e+02,7.353614569e-01
7.015432129e+02,7.360309362e-01
7.017742310e+02,7.342367172e-01
7.020052490e+02,7.392177582e-01
7.022363281e+02,7.479747534e-01
7.024674072e+02,7.347187400e-01
7.026984253e+02,7.462876439e-01
7.029295044e+02,7.434757352e-01
7.031605835e+02,7.396730185e-01
7.033917236e+02,7.343170643e-01
7.036228027e+02,7.371021509e-01
7.038539429e+02,7.398337126e-01
7.040850220e+02,7.358167171e-01
7.043161621e+02,7.379055619e-01
7.045473022e+02,7.309695482e-01
7.047785034e+02,7.316390872e-01
7.050096436e+02,7.341563702e-01
7.052408447e+02,7.391641736e-01
7.054719849e+02,7.338618040e-01
7.057031860e+02,7.389767170e-01
7.059343872e+02,7.466893196e-01
7.061656494e+02,7.345580459e-01
7.063968506e+02,7.389767170e-01
7.066281128e+02,7.456449270e-01
7.068593140e+02,7.437435389e-01
7.070905762e+02,7.400211692e-01
7.073218384e+02,7.504117489e-01
7.075531616e+02,7.490459681e-01
7.077844238e+02,7.516168356e-01
7.080157471e+02,7.499029040e-01
7.082470093e+02,7.474392056e-01
7.084783325e+02,7.561158538e-01
7.087096558e+02,7.617396116e-01
7.089409790e+02,7.549911141e-01
7.091723633e+02,7.491530776e-01
7.094036865e+02,7.537592053e-01
7.096350708e+02,7.516704202e-01
7.098664551e+02,7.548036575e-01
7.100978394e+02,7.531700730e-01
7.103292236e+02,7.497690320e-01
7.105606689e+02,7.510008812e-01
7.107920532e+02,7.416011691e-01
7.110234985e+02,7.567585707e-01
7.112549438e+02,7.447344065e-01
7.114863892e+02,7.380662560e-01
7.117178345e+02,7.408513427e-01
7.119492798e+02,7.399943471e-01
7.121807861e+02,7.411726713e-01
7.124122314e+02,7.346116304e-01
7.126437378e+02,7.313712835e-01
7.128752441e+02,7.400211692e-01
7.131067505e+02,7.348258495e-01
7.133383179e+02,7.385750413e-01
7.135698242e+02,7.349597812e-01
7.138013916e+02,7.404228449e-01
7.140329590e+02,7.379859090e-01
7.142645264e+02,7.500903606e-01
7.144960938e+02,7.325227857e-01
7.147276611e+02,7.330316305e-01
7.149592896e+02,7.305678725e-01
7.151908569e+02,7.325495481e-01
7.154224854e+02,7.255600095e-01
7.156541138e+02,7.315319180e-01
7.158857422e+02,7.272739410e-01
7.161173706e+02,7.306482196e-01
7.163490601e+02,7.245959640e-01
7.165806885e+02,7.208735347e-01
7.168123779e+02,7.220250964e-01
7.170440674e+02,7.159460783e-01
7.172757568e+02,7.236586809e-01
7.175075073e+02,7.178742290e-01
7.177391968e+02,7.159996033e-01
7.179709473e+02,7.198827267e-01
7.182026367e+02,7.153837085e-01
7.184343872e+02,7.186240554e-01
7.186661377e+02,7.175796628e-01
7.188979492e+02,7.193203568e-01
7.191296997e+02,7.104829550e-01
7.193615112e+02,7.136430144e-01
7.195933228e+02,7.159460783e-01
7.198250732e+02,7.103758454e-01
7.200569458e+02,7.073497176e-01
7.202887573e+02,7.151694298e-01
7.205205688e+02,7.155711651e-01
7.207524414e+02,7.086619735e-01
7.209842529e+02,7.127592564e-01
7.212161255e+02,7.072158456e-01
7.214479980e+02,7.088761926e-01
7.216799316e+02,7.014046311e-01
7.219118042e+02,7.027168274e-01
7.221437378e+02,7.059304118e-01
7.223756104e+02,6.998513937e-01
7.226075439e+02,6.978428960e-01
7.228394775e+02,7.014313936e-01
7.230714111e+02,7.009761333e-01
7.233034058e+02,7.023419142e-01
7.235353394e+02,6.962093115e-01
7.237673340e+02,6.945222020e-01
7.239993286e+02,6.907997727e-01
7.242313232e+02,6.916835308e-01
7.244633179e+02,6.875594258e-01
7.246953735e+02,6.880682111e-01
7.249273682e+02,6.901838183e-01
7.251594238e+02,6.906659007e-01
7.253914795e+02,6.935580969e-01
7.256235352e+02,6.929689646e-01
7.258555908e+02,6.910943389e-01
7.260876465e+02,6.848814487e-01
7.263197632e+02,6.898892522e-01
7.265518188e+02,6.831675172e-01
7.267839355e+02,6.839173436e-01
7.270160522e+02,6.892465353e-01
7.272481689e+02,6.867292523e-01
7.274803467e+02,6.822837591e-01
7.277124634e+02,6.833549738e-01
7.279446411e+02,6.838638186e-01
7.281768188e+02,6.827390194e-01
7.284089355e+02,6.835691929e-01
7.286411743e+02,6.897017956e-01
7.288733521e+02,6.837031245e-01
7.291055298e+02,6.830871701e-01
7.293377686e+02,6.807305813e-01
7.295700073e+02,6.856045127e-01
7.298022461e+02,6.731518507e-01
7.300344849e+02,6.787756085e-01
7.302667236e+02,6.705274582e-01
7.304990234e+02,6.653321385e-01
7.307312622e+02,6.688938737e-01
7.309635620e+02,6.654660106e-01
7.311958618e+02,6.646894217e-01
7.314281616e+02,6.636182070e-01
7.316604614e+02,6.662426591e-01
7.318928223e+02,6.681975722e-01
7.321251221e+02,6.643145084e-01
7.323574829e+02,6.554235816e-01
7.325898438e+02,6.568964720e-01
7.328222046e+02,6.586371660e-01
7.330545654e+02,6.562805176e-01
7.332869873e+02,6.538703442e-01
7.335193481e+02,6.575124264e-01
7.337517700e+02,6.547005177e-01
7.339841919e+02,6.522635818e-01
7.342166138e+02,6.511388421e-01
7.344490356e+02,6.504425406e-01
7.346815186e+02,6.503889561e-01
7.349139404e+02,6.504157782e-01
7.351464233e+02,6.544059515e-01
7.353789062e+02,6.418730021e-01
7.356113892e+02,6.543523669e-01
7.358438721e+02,6.442831755e-01
7.360763550e+02,6.509245634e-01
7.363088989e+02,6.463184357e-01
7.365414429e+02,6.533347368e-01
7.367739258e+02,6.504425406e-01
7.370065308e+02,6.480591297e-01
7.372390747e+02,6.493445635e-01
7.374716187e+02,6.471486092e-01
7.377042236e+02,6.439082623e-01
7.379367676e+02,6.452740431e-01
7.381693726e+02,6.365438104e-01
7.384019775e+02,6.381238103e-01
7.386345825e+02,6.374543309e-01
7.388672485e+02,6.329553127e-01
7.390998535e+02,6.379898787e-01
7.393325195e+02,6.423817873e-01
7.395651855e+02,6.358742714e-01
7.397978516e+02,6.344282031e-01
7.400305176e+02,6.270637512e-01
7.402631836e+02,6.190029979e-01
7.404959106e+02,6.213328242e-01
7.407285767e+02,6.318305135e-01
7.409613037e+02,6.255372763e-01
7.411940308e+02,6.304915547e-01
7.414267578e+02,6.228324771e-01
7.416594849e+02,6.312146187e-01
7.418922729e+02,6.247606277e-01
7.421250000e+02,6.331427693e-01
7.423577881e+02,6.288579702e-01
7.425905762e+02,6.323929429e-01
7.428233643e+02,6.190297604e-01
7.430562134e+02,6.296881437e-01
7.432890015e+02,6.174765229e-01
7.435218506e+02,6.190297604e-01
7.437546387e+02,6.188423038e-01
7.439874878e+02,6.200206280e-01
7.442203369e+02,6.105137467e-01
7.444532471e+02,6.138612628e-01
7.446860962e+02,6.123347878e-01
7.449190063e+02,6.164053679e-01
7.451518555e+02,6.070055962e-01
7.453847656e+02,6.138345003e-01
7.456176758e+02,6.120134592e-01
7.458506470e+02,6.084517241e-01
7.460835571e+02,6.016764045e-01
7.463164673e+02,6.037116647e-01
7.465494385e+02,6.037652493e-01
7.467824097e+02,6.010336876e-01
7.470153809e+02,5.969631672e-01
7.472483521e+02,6.009265780e-01
7.474813843e+02,6.017032266e-01
7.477143555e+02,6.029886603e-01
7.479473877e+02,5.940709114e-01
7.481804199e+02,6.005784273e-01
7.484134521e+02,5.921963453e-01
7.486464844e+02,6.007123590e-01
7.488795166e+02,5.951688886e-01
7.491126099e+02,5.928390622e-01
7.493457031e+02,5.990251899e-01
7.495787354e+02,6.017299891e-01
7.498118286e+02,5.940441489e-01
7.500449829e+02,5.911251307e-01
7.502780762e+02,5.953295827e-01
7.505111694e+02,5.915803909e-01
7.507443237e+02,5.891434550e-01
7.509774780e+02,5.929461718e-01
7.512106323e+02,5.846176744e-01
7.514437866e+02,5.828769803e-01
7.516769409e+02,5.819664598e-01
7.519101562e+02,5.832786560e-01
7.521433105e+02,5.764498115e-01
7.523765259e+02,5.802525282e-01
7.526097412e+02,5.759409666e-01
7.528429565e+02,5.746020079e-01
7.530762329e+02,5.811094642e-01
7.533094482e+02,5.761552453e-01
7.535427246e+02,5.805739164e-01
7.537759399e+02,5.689781904e-01
7.540092163e+02,5.667554736e-01
7.542425537e+02,5.718168616e-01
7.544758301e+02,5.740931630e-01
7.547091064e+02,5.730219483e-01
7.549424438e+02,5.793420076e-01
7.551757812e+02,5.716829896e-01
7.554090576e+02,5.673981905e-01
7.556424561e+02,5.689246655e-01
7.558757935e+02,5.641310811e-01
7.561091309e+02,5.618815422e-01
7.563425293e+02,5.618011951e-01
7.565759277e+02,5.600605011e-01
7.568092651e+02,5.680141449e-01
7.570426636e+02,5.691121221e-01
7.572761230e+02,5.685497522e-01
7.575095215e+02,5.656574965e-01
7.577429810e+02,5.682819486e-01
7.579763794e+02,5.569808483e-01
7.582098389e+02,5.519998074e-01
7.584432983e+02,5.562845469e-01
7.586767578e+02,5.634080172e-01
7.589102783e+02,5.593374372e-01
7.591437378e+02,5.626313686e-01
7.593772583e+02,5.540350676e-01
7.596107788e+02,5.566862822e-01
7.598442993e+02,5.554543734e-01
7.600778198e+02,5.558828712e-01
7.603113403e+02,5.520801544e-01
7.605449219e+02,5.510089397e-01
7.607785034e+02,5.494557023e-01
7.610120239e+02,5.517320037e-01
7.612456055e+02,5.487326384e-01
7.614792480e+02,5.419037938e-01
7.617128296e+02,5.399488211e-01
7.619464111e+02,5.411003828e-01
7.621800537e+02,5.409665108e-01
7.624136963e+02,5.426803827e-01
7.626473389e+02,5.389847755e-01
7.628809814e+02,5.435909033e-01
7.631146240e+02,5.398952961e-01
7.633483276e+02,5.406451225e-01
7.635819702e+02,5.368155837e-01
7.638156738e+02,5.371369720e-01
7.640493774e+02,5.327450633e-01
7.642830811e+02,5.268267393e-01
7.645167847e+02,5.284335017e-01
7.647505493e+02,5.323969126e-01
7.649842529e+02,5.281389356e-01
7.652180176e+02,5.206137896e-01
7.654517822e+02,5.235060453e-01
7.656855469e+02,5.231310725e-01
7.659193726e+02,5.198639631e-01
7.661531372e+02,5.288084149e-01
7.663869019e+02,5.219259858e-01
7.666207275e+02,5.261840224e-01
7.668545532e+02,5.227829814e-01
7.670883789e+02,5.215778947e-01
7.673222046e+02,5.105177760e-01
7.675560913e+02,5.221134424e-01
7.677899170e+02,5.101428628e-01
7.680238037e+02,5.218188763e-01
7.682576904e+02,5.246843100e-01
7.684915771e+02,5.197032690e-01
7.687254639e+02,5.208280087e-01
7.689594116e+02,5.167039633e-01
7.691932983e+02,5.178287029e-01
7.694272461e+02,5.121245980e-01
7.696611938e+02,5.166771412e-01
7.698951416e+02,5.131154060e-01
7.701290894e+02,5.108659267e-01
7.703630371e+02,5.099018812e-01
7.705970459e+02,5.117764473e-01
7.708309937e+02,5.078130364e-01
7.710650024e+02,5.135706663e-01
7.712990112e+02,5.083218217e-01
7.715330200e+02,5.039031506e-01
7.717670898e+02,5.065007806e-01
7.720010986e+02,5.013591051e-01
7.722351685e+02,5.031265616e-01
7.724692383e+02,4.943695366e-01
7.727033081e+02,4.965119362e-01
7.729373779e+02,4.933519065e-01
7.731714478e+02,4.925752878e-01
7.734055176e+02,4.966458082e-01
7.736396484e+02,5.012519360e-01
7.738737793e+02,4.960031211e-01
7.741079102e+02,4.944766462e-01
7.743420410e+02,4.970743060e-01
7.745761719e+02,4.943159819e-01
7.748103638e+02,4.968332946e-01
7.750444946e+02,4.912095070e-01
7.752786865e+02,4.884511828e-01
7.755128784e+02,4.965119362e-01
7.757470703e+02,4.932180047e-01
7.759812622e+02,4.991631210e-01
7.762155151e+02,4.966190457e-01
7.764497070e+02,5.002075434e-01
7.766839600e+02,4.953336120e-01
7.769182129e+02,4.880227149e-01
7.771524658e+02,4.812741876e-01
7.773867188e+02,4.912095070e-01
7.776209717e+02,4.885047376e-01
7.778552856e+02,4.887189865e-01
7.780895996e+02,4.850501418e-01
7.783239136e+02,4.950926006e-01
7.785582275e+02,4.877817035e-01
7.787925415e+02,4.883440733e-01
7.790268555e+02,4.854518473e-01
7.792612305e+02,4.867372811e-01
7.794955444e+02,4.857999682e-01
7.797299194e+02,4.847555757e-01
7.799642944e+02,4.834969044e-01
7.801986694e+02,4.788907766e-01
7.804331055e+02,4.729992151e-01
7.806674805e+02,4.742578566e-01
7.809019165e+02,4.808992743e-01
7.811363525e+02,4.773375392e-01
7.813707886e+02,4.723564982e-01
7.816052246e+02,4.725439548e-01
7.818396606e+02,4.658757746e-01
7.820741577e+02,4.708568156e-01
7.823085938e+02,4.588862360e-01
7.825430908e+02,4.584845304e-01
7.827775879e+02,4.625282884e-01
7.830120850e+02,4.591808021e-01
7.832465820e+02,4.602252245e-01
7.834811401e+02,4.491115808e-01
7.837156372e+02,4.492990375e-01
7.839501953e+02,4.547621310e-01
7.841847534e+02,4.540390670e-01
7.844193115e+02,4.476386905e-01
7.846539307e+02,4.578686059e-01
7.848884888e+02,4.535570443e-01
7.851231079e+02,4.536105990e-01
7.853576660e+02,4.512807429e-01
7.855922852e+02,4.537445009e-01
7.858269043e+02,4.570651948e-01
7.860615845e+02,4.526732862e-01
7.862962036e+02,4.481742978e-01
7.865308228e+02,4.494329393e-01
7.867655029e+02,4.457373023e-01
7.870001831e+02,4.502899051e-01
7.872348633e+02,4.506915808e-01
7.874695435e+02,4.487902224e-01
7.877042847e+02,4.551102519e-01
7.879389648e+02,4.472637773e-01
7.881737061e+02,4.562885761e-01
7.884084473e+02,4.489508867e-01
7.886431885e+02,4.479600489e-01
7.888779297e+02,4.463532567e-01
7.891126709e+02,4.498078525e-01
7.893474731e+02,4.494597018e-01
7.895822144e+02,4.496471882e-01
7.898170166e+02,4.511468410e-01
7.900518188e+02,4.537980556e-01
7.902866211e+02,4.416935444e-01
7.905214844e+02,4.448268116e-01
7.907562866e+02,4.398725331e-01
7.909911499e+02,4.443179965e-01
7.912260132e+02,4.345968962e-01
7.914608765e+02,4.348111451e-01
7.916957397e+02,4.336596131e-01
7.919306030e+02,4.366053939e-01
7.921655273e+02,4.258131087e-01
7.924003906e+02,4.314368665e-01
7.926353149e+02,4.234832525e-01
7.928702393e+02,4.273931086e-01
7.931051636e+02,4.281161726e-01
7.933400879e+02,4.161188006e-01
7.935750732e+02,4.157974422e-01
7.938099976e+02,4.152350724e-01
7.940449829e+02,4.158777893e-01
7.942799683e+02,4.092631638e-01
7.945149536e+02,4.130391181e-01
7.947499390e+02,4.205642641e-01
7.949849854e+02,4.115126729e-01
7.952199707e+02,4.157170951e-01
7.954550171e+02,4.188235700e-01
7.956900635e+02,4.168954194e-01
7.959251099e+02,4.217693508e-01
7.961601562e+02,4.138157368e-01
7.963952026e+02,4.226530790e-01
7.966303101e+02,4.173774421e-01
7.968654175e+02,4.224656224e-01
7.971004639e+02,4.186896682e-01
7.973355713e+02,4.161991477e-01
7.975707397e+02,4.160920084e-01
7.978058472e+02,4.144852161e-01
7.980410156e+02,4.144584537e-01
7.982761230e+02,4.045766890e-01
7.985112915e+02,4.045231044e-01
7.987464600e+02,4.036393762e-01
7.989816284e+02,4.134675860e-01
7.992167969e+02,4.094773829e-01
7.994520264e+02,3.997295201e-01
7.996872559e+02,4.054604173e-01
7.999224243e+02,4.061298966e-01
8.001576538e+02,4.009881914e-01
8.003928833e+02,4.080848396e-01
8.006281738e+02,3.983101845e-01
8.008634033e+02,4.026217461e-01
8.010986938e+02,4.048444629e-01
8.013339844e+02,4.041749835e-01
8.015692749e+02,4.015237689e-01
8.018045654e+02,4.004257917e-01
8.020398560e+02,3.955786526e-01
8.022751465e+02,4.040946364e-01
8.025104980e+02,3.971586525e-01
8.027458496e+02,3.969444036e-01
8.029812012e+02,3.922311664e-01
8.032165527e+02,3.907314837e-01
8.034519043e+02,3.955250978e-01
8.036872559e+02,3.941057622e-01
8.039226685e+02,3.923650682e-01
8.041580811e+02,3.890175819e-01
8.043934326e+02,3.844114542e-01
8.046288452e+02,3.885355294e-01
8.048643188e+02,3.869287670e-01
8.050997314e+02,3.857504427e-01
8.053352051e+02,3.834205866e-01
8.055706177e+02,3.876518011e-01
8.058060913e+02,3.789751232e-01
8.060415649e+02,3.851612806e-01
8.062770386e+02,3.823226094e-01
8.065125732e+02,3.789215684e-01
8.067480469e+02,3.776896894e-01
8.069835815e+02,3.780378401e-01
8.072191162e+02,3.693076074e-01
8.074546509e+02,3.727889955e-01
8.076901855e+02,3.717445731e-01
8.079257202e+02,3.723069429e-01
8.081613159e+02,3.674062490e-01
8.083968506e+02,3.660404682e-01
8.086324463e+02,3.730300069e-01
8.088680420e+02,3.714232147e-01
8.091036377e+02,3.679150641e-01
8.093392334e+02,3.710215092e-01
8.095748901e+02,3.630946875e-01
8.098104858e+02,3.672455549e-01
8.100461426e+02,3.708340526e-01
8.102817993e+02,3.714767694e-01
8.105174561e+02,3.637909591e-01
8.107531128e+02,3.672723472e-01
8.109888306e+02,3.644336760e-01
8.112244873e+02,3.633624911e-01
8.114602051e+02,3.604970276e-01
8.116959229e+02,3.626661897e-01
8.119316406e+02,3.541769981e-01
8.121673584e+02,3.569620848e-01
8.124031372e+02,3.581404090e-01
8.126388550e+02,3.539359570e-01
8.128746338e+02,3.551410735e-01
8.131104126e+02,3.501867950e-01
8.133461914e+02,3.515793383e-01
8.135819702e+02,3.523024023e-01
8.138177490e+02,3.452057242e-01
8.140535889e+02,3.448040485e-01
8.142894287e+02,3.449647129e-01
8.145252075e+02,3.427152038e-01
8.147610474e+02,3.428491056e-01
8.149969482e+02,3.326191902e-01
8.152327881e+02,3.333690464e-01
8.154686279e+02,3.312534392e-01
8.157045288e+02,3.315747976e-01
8.159404297e+02,3.281469643e-01
8.161763306e+02,3.301554620e-01
8.164122314e+02,3.309052885e-01
8.166481323e+02,3.294323981e-01
8.168840942e+02,3.244245648e-01
8.171199951e+02,3.290039301e-01
8.173559570e+02,3.284415603e-01
8.175919189e+02,3.292984962e-01
8.178278809e+02,3.220143914e-01
8.180638428e+02,3.280130625e-01
8.182998657e+02,3.215055764e-01
8.185358276e+02,3.191489279e-01
8.187718506e+02,3.183991015e-01
8.190078735e+02,3.180509508e-01
8.192438965e+02,3.225232065e-01
8.194799194e+02,3.224428594e-01
8.197160034e+02,3.187472522e-01
8.199520264e+02,3.195506334e-01
8.201881104e+02,3.153997660e-01
8.204241943e+02,3.189079165e-01
8.206602783e+02,3.155336678e-01
8.208963623e+02,3.196577430e-01
8.211325073e+02,3.130699098e-01
8.213685913e+02,3.106597364e-01
8.216047363e+02,3.038308620e-01
8.218408813e+02,3.093207181e-01
8.220770264e+02,3.052234054e-01
8.223131714e+02,3.091332614e-01
8.225493164e+02,3.069105446e-01
8.227855225e+02,3.063481748e-01
8.230216675e+02,2.993318439e-01
8.232578735e+02,3.035630584e-01
8.234940796e+02,3.039379716e-01
8.237302856e+02,2.997871041e-01
8.239665527e+02,3.001620173e-01
8.242027588e+02,3.038040698e-01
8.244390259e+02,2.939490974e-01
8.246752930e+02,2.997335494e-01
8.249115601e+02,2.967609763e-01
8.251478271e+02,2.930385768e-01
8.253840942e+02,2.934938371e-01
8.256203613e+02,2.919405997e-01
8.258566895e+02,2.901195586e-01
8.260930176e+02,2.875754833e-01
8.263293457e+02,2.881378531e-01
8.265656738e+02,2.919673920e-01
8.268020020e+02,2.887805700e-01
8.270383301e+02,2.896643281e-01
8.272747192e+02,2.870666683e-01
8.275111084e+02,2.813625634e-01
8.277474976e+02,2.844422460e-01
8.279838867e+02,2.864775062e-01
8.282202759e+02,2.839601934e-01
8.284566650e+02,2.848975062e-01
8.286931152e+02,2.818178236e-01
8.289295044e+02,2.876558304e-01
8.291659546e+02,2.801842391e-01
8.294024048e+02,2.837459743e-01
8.296388550e+02,2.789255977e-01
8.298753662e+02,2.834781706e-01
8.301118164e+02,2.788720429e-01
8.303483276e+02,2.813090086e-01
8.305848389e+02,2.798896730e-01
8.308213501e+02,2.821927369e-01
8.310578613e+02,2.768367529e-01
8.312943726e+02,2.784703374e-01
8.315309448e+02,2.728197873e-01
8.317674561e+02,2.754710019e-01
8.320040283e+02,2.740248740e-01
8.322406006e+02,2.783632278e-01
8.324771729e+02,2.781757414e-01
8.327138062e+02,2.728197873e-01
8.329503784e+02,2.690438330e-01
8.331870117e+02,2.729536891e-01
8.334235840e+02,2.727126777e-01
8.336602173e+02,2.733553946e-01
8.338968506e+02,2.714272439e-01
8.341335449e+02,2.714807987e-01
8.343701782e+02,2.697668672e-01
8.346068726e+02,2.683743238e-01
8.348435059e+02,2.673031390e-01
8.350802002e+02,2.686153352e-01
8.353168945e+02,2.681065202e-01
8.355535889e+02,2.705167234e-01
8.357903442e+02,2.684546709e-01
8.360270386e+02,2.656963468e-01
8.362637939e+02,2.710523009e-01
8.365005493e+02,2.674102485e-01
8.367373047e+02,2.633397281e-01
8.369740601e+02,2.637949586e-01
8.372108765e+02,2.632058263e-01
8.374476318e+02,2.674638033e-01
8.376844482e+02,2.588407099e-01
8.379212646e+02,2.620542943e-01
8.381580200e+02,2.588407099e-01
8.383948975e+02,2.613312304e-01
8.386317139e+02,2.599118948e-01
8.388685303e+02,2.573945820e-01
8.391054077e+02,2.567786574e-01
8.393422852e+02,2.566179633e-01
8.395791626e+02,2.616257966e-01
8.398160400e+02,2.582247555e-01
8.400529175e+02,2.567251027e-01
8.402898560e+02,2.548237145e-01
8.405267334e+02,2.553860843e-01
8.407636719e+02,2.588139176e-01
8.410006104e+02,2.546362579e-01
8.412375488e+02,2.577694952e-01
8.414744873e+02,2.538328767e-01
8.417114868e+02,2.555735707e-01
8.419484253e+02,2.540470958e-01
8.421854248e+02,2.481287569e-01
8.424224243e+02,2.489321530e-01
8.426594238e+02,2.524938881e-01
8.428964233e+02,2.455578893e-01
8.431334839e+02,2.444063574e-01
8.433704834e+02,2.471111268e-01
8.436075439e+02,2.496016473e-01
8.438446045e+02,2.474860400e-01
8.440816650e+02,2.507264018e-01
8.443187256e+02,2.410856485e-01
8.445557861e+02,2.426388860e-01
8.447929077e+02,2.438707650e-01
8.450299683e+02,2.451829761e-01
8.452670898e+02,2.391039431e-01
8.455042114e+02,2.433887273e-01
8.457413330e+02,2.382469922e-01
8.459785156e+02,2.391842902e-01
8.462156372e+02,2.347656041e-01
8.464528198e+02,2.335872948e-01
8.466899414e+02,2.346317172e-01
8.469271240e+02,2.384880036e-01
8.471643677e+02,2.291418463e-01
8.474015503e+02,2.287669182e-01
8.476387329e+02,2.266245335e-01
8.478759766e+02,2.293828577e-01
8.481132202e+02,2.280974239e-01
8.483504639e+02,2.308825254e-01
8.485877075e+02,2.274547070e-01
8.488249512e+02,2.324625403e-01
8.490621948e+02,2.294096351e-01
8.492994995e+02,2.260085940e-01
8.495368042e+02,2.344978154e-01
8.497740479e+02,2.299987972e-01
8.500113525e+02,2.311235517e-01
8.502487183e+02,2.342835665e-01
8.504860229e+02,2.252855450e-01
8.507233887e+02,2.271333486e-01
8.509606934e+02,2.222326398e-01
8.511980591e+02,2.315252423e-01
8.514354248e+02,2.268655449e-01
8.516727905e+02,2.284991294e-01
8.519102173e+02,2.252587676e-01
8.521475830e+02,2.283116579e-01
8.523850098e+02,2.250445187e-01
8.526224365e+02,2.276957333e-01
8.528598633e+02,2.197956741e-01
8.530972900e+02,2.230092585e-01
8.533347168e+02,2.253926545e-01
8.535721436e+02,2.234109491e-01
8.538096313e+02,2.205990702e-01
8.540471191e+02,2.216702551e-01
8.542846069e+02,2.180014253e-01
8.545220947e+02,2.174390405e-01
8.547595825e+02,2.160464972e-01
8.549971313e+02,2.182692140e-01
8.552346191e+02,2.163142860e-01
8.554721680e+02,2.132881582e-01
8.557097168e+02,2.114135772e-01
8.559472656e+02,2.109047621e-01
8.561848145e+02,2.133685052e-01
8.564224243e+02,2.156983465e-01
8.566599731e+02,2.117884904e-01
8.568975830e+02,2.140112221e-01
8.571351929e+02,2.076911777e-01
8.573728027e+02,2.083338946e-01
8.576104126e+02,2.056023479e-01
8.578480225e+02,2.072091401e-01
8.580856934e+02,2.086284757e-01
8.583233032e+02,2.057898045e-01
8.585609741e+02,2.088694870e-01
8.587986450e+02,2.084945738e-01
8.590363159e+02,2.024423182e-01
8.592740479e+02,2.087891549e-01
8.595117188e+02,2.056023479e-01
8.597494507e+02,2.029511333e-01
8.599871826e+02,2.040758878e-01
8.602249146e+02,2.015853673e-01
8.604626465e+02,2.018531710e-01
8.607003784e+02,2.024690956e-01
8.609381714e+02,2.005409598e-01
8.611759033e+02,2.024958879e-01
8.614136963e+02,1.967917681e-01
8.616514893e+02,1.940066665e-01
8.618892822e+02,1.963097304e-01
8.621270752e+02,1.941941231e-01
8.623649292e+02,1.940066665e-01
8.626027222e+02,1.997643411e-01
8.628405762e+02,1.974612623e-01
8.630784302e+02,1.937656552e-01
8.633162842e+02,1.904717237e-01
8.635541382e+02,1.970060170e-01
8.637919922e+02,1.910073310e-01
8.640299072e+02,1.916500479e-01
8.642678223e+02,1.937120855e-01
8.645057373e+02,1.969256699e-01
8.647436523e+02,1.932836175e-01
8.649815674e+02,1.877669543e-01
8.652194824e+02,1.900700331e-01
8.654574585e+02,1.843659133e-01
8.656953735e+02,1.907395273e-01
8.659333496e+02,1.900164634e-01
8.661713257e+02,1.834018379e-01
8.664093018e+02,1.904449463e-01
8.666472778e+02,1.836428642e-01
8.668853149e+02,1.843659133e-01
8.671233521e+02,1.818486154e-01
8.673613281e+02,1.884900182e-01
8.675993652e+02,1.799740195e-01
8.678374023e+02,1.848479509e-01
8.680755005e+02,1.816075891e-01
8.683135376e+02,1.861333847e-01
8.685516357e+02,1.822235286e-01
8.687896729e+02,1.823574305e-01
8.690277710e+02,1.810452193e-01
8.692658691e+02,1.789296120e-01
8.695040283e+02,1.776709557e-01
8.697421265e+02,1.775370538e-01
8.699802856e+02,1.751536429e-01
8.702183838e+02,1.766801029e-01
8.704565430e+02,1.751000881e-01
8.706947021e+02,1.750465333e-01
8.709328613e+02,1.730648279e-01
8.711710815e+02,1.731183827e-01
8.714092407e+02,1.711902320e-01
8.716474609e+02,1.676552892e-01
8.718856812e+02,1.672268063e-01
8.721239014e+02,1.695030928e-01
8.723621216e+02,1.647362858e-01
8.726003418e+02,1.695834398e-01
8.728386230e+02,1.659145951e-01
8.730768433e+02,1.693692058e-01
8.733151245e+02,1.628616899e-01
8.735534058e+02,1.647630632e-01
8.737916870e+02,1.669590175e-01
8.740299683e+02,1.652986556e-01
8.742683105e+02,1.654861271e-01
8.745066528e+02,1.628884822e-01
8.747449341e+02,1.656468064e-01
8.749832764e+02,1.646023840e-01
8.752216187e+02,1.647095084e-01
8.754600220e+02,1.624064445e-01
8.756983643e+02,1.600498110e-01
8.759367065e+02,1.563541889e-01
8.761751099e+02,1.620315164e-01
8.764135132e+02,1.579342037e-01
8.766519165e+02,1.583091170e-01
8.768903198e+02,1.560596079e-01
8.771287842e+02,1.542653590e-01
8.773671875e+02,1.531138271e-01
8.776056519e+02,1.527389139e-01
8.778441162e+02,1.542921364e-01
8.780825806e+02,1.545599401e-01
8.783210449e+02,1.521497518e-01
8.785595093e+02,1.545867175e-01
8.787980347e+02,1.531673819e-01
8.790364990e+02,1.517212689e-01
8.792750244e+02,1.489361674e-01
8.795135498e+02,1.518551707e-01
8.797520752e+02,1.471954733e-01
8.799906616e+02,1.550955325e-01
8.802291870e+02,1.455886811e-01
8.804677734e+02,1.460707188e-01
8.807062988e+02,1.459636092e-01
8.809448853e+02,1.475704014e-01
8.811834717e+02,1.462581903e-01
8.814221191e+02,1.457761526e-01
8.816607056e+02,1.409022063e-01
8.818993530e+02,1.428571492e-01
8.821379395e+02,1.431249380e-01
8.823765869e+02,1.437944323e-01
8.826152344e+02,1.428035796e-01
8.828539429e+02,1.445710510e-01
8.830925903e+02,1.421608627e-01
8.833312988e+02,1.465527564e-01
8.835699463e+02,1.402327120e-01
8.838086548e+02,1.416788250e-01
8.840473633e+02,1.378493160e-01
8.842860718e+02,1.390544027e-01
8.845248413e+02,1.363764107e-01
8.847635498e+02,1.394293159e-01
8.850023193e+02,1.361621767e-01
8.852410889e+02,1.385455877e-01
8.854798584e+02,1.364299804e-01
8.857186279e+02,1.362157315e-01
8.859573975e+02,1.322523206e-01
8.861961670e+02,1.365906596e-01
8.864349976e+02,1.304045171e-01
8.866738281e+02,1.323058754e-01
8.869126587e+02,1.304848492e-01
8.871514893e+02,1.307794303e-01
8.873903198e+02,1.328950375e-01
8.876292114e+02,1.334841996e-01
8.878680420e+02,1.295207739e-01
8.881069336e+02,1.302170455e-01
8.883458252e+02,1.268427819e-01
8.885847168e+02,1.293333173e-01
8.888236084e+02,1.279407591e-01
8.890625000e+02,1.319041848e-01
8.893014526e+02,1.267624497e-01
8.895404053e+02,1.280746609e-01
8.897793579e+02,1.239505634e-01
8.900183105e+02,1.253431141e-01
8.902572632e+02,1.266553253e-01
8.904962158e+02,1.262804121e-01
8.907352295e+02,1.210851222e-01
8.909741821e+02,1.257180423e-01
8.912131958e+02,1.228525937e-01
8.914522095e+02,1.207637638e-01
8.916912231e+02,1.205762997e-01
8.919302368e+02,1.241112426e-01
8.921693115e+02,1.198264658e-01
8.924083862e+02,1.199068055e-01
8.926473999e+02,1.204156205e-01
8.928864746e+02,1.208976582e-01
8.931255493e+02,1.171484813e-01
8.933646851e+02,1.190230697e-01
8.936037598e+02,1.159166098e-01
8.938428955e+02,1.146847308e-01
8.940819702e+02,1.096768975e-01
8.943211060e+02,1.122745499e-01
8.945602417e+02,1.111497954e-01
8.947994385e+02,1.122745499e-01
8.950385742e+02,1.135867611e-01
8.952777100e+02,1.112033501e-01
8.955169067e+02,1.114979312e-01
8.957561035e+02,1.102392748e-01
8.959953003e+02,1.083646864e-01
8.962344971e+02,1.134260818e-01
8.964737549e+02,1.075612903e-01
8.967129517e+02,1.123816669e-01
8.969522095e+02,1.125691235e-01
8.971914673e+02,1.107748747e-01
8.974307251e+02,1.113104746e-01
8.976699829e+02,1.128369272e-01
8.979092407e+02,1.073202714e-01
8.981484985e+02,1.112836897e-01
8.983878174e+02,1.037853360e-01
8.986271362e+02,1.110962331e-01
8.988664551e+02,1.038121134e-01
8.991057739e+02,1.084985882e-01
8.993450928e+02,1.079629883e-01
8.995844727e+02,1.067311168e-01
8.998237915e+02,1.064900979e-01
9.000631714e+02,1.078826487e-01
9.003025513e+02,1.019375250e-01
9.005419312e+02,1.060080603e-01
9.007813110e+02,1.030354947e-01
9.010206909e+02,1.033032984e-01
9.012601318e+02,1.022588834e-01
9.014995728e+02,1.027676985e-01
9.017390137e+02,1.001164913e-01
9.019784546e+02,1.010002270e-01
9.022178955e+02,9.893818200e-02
9.024573364e+02,1.014019251e-01
9.026968384e+02,1.011609063e-01
9.029362793e+02,9.853648394e-02
9.031757812e+02,1.001700535e-01
9.034152832e+02,9.719748795e-02
9.036547852e+02,9.727782756e-02
9.038943481e+02,9.559069574e-02
9.041338501e+02,9.010082483e-02
9.043734131e+02,9.572459757e-02
9.046129150e+02,9.615307301e-02
9.048524780e+02,9.588527679e-02
9.050920410e+02,9.264491498e-02
9.053316650e+02,9.363576770e-02
9.055712280e+02,9.435882419e-02
9.058108521e+02,9.540323913e-02
9.060504150e+02,9.127914160e-02
9.062900391e+02,9.470696002e-02
9.065296631e+02,9.283237159e-02
9.067693481e+02,9.422492236e-02
9.070089722e+02,8.897607028e-02
9.072486572e+02,8.964557201e-02
9.074882812e+02,9.310016781e-02
9.077279663e+02,9.248423576e-02
9.079676514e+02,9.173439443e-02
9.082073364e+02,9.202897549e-02
9.084470825e+02,9.119880199e-02
9.086867676e+02,9.283237159e-02
9.089265137e+02,8.868149668e-02
9.091662598e+02,9.237711132e-02
9.094060059e+02,8.822623640e-02
9.096457520e+02,8.731572330e-02
9.098854980e+02,8.710148185e-02
9.101252441e+02,8.961878717e-02
9.103650513e+02,9.058286250e-02
9.106048584e+02,8.570893109e-02
9.108446655e+02,8.798521757e-02
9.110844727e+02,8.720859885e-02
9.113242798e+02,8.619096875e-02
9.115641479e+02,8.980625123e-02
9.118039551e+02,8.177229017e-02
9.120438232e+02,8.983302861e-02
9.122836914e+02,8.244178444e-02
9.125235596e+02,8.436993510e-02
9.127634277e+02,8.016549796e-02
9.130032959e+02,8.238822967e-02
9.132432251e+02,8.102245629e-02
9.134831543e+02,8.241500705e-02
9.137230225e+02,8.011194319e-02
9.139629517e+02,8.174551278e-02
9.142029419e+02,7.735361159e-02
9.144428711e+02,7.772853225e-02
9.146828003e+02,7.829090953e-02
9.149227905e+02,8.027262241e-02
9.151627808e+02,7.949600369e-02
9.154027710e+02,7.684479654e-02
9.156427612e+02,7.807666808e-02
9.158827515e+02,7.885328680e-02
9.161228027e+02,7.601462305e-02
9.163627930e+02,7.697869837e-02
9.166028442e+02,7.829090953e-02
9.168428955e+02,7.652343810e-02
9.170829468e+02,7.743395120e-02
9.173229980e+02,7.767497003e-02
9.175631104e+02,7.408647239e-02
9.178031616e+02,7.464884967e-02
9.180432739e+02,7.017661631e-02
9.182833862e+02,7.317595929e-02
9.185234985e+02,7.339019328e-02
9.187636108e+02,6.907863915e-02
9.190037231e+02,6.961423904e-02
9.192438965e+02,7.277426124e-02
9.194840698e+02,7.282781601e-02
9.197241821e+02,6.808778644e-02
9.199643555e+02,6.757896394e-02
9.202045898e+02,7.178340107e-02
9.204447632e+02,6.586505473e-02
9.206849365e+02,6.865016371e-02
9.209251709e+02,6.650777161e-02
9.211654053e+02,7.052475214e-02
9.214056396e+02,6.685590744e-02
9.216458740e+02,6.907863915e-02
9.218861084e+02,6.862337887e-02
9.221264038e+02,6.642743200e-02
9.223666382e+02,6.680235267e-02
9.226069336e+02,6.589183956e-02
9.228472290e+02,6.420470774e-02
9.230875244e+02,6.814134121e-02
9.233278198e+02,6.286571175e-02
9.235681763e+02,6.345486641e-02
9.238084717e+02,6.155350059e-02
9.240488281e+02,6.270503253e-02
9.242891846e+02,6.307995319e-02
9.245295410e+02,6.321384758e-02
9.247698975e+02,6.179451942e-02
9.250102539e+02,6.184807792e-02
9.252506714e+02,6.091078371e-02
9.254910278e+02,5.925043300e-02
9.257314453e+02,6.066976488e-02
9.259718628e+02,5.914331228e-02
9.262122803e+02,6.270503253e-02
9.264527588e+02,6.190163642e-02
9.266931763e+02,6.112502143e-02
9.269336548e+02,6.224977598e-02
9.271741333e+02,5.558159202e-02
9.274146118e+02,5.970568955e-02
9.276550903e+02,5.895585194e-02
9.278955688e+02,5.496565625e-02
9.281360474e+02,5.330530554e-02
9.283765869e+02,5.501921475e-02
9.286171265e+02,5.424259976e-02
9.288576660e+02,5.592972785e-02
9.290982056e+02,5.499243364e-02
9.293387451e+02,5.335886404e-02
9.295792847e+02,5.394801870e-02
9.298198853e+02,5.705448240e-02
9.300604248e+02,5.453717709e-02
9.303010254e+02,5.386767909e-02
9.305416260e+02,5.635820702e-02
9.307822266e+02,5.362666026e-02
9.310228882e+02,5.325174332e-02
9.312634888e+02,5.384090170e-02
9.315041504e+02,5.287682638e-02
9.317448120e+02,5.116291344e-02
9.319854736e+02,5.185919255e-02
9.322261353e+02,5.081477761e-02
9.324667969e+02,5.052020028e-02
9.327075195e+02,4.872594774e-02
9.329481812e+02,4.532490671e-02
9.331889038e+02,4.644966125e-02
9.334296265e+02,4.824391007e-02
9.336703491e+02,4.727983475e-02
9.339110718e+02,4.792255163e-02
9.341518555e+02,4.963646457e-02
9.343925781e+02,4.537846521e-02
9.346333618e+02,4.883306846e-02
9.348741455e+02,4.618186131e-02
9.351149292e+02,4.465540871e-02
9.353557129e+02,4.626220092e-02
9.355964966e+02,4.896696657e-02
9.358373413e+02,4.628898203e-02
9.360781250e+02,4.280760139e-02
9.363189697e+02,4.272726178e-02
9.365598145e+02,4.125436768e-02
9.368006592e+02,4.385201633e-02
9.370415649e+02,4.034385458e-02
9.372824097e+02,3.707671165e-02
9.375233154e+02,3.857638314e-02
9.377642212e+02,4.114725068e-02
9.380051270e+02,4.347709566e-02
9.382460327e+02,3.932621703e-02
9.384869385e+02,3.978147730e-02
9.387278442e+02,3.978147730e-02
9.389688110e+02,3.849604353e-02
9.392097778e+02,3.753196821e-02
9.394507446e+02,3.978147730e-02
9.396917114e+02,3.680891171e-02
9.399326782e+02,3.761230782e-02
9.401736450e+02,3.509500250e-02
9.404146729e+02,3.862994164e-02
9.406556396e+02,3.849604353e-02
9.408966675e+02,3.533602133e-02
9.411376953e+02,3.482720256e-02
9.413787842e+02,3.338108957e-02
9.416198120e+02,3.332753107e-02
9.418608398e+02,3.086378425e-02
9.421019287e+02,3.222955763e-02
9.423430176e+02,3.003360890e-02
9.425841064e+02,3.102446347e-02
9.428251953e+02,3.147972003e-02
9.430662842e+02,2.949801087e-02
9.433074341e+02,3.078344464e-02
9.435485229e+02,2.837325819e-02
9.437896729e+02,2.805189975e-02
9.440308228e+02,2.856071666e-02
9.442719727e+02,2.791799977e-02
9.445131226e+02,2.850715630e-02
9.447543335e+02,2.831969783e-02
9.449954834e+02,2.826613747e-02
9.452366943e+02,2.882851474e-02
9.454779053e+02,2.558815293e-02
9.457191162e+02,2.502577566e-02
9.459603271e+02,2.631120943e-02
9.462015381e+02,2.416882105e-02
9.464428101e+02,2.240134962e-02
9.466840820e+02,2.256202884e-02
9.469252930e+02,2.588273026e-02
9.471665649e+02,2.462407760e-02
9.474078979e+02,2.272270806e-02
9.476491699e+02,2.221389115e-02
9.478904419e+02,2.631120943e-02
9.481317749e+02,2.183897234e-02
9.483731079e+02,2.443661913e-02
9.486144409e+02,2.416882105e-02
9.488557739e+02,2.178541385e-02
9.490971069e+02,2.489187568e-02
9.493384399e+02,2.376712300e-02
9.495798340e+02,2.138371579e-02
9.498212280e+02,2.221389115e-02
9.500626221e+02,2.325830422e-02
9.503040161e+02,2.141049504e-02
9.505454102e+02,2.301728725e-02
9.507868042e+02,2.079455741e-02
9.510282593e+02,2.119625546e-02
9.512697144e+02,2.047320083e-02
9.515111084e+02,2.036608011e-02
9.517525635e+02,2.047320083e-02
9.519940796e+02,1.886640862e-02
9.522355347e+02,2.157117426e-02
9.524769897e+02,2.020540088e-02
9.527185059e+02,1.972336322e-02
9.529600220e+02,1.878606901e-02
9.532015381e+02,1.849148981e-02
9.534430542e+02,1.859861054e-02
9.536845703e+02,2.092845738e-02
9.539261475e+02,1.900030859e-02
9.541676636e+02,1.897352748e-02
9.544092407e+02,2.047320083e-02
9.546508179e+02,2.224067040e-02
9.548923950e+02,1.988404244e-02
9.551339722e+02,1.822369173e-02
9.553756104e+02,1.825047284e-02
9.556171875e+02,1.669724099e-02
9.558588257e+02,1.661690138e-02
9.561004639e+02,1.699181832e-02
9.563421021e+02,1.586706564e-02
9.565837402e+02,1.865216903e-02
9.568253784e+02,1.725961640e-02
9.570670776e+02,1.637588255e-02
9.573087158e+02,1.640266180e-02
9.575504150e+02,1.790233329e-02
9.577921143e+02,1.940200664e-02
9.580338135e+02,1.926810667e-02
9.582755737e+02,1.733995602e-02
9.585172729e+02,1.827725209e-02
9.587590332e+02,1.926810667e-02
9.590007324e+02,1.699181832e-02
9.592424927e+02,1.891996898e-02
9.594843140e+02,1.811657287e-02
9.597260742e+02,1.522434782e-02
9.599678345e+02,1.551892702e-02
9.602096558e+02,1.439417247e-02
9.604514160e+02,1.302840002e-02
9.606932373e+02,1.492976956e-02
9.609350586e+02,1.468875073e-02
9.611769409e+02,1.321585942e-02
9.614187622e+02,1.329619903e-02
9.616605835e+02,1.567960531e-02
9.619024658e+02,1.361755654e-02
9.621443481e+02,1.675079949e-02
9.623862305e+02,1.501010917e-02
9.626281128e+02,1.442095265e-02
9.628699951e+02,1.249280293e-02
9.631119385e+02,1.356399711e-02
9.633538818e+02,1.549214683e-02
9.635957642e+02,1.731317677e-02
9.638377075e+02,1.525112800e-02
9.640796509e+02,1.613486372e-02
9.643216553e+02,1.434061304e-02
9.645635986e+02,1.383179612e-02
9.648056030e+02,1.377823576e-02
9.650475464e+02,1.495654974e-02
9.652895508e+02,1.324263867e-02
9.655315552e+02,1.217144448e-02
9.657735596e+02,1.380501594e-02
9.660156250e+02,1.176974643e-02
9.662576294e+02,1.126092952e-02
9.664996948e+02,1.168940682e-02
9.667417603e+02,1.308195945e-02
9.669838257e+02,1.080567203e-02
9.672258911e+02,1.222500391e-02
9.674679565e+02,1.243924350e-02
9.677100830e+02,1.262670197e-02
9.679522095e+02,1.310873963e-02
9.681942749e+02,1.436739322e-02
9.684364014e+02,1.166262757e-02
9.686785278e+02,1.340331789e-02
9.689207153e+02,1.238568313e-02
9.691628418e+02,1.308195945e-02
9.694050293e+02,1.364433672e-02
9.696471558e+02,1.185008604e-02
9.698893433e+02,1.118058991e-02
9.701315308e+02,1.048431359e-02
9.703737793e+02,1.002905611e-02
9.706159668e+02,8.047346957e-03
9.708582153e+02,1.235890388e-02
9.711004028e+02,9.573798627e-03
9.713426514e+02,9.332779795e-03
9.715848999e+02,7.243951317e-03
9.718271484e+02,1.120737009e-02
9.720694580e+02,9.734477848e-03
9.723117065e+02,1.053787302e-02
9.725540161e+02,9.064981714e-03
9.727963257e+02,1.163584739e-02
9.730386353e+02,1.021651551e-02
9.732809448e+02,1.104669087e-02
9.735232544e+02,1.257314254e-02
9.737655640e+02,8.422264829e-03
9.740079346e+02,9.707697667e-03
9.742503052e+02,1.128770970e-02
9.744926758e+02,6.681574043e-03
9.747350464e+02,9.439899586e-03
9.749774170e+02,9.091760963e-03
9.752197876e+02,9.439899586e-03
9.754622192e+02,8.582944050e-03
9.757046509e+02,8.100906387e-03
9.759470825e+02,6.949372590e-03
9.761895142e+02,8.663283661e-03
9.764319458e+02,7.940227166e-03
9.766743774e+02,7.967007346e-03
9.769168701e+02,8.850742131e-03
9.771593018e+02,8.475824259e-03
9.774017944e+02,8.556163870e-03
9.776442871e+02,9.680918418e-03
9.778867798e+02,9.734477848e-03
9.781292725e+02,7.377850357e-03
9.783718262e+02,8.449045010e-03
9.786143799e+02,7.752768230e-03
9.788568726e+02,8.797182702e-03
9.790994263e+02,8.047346957e-03
9.793419800e+02,6.788693368e-03
9.795845947e+02,8.127686568e-03
9.798271484e+02,5.583600141e-03
9.800697021e+02,7.029712200e-03
9.803123169e+02,4.565965384e-03
9.805549316e+02,7.002932485e-03
9.807975464e+02,6.172756664e-03
9.810401611e+02,9.011421353e-03
9.812828369e+02,6.628014613e-03
9.815254517e+02,8.690062910e-03
9.817681274e+02,6.815473549e-03
9.820108032e+02,8.020566776e-03
9.822534790e+02,7.967007346e-03
9.824961548e+02,8.475824259e-03
9.827388306e+02,6.949372590e-03
9.829815674e+02,8.663283661e-03
9.832242432e+02,7.967007346e-03
9.834669800e+02,8.636503480e-03
9.837097168e+02,4.860544112e-03
9.839524536e+02,6.413775496e-03
9.841951904e+02,6.949372590e-03
9.844379883e+02,7.110051811e-03
9.846807251e+02,2.343237400e-03
9.849235229e+02,6.815473549e-03
9.851663208e+02,5.369361024e-03
9.854091187e+02,6.092417054e-03
9.856519165e+02,6.119197235e-03
9.858947144e+02,4.619525280e-03
9.861375732e+02,6.012077909e-03
9.863804321e+02,7.511749864e-03
9.866232300e+02,7.565309294e-03
9.868660889e+02,6.815473549e-03
9.871089478e+02,5.476480816e-03
9.873518677e+02,7.779548410e-03
9.875947266e+02,8.422264829e-03
9.878376465e+02,7.993787527e-03
9.880805664e+02,5.530040246e-03
9.883234863e+02,5.931738298e-03
9.885664062e+02,6.467335392e-03
9.888093262e+02,5.637159571e-03
9.890522461e+02,4.940883256e-03
9.892952271e+02,5.503260531e-03
9.895382080e+02,2.932394156e-03
9.897811279e+02,7.297510747e-03
9.900241699e+02,5.048003048e-03
9.902671509e+02,5.021222867e-03
9.905101318e+02,3.280532314e-03
9.907531738e+02,4.512405954e-03
9.909961548e+02,5.101562478e-03
9.912391968e+02,5.797838792e-03
9.914822388e+02,5.744279362e-03
9.917252808e+02,6.574454717e-03
9.919683838e+02,6.092417054e-03
9.922114258e+02,8.020566776e-03
9.924545288e+02,4.592745565e-03
9.926975708e+02,8.261585608e-03
9.929406738e+02,5.021222867e-03
9.931837769e+02,6.869032979e-03
9.934269409e+02,4.967663437e-03
9.936700439e+02,5.690719467e-03
9.939132080e+02,2.878834493e-03
9.941563110e+02,4.646304995e-03
9.943994751e+02,2.852054778e-03
9.946426392e+02,4.003588576e-03
9.948858643e+02,4.244607408e-03
9.951290283e+02,3.012733767e-03
9.953721924e+02,4.244607408e-03
9.956154175e+02,4.191047512e-03
9.958586426e+02,3.655450419e-03
9.961018677e+02,4.485625774e-03
9.963450928e+02,5.583600141e-03
9.965883179e+02,2.959174104e-03
9.968316040e+02,5.610379856e-03
9.970748291e+02,3.923248965e-03
9.973181152e+02,7.029712200e-03
9.975614014e+02,4.592745565e-03
9.978046875e+02,4.405286163e-03
9.980480347e+02,2.932394156e-03
9.982913208e+02,4.914103542e-03
9.985346680e+02,1.432722318e-03
9.987779541e+02,4.057148006e-03
9.990213013e+02,2.852054778e-03
9.992646484e+02,4.405286163e-03
9.995079956e+02,2.450356726e-03
9.997514038e+02,3.521551145e-03
9.999947510e+02,3.146633040e-03
1.000238159e+03,2.289677737e-03
1.000481567e+03,2.423577011e-03
1.000724976e+03,5.048003048e-03
1.000968384e+03,3.842909355e-03
1.001211792e+03,4.726644605e-03
1.001455261e+03,3.709010081e-03
1.001698669e+03,6.092417054e-03
1.001942139e+03,3.012733767e-03
1.002185608e+03,4.592745565e-03
1.002429077e+03,4.030368291e-03
1.002672546e+03,4.673084710e-03
1.002916077e+03,2.262897789e-03
1.003159546e+03,2.744935220e-03
1.003403076e+03,2.825274831e-03
1.003646606e+03,3.441211535e-03
1.003890137e+03,-2.811884915e-04
1.004133667e+03,3.601890756e-03
1.004377258e+03,2.932394156e-03
1.004620789e+03,8.703453350e-04
1.004864380e+03,1.646961202e-03
1.005107971e+03,3.976808861e-03
1.005351562e+03,4.378506448e-03
1.005595154e+03,3.414431587e-03
1.005838745e+03,2.691375557e-03
1.006082336e+03,3.441211535e-03
1.006325989e+03,3.816129407e-03
1.006569641e+03,4.405286163e-03
1.006813293e+03,5.074782763e-03
1.007056946e+03,3.896469017e-03
1.007300598e+03,3.012733767e-03
1.007544312e+03,3.923248965e-03
1.007787964e+03,6.293266197e-04
1.008031677e+03,1.754080527e-03
1.008275391e+03,1.620181254e-03
1.008519104e+03,3.628670471e-03
1.008762817e+03,1.057804329e-03
1.009006531e+03,1.405942487e-03
1.009250305e+03,2.276287705e-04
1.009494019e+03,2.611035947e-03
1.009737793e+03,1.298823045e-03
1.009981567e+03,2.370017348e-03
1.010225342e+03,2.316457452e-03
1.010469177e+03,3.414431587e-03
1.010712952e+03,3.146633040e-03
1.010956787e+03,2.744935220e-03
1.011200623e+03,4.699864890e-03
1.011444397e+03,3.869689303e-03
1.011688293e+03,3.628670471e-03
1.011932129e+03,4.217827227e-03
1.012175964e+03,4.351726733e-03
1.012419861e+03,2.102218801e-03
1.012663696e+03,2.985954052e-03
1.012907593e+03,1.861199969e-03
1.013151489e+03,1.995099243e-03
1.013395447e+03,2.477136673e-03
1.013639343e+03,2.611035947e-03
1.013883240e+03,1.486281981e-03
1.014127197e+03,2.209338127e-03
1.014371155e+03,7.364460616e-04
1.014615112e+03,-2.544086310e-04
1.014859070e+03,2.932394156e-03
1.015103027e+03,2.744935220e-03
1.015347046e+03,3.789349692e-03
1.015591003e+03,2.611035947e-03
1.015835022e+03,4.405286163e-03
1.016079041e+03,2.664595610e-03
1.016323059e+03,3.494771197e-03
1.016567078e+03,2.530696336e-03
1.016811157e+03,3.334092209e-03
1.017055176e+03,5.489870673e-04
1.017299255e+03,1.887979917e-03
1.017543335e+03,-3.883079044e-04
1.017787415e+03,1.031024498e-03
1.018031494e+03,1.191703603e-03
1.018275574e+03,1.834420138e-03
1.018519714e+03,1.513061929e-03
1.018763855e+03,9.239050560e-04
1.019007935e+03,-1.566621591e-03
1.019252075e+03,-6.025467883e-04
1.019496216e+03,-2.584256232e-03
1.019740417e+03,-7.096661720e-04
1.019984558e+03,-2.182558179e-03
1.020228760e+03,2.584256232e-03
[EndOfFile]
