#Thorlabs FTS
[SpectrumHeader]
#Date,20251128
#Time,19412625
#GMTTime,22412625
#Instrument,0
#InstrModel,CCS200
#Series,0
#InterferometerSerial,M00311012
#Type,emission
#ChannelIndex,0
#XAxisUnit,nm_air
#YAxisUnit,intensity
#Average,1
#RollingAverage,0
#SpectrumSmooth,0
#SSmoothParam1,0
#SSmoothParam2,0
#SSmoothParam3,0
#SSmoothParam4,0
#IntegrationTime,3.000000
#TriggerMode,0
#AirMeasureOpt,0
#AirTemp,0.00
#AirPressure,0.00
#AirRelHum,0.00
#WnrMin,9799.037109
#WnrMax,50982.906250
#Length,3648
#Resolution,0.0000000000e+00
#ADC,0
#InstrStatus,0
#RefLaserLocked,0
#ChannelIndex,0
#AttenuationFilter,0
#Stitched,0
#ExcitationWavelength_nm,0
#SoftwareVersion,3.310000
#FirmwareVersion,
#Motor_FirmwareVersion,
#ReconstructionAlgorithms_SoftwareVersion,
#Sensor_FirmwareVersion,
#InstrSeriesIdentifier,MUN_CCS_SERIES
#RefGainIndex,0
#RefSignalInPerecent,0.0
#BBRefGainIndex,0
#BBRefSignalInPerecent,0.0
#AutogainStatus,0
#Name,
#Comment,""
#ExtComment,""
#Source,
[Data]
1.960870056e+02,3.789948998e-03
1.962940979e+02,2.451532520e-03
1.965012054e+02,3.334887326e-03
1.967083282e+02,-7.874349249e-04
1.969154510e+02,2.297614701e-04
1.971225891e+02,-1.403106493e-03
1.973297424e+02,-8.409715956e-04
1.975368958e+02,-2.848596079e-03
1.977440643e+02,-6.000566646e-04
1.979512482e+02,-3.792179632e-05
1.981584320e+02,7.115913322e-04
1.983656311e+02,-1.403106493e-03
1.985728455e+02,7.651280030e-04
1.987800751e+02,-3.591417044e-04
1.989873047e+02,9.257379570e-04
1.991945496e+02,-3.792179632e-05
1.994018097e+02,1.032811240e-03
1.996090698e+02,1.916166046e-03
1.998163452e+02,3.977327142e-03
2.000236359e+02,2.237386070e-03
2.002309418e+02,4.592998885e-03
2.004382477e+02,3.227814101e-03
2.006455688e+02,2.531837672e-03
2.008528900e+02,1.889397739e-03
2.010602417e+02,8.454329800e-04
2.012675934e+02,2.210617764e-03
2.014749451e+02,3.636031179e-04
2.016823273e+02,-1.403106493e-03
2.018897095e+02,-3.859100398e-04
2.020971069e+02,-2.607681090e-03
2.023045044e+02,5.777497427e-04
2.025119171e+02,-1.456643105e-03
2.027193451e+02,-2.788367274e-04
2.029267883e+02,-9.748132434e-04
2.031342316e+02,3.636031179e-04
2.033416901e+02,-1.182267733e-04
2.035491638e+02,-6.268249708e-04
2.037566376e+02,1.835861127e-03
2.039641418e+02,3.120740876e-03
2.041716309e+02,3.575802315e-03
2.043791504e+02,2.183849225e-03
2.045866699e+02,1.675251173e-03
2.047942047e+02,1.728787785e-03
2.050017548e+02,3.334887326e-03
2.052093048e+02,2.157080919e-03
2.054168701e+02,-8.677399019e-04
2.056244507e+02,3.174277488e-03
2.058320312e+02,1.059579547e-03
2.060396423e+02,-3.323733981e-04
2.062472534e+02,-5.197516875e-04
2.064548645e+02,-1.108654891e-03
2.066624908e+02,-1.965241274e-03
2.068701324e+02,3.368347825e-04
2.070777893e+02,-1.115346913e-05
2.072854462e+02,6.580547197e-04
2.074931335e+02,-3.056050627e-04
2.077008057e+02,3.903714241e-04
2.079085083e+02,-1.985317504e-04
2.081162109e+02,2.832981118e-04
2.083239288e+02,1.220189617e-03
2.085316467e+02,2.157080919e-03
2.087393951e+02,2.264154376e-03
2.089471436e+02,1.835861127e-03
2.091548920e+02,1.916166046e-03
2.093626709e+02,3.843485611e-03
2.095704498e+02,2.424764214e-03
2.097782440e+02,2.638910897e-03
2.099860382e+02,2.451532520e-03
2.101938629e+02,-5.197516875e-04
2.104016724e+02,5.777497427e-04
2.106095123e+02,1.809092704e-03
2.108173523e+02,7.115913322e-04
2.110252075e+02,1.494564931e-04
2.112330780e+02,3.903714241e-04
2.114409637e+02,1.327262842e-03
2.116488495e+02,-2.821827773e-03
2.118567505e+02,4.439080949e-04
2.120646515e+02,2.832981118e-04
2.122725677e+02,1.487872796e-03
2.124804993e+02,2.478300827e-03
2.126884460e+02,3.361655632e-03
2.128963928e+02,7.918963092e-04
2.131043549e+02,5.777497427e-04
2.133123322e+02,3.227814101e-03
2.135203094e+02,5.369279999e-03
2.137283173e+02,3.843485611e-03
2.139363098e+02,5.242130719e-04
2.141443329e+02,3.495497396e-03
2.143523560e+02,1.969702775e-03
2.145603943e+02,1.327262842e-03
2.147684479e+02,7.115913322e-04
2.149765015e+02,-1.055118162e-03
2.151845703e+02,1.086347969e-03
2.153926544e+02,-9.212765726e-04
2.156007538e+02,2.478300827e-03
2.158088531e+02,-3.591417044e-04
2.160169678e+02,1.220189617e-03
2.162250824e+02,-3.323733981e-04
2.164332123e+02,5.509813782e-04
2.166413574e+02,3.100664471e-04
2.168495178e+02,1.621714444e-03
2.170576782e+02,-7.071299478e-04
2.172658691e+02,-3.591417044e-04
2.174740448e+02,1.942934352e-03
2.176822510e+02,3.174277488e-03
2.178904572e+02,2.853057580e-03
2.180986786e+02,1.380799571e-03
2.183069000e+02,2.210617764e-03
2.185151520e+02,2.531837672e-03
2.187234039e+02,2.371227602e-03
2.189316559e+02,1.648482750e-03
2.191399384e+02,-1.717634295e-04
2.193482208e+02,2.832981118e-04
2.195565186e+02,1.226881577e-04
2.197648163e+02,6.848230259e-04
2.199731293e+02,4.171397595e-04
2.201814575e+02,5.777497427e-04
2.203898010e+02,1.086347969e-03
2.205981445e+02,-3.323733981e-04
2.208065033e+02,-1.510179718e-03
2.210148773e+02,2.183849225e-03
2.212232513e+02,-9.145845252e-05
2.214316406e+02,6.045180489e-04
2.216400452e+02,2.451532520e-03
2.218484650e+02,3.575802315e-03
2.220568848e+02,1.916166046e-03
2.222653198e+02,3.656107234e-03
2.224737549e+02,2.799520735e-03
2.226822205e+02,9.525063215e-04
2.228906860e+02,2.853057580e-03
2.230991516e+02,1.755556092e-03
2.233076477e+02,9.525063215e-04
2.235161438e+02,-3.591417044e-04
2.237246552e+02,-5.732883583e-04
2.239331665e+02,-1.717634295e-04
2.241416931e+02,3.368347825e-04
2.243502350e+02,6.045180489e-04
2.245587921e+02,-1.449951087e-04
2.247673492e+02,-1.188959810e-03
2.249759216e+02,3.903714241e-04
2.251845093e+02,-1.135423197e-03
2.253930969e+02,1.032811240e-03
2.256017151e+02,1.561485806e-05
2.258103180e+02,1.273726230e-03
2.260189514e+02,1.434336184e-03
2.262275848e+02,3.334887326e-03
2.264362335e+02,1.702019479e-03
2.266448975e+02,3.227814101e-03
2.268535614e+02,3.388423938e-03
2.270622406e+02,1.782324398e-03
2.272709351e+02,3.120740876e-03
2.274796295e+02,-1.115346913e-05
2.276883392e+02,1.648482750e-03
2.278970642e+02,-1.322801458e-03
2.281058044e+02,-3.859100398e-04
2.283145447e+02,2.832981118e-04
2.285233002e+02,6.915150880e-05
2.287320557e+02,1.032811240e-03
2.289408417e+02,2.297614701e-04
2.291496277e+02,-1.536948141e-03
2.293584137e+02,1.139884582e-03
2.295672302e+02,-8.945082664e-04
2.297760468e+02,1.434336184e-03
2.299848785e+02,-2.253000857e-04
2.301937103e+02,3.120740876e-03
2.304025726e+02,-8.945082664e-04
2.306114197e+02,2.264154376e-03
2.308202972e+02,7.651280030e-04
2.310291748e+02,3.308119019e-03
2.312380676e+02,1.354031148e-03
2.314469757e+02,4.439080949e-04
2.316558990e+02,1.086347969e-03
2.318648224e+02,1.086347969e-03
2.320737610e+02,4.974447656e-04
2.322826996e+02,-3.323733981e-04
2.324916534e+02,-1.269264845e-03
2.327006226e+02,-3.859100398e-04
2.329096069e+02,-6.535933353e-04
2.331185913e+02,1.354031148e-03
2.333275909e+02,3.100664471e-04
2.335366058e+02,2.371227602e-03
2.337456207e+02,-7.874349249e-04
2.339546661e+02,9.525063215e-04
2.341636963e+02,2.772752428e-03
2.343727570e+02,1.541409525e-03
2.345818176e+02,1.916166046e-03
2.347908936e+02,1.354031148e-03
2.349999847e+02,4.439080949e-04
2.352090759e+02,3.549034009e-03
2.354181824e+02,2.371227602e-03
2.356273041e+02,1.407567877e-03
2.358364258e+02,4.439080949e-04
2.360455627e+02,8.722013445e-04
2.362547150e+02,-1.985317504e-04
2.364638824e+02,9.257379570e-04
2.366730499e+02,-3.859100398e-04
2.368822327e+02,2.451532520e-03
2.370914154e+02,-2.393534640e-03
2.373006287e+02,1.059579547e-03
2.375098419e+02,1.139884582e-03
2.377190552e+02,1.220189617e-03
2.379282990e+02,4.974447656e-04
2.381375427e+02,9.792746278e-04
2.383468018e+02,2.130312612e-03
2.385560608e+02,1.648482750e-03
2.387653503e+02,2.183849225e-03
2.389746246e+02,2.585374285e-03
2.391839294e+02,2.344459295e-03
2.393932343e+02,3.334887326e-03
2.396025543e+02,2.344459295e-03
2.398118896e+02,1.514641102e-03
2.400212402e+02,3.368347825e-04
2.402305908e+02,9.525063215e-04
2.404399414e+02,-8.945082664e-04
2.406493225e+02,2.183849225e-03
2.408587036e+02,7.383596967e-04
2.410681000e+02,1.762248139e-04
2.412775116e+02,-7.606666186e-04
2.414869232e+02,1.835861127e-03
2.416963501e+02,1.226881577e-04
2.419057922e+02,1.220189617e-03
2.421152344e+02,1.782324398e-03
2.423246918e+02,1.166652888e-03
2.425341644e+02,1.059579547e-03
2.427436371e+02,3.897022223e-03
2.429531403e+02,1.434336184e-03
2.431626434e+02,3.120740876e-03
2.433721466e+02,1.862629433e-03
2.435816650e+02,3.174277488e-03
2.437911987e+02,1.487872796e-03
2.440007477e+02,1.996471081e-03
2.442103119e+02,5.509813782e-04
2.444198761e+02,1.942934352e-03
2.446294403e+02,1.755556092e-03
2.448390350e+02,-3.591417044e-04
2.450486298e+02,-1.322801458e-03
2.452582397e+02,1.059579547e-03
2.454678650e+02,-4.662150168e-04
2.456774902e+02,2.076776000e-03
2.458871307e+02,-7.606666186e-04
2.460967865e+02,1.835861127e-03
2.463064423e+02,-6.469012442e-05
2.465161133e+02,7.115913322e-04
2.467257996e+02,6.580547197e-04
2.469354858e+02,2.290922683e-03
2.471451874e+02,1.621714444e-03
2.473549042e+02,3.308119019e-03
2.475646362e+02,1.226881577e-04
2.477743683e+02,3.441960784e-03
2.479841156e+02,6.045180489e-04
2.481938782e+02,1.969702775e-03
2.484036407e+02,-5.732883583e-04
2.486134186e+02,1.648482750e-03
2.488232117e+02,-1.108654891e-03
2.490330048e+02,1.086347969e-03
2.492428284e+02,-1.617253060e-03
2.494526367e+02,1.273726230e-03
2.496624756e+02,-1.449951087e-04
2.498723145e+02,4.171397595e-04
2.500821686e+02,1.434336184e-03
2.502920380e+02,1.996471081e-03
2.505019073e+02,8.722013445e-04
2.507117920e+02,2.638910897e-03
2.509216919e+02,7.115913322e-04
2.511315918e+02,2.478300827e-03
2.513415222e+02,1.193421194e-03
2.515514374e+02,2.451532520e-03
2.517613831e+02,2.023239387e-03
2.519713287e+02,3.201045794e-03
2.521812897e+02,1.862629433e-03
2.523912659e+02,8.989696507e-04
2.526012421e+02,-1.449951087e-04
2.528112335e+02,-1.001581550e-03
2.530212402e+02,-1.884936355e-03
2.532312469e+02,4.171397595e-04
2.534412689e+02,-8.677399019e-04
2.536513062e+02,1.193421194e-03
2.538613586e+02,-1.215728233e-03
2.540714111e+02,5.777497427e-04
2.542814789e+02,9.792746278e-04
2.544915466e+02,1.354031148e-03
2.547016449e+02,-8.409715956e-04
2.549117432e+02,2.237386070e-03
2.551218567e+02,2.692447510e-03
2.553319702e+02,1.996471081e-03
2.555420990e+02,9.792746278e-04
2.557522430e+02,3.067204030e-03
2.559623871e+02,8.186646737e-04
2.561725464e+02,4.352083895e-03
2.563827209e+02,2.692447510e-03
2.565928955e+02,1.568177831e-03
2.568031006e+02,3.368347825e-04
2.570133057e+02,-4.126783751e-04
2.572235107e+02,-6.535933353e-04
2.574337463e+02,-9.748132434e-04
2.576439819e+02,-1.985317504e-04
2.578542480e+02,1.728787785e-03
2.580644836e+02,-9.145845252e-05
2.582747498e+02,7.115913322e-04
2.584850464e+02,-5.732883583e-04
2.586953430e+02,1.032811240e-03
2.589056396e+02,-4.394467105e-04
2.591159363e+02,3.736412385e-03
2.593262634e+02,1.300494536e-03
2.595365906e+02,2.290922683e-03
2.597469482e+02,2.745984122e-03
2.599573059e+02,3.308119019e-03
2.601676636e+02,1.835861127e-03
2.603780212e+02,1.755556092e-03
2.605884094e+02,1.648482750e-03
2.607988281e+02,1.728787785e-03
2.610092163e+02,-3.116279375e-03
2.612196350e+02,2.612142591e-03
2.614300842e+02,-9.748132434e-04
2.616405029e+02,1.380799571e-03
2.618509521e+02,-8.409715956e-04
2.620614319e+02,1.762248139e-04
2.622718811e+02,1.327262842e-03
2.624823608e+02,1.514641102e-03
2.626928711e+02,1.762248139e-04
2.629033508e+02,1.809092704e-03
2.631138916e+02,3.013667418e-03
2.633244019e+02,2.692447510e-03
2.635349426e+02,9.525063215e-04
2.637454834e+02,2.103544306e-03
2.639560242e+02,1.300494536e-03
2.641665955e+02,3.415192477e-03
2.643771973e+02,2.397995908e-03
2.645877686e+02,2.531837672e-03
2.647983704e+02,4.974447656e-04
2.650089722e+02,1.835861127e-03
2.652196045e+02,1.675251173e-03
2.654302368e+02,-2.788367274e-04
2.656408691e+02,-2.253000857e-04
2.658515320e+02,3.100664471e-04
2.660621948e+02,5.509813782e-04
2.662728577e+02,5.242130719e-04
2.664835510e+02,1.648482750e-03
2.666942444e+02,7.115913322e-04
2.669049377e+02,1.514641102e-03
2.671156616e+02,1.487872796e-03
2.673263855e+02,1.300494536e-03
2.675371094e+02,1.059579547e-03
2.677478638e+02,2.103544306e-03
2.679586182e+02,2.558605978e-03
2.681694031e+02,2.076776000e-03
2.683801575e+02,2.157080919e-03
2.685909729e+02,3.361655632e-03
2.688017578e+02,2.371227602e-03
2.690125732e+02,4.439080949e-04
2.692233887e+02,8.989696507e-04
2.694342346e+02,-8.409715956e-04
2.696450806e+02,1.059579547e-03
2.698559265e+02,-7.071299478e-04
2.700667725e+02,-6.535933353e-04
2.702776489e+02,3.903714241e-04
2.704885559e+02,6.915150880e-05
2.706994324e+02,8.722013445e-04
2.709103394e+02,1.996471081e-03
2.711212769e+02,1.246957923e-03
2.713321838e+02,1.220189617e-03
2.715431213e+02,1.561485806e-05
2.717540894e+02,4.111168906e-03
2.719650269e+02,6.848230259e-04
2.721760254e+02,1.728787785e-03
2.723869934e+02,7.383596967e-04
2.725979919e+02,4.171397595e-04
2.728089905e+02,1.220189617e-03
2.730199890e+02,1.300494536e-03
2.732310181e+02,-1.322801458e-03
2.734420471e+02,1.327262842e-03
2.736531067e+02,-7.874349249e-04
2.738641663e+02,3.903714241e-04
2.740752258e+02,-1.376338187e-03
2.742862854e+02,1.862629433e-03
2.744973755e+02,-1.028349856e-03
2.747084961e+02,5.509813782e-04
2.749195862e+02,9.257379570e-04
2.751307068e+02,2.638910897e-03
2.753418274e+02,9.525063215e-04
2.755529785e+02,-9.145845252e-05
2.757641296e+02,1.702019479e-03
2.759752808e+02,3.201045794e-03
2.761864624e+02,2.023239387e-03
2.763976440e+02,3.816717304e-03
2.766088562e+02,2.183849225e-03
2.768200378e+02,1.675251173e-03
2.770312500e+02,1.166652888e-03
2.772424927e+02,1.113116276e-03
2.774537354e+02,3.636031179e-04
2.776649780e+02,1.648482750e-03
2.778762207e+02,-3.056050627e-04
2.780874939e+02,2.344459295e-03
2.782987671e+02,6.848230259e-04
2.785100708e+02,1.139884582e-03
2.787213745e+02,-6.469012442e-05
2.789326782e+02,1.969702775e-03
2.791439819e+02,7.918963092e-04
2.793553162e+02,1.969702775e-03
2.795666504e+02,6.312863552e-04
2.797780151e+02,3.067204030e-03
2.799893799e+02,9.257379570e-04
2.802007446e+02,1.220189617e-03
2.804121399e+02,1.889397739e-03
2.806235352e+02,1.220189617e-03
2.808349304e+02,2.853057580e-03
2.810463562e+02,-1.115346913e-05
2.812577820e+02,2.585374285e-03
2.814692078e+02,1.702019479e-03
2.816806641e+02,1.561485806e-05
2.818921204e+02,1.139884582e-03
2.821036072e+02,3.368347825e-04
2.823150635e+02,2.832981118e-04
2.825265808e+02,5.509813782e-04
2.827380676e+02,1.541409525e-03
2.829495850e+02,-1.162191504e-03
2.831611023e+02,2.665679203e-03
2.833726501e+02,1.139884582e-03
2.835841675e+02,1.300494536e-03
2.837957458e+02,5.777497427e-04
2.840072937e+02,1.487872796e-03
2.842188721e+02,2.692447510e-03
2.844304504e+02,2.638910897e-03
2.846420593e+02,1.514641102e-03
2.848536682e+02,3.789948998e-03
2.850652771e+02,8.454329800e-04
2.852769165e+02,2.692447510e-03
2.854885559e+02,7.651280030e-04
2.857001953e+02,1.762248139e-04
2.859118652e+02,-1.456643105e-03
2.861235352e+02,-5.732883583e-04
2.863352051e+02,9.792746278e-04
2.865469055e+02,1.561485806e-05
2.867586060e+02,1.461104490e-03
2.869703064e+02,1.193421194e-03
2.871820374e+02,-3.056050627e-04
2.873937683e+02,2.076776000e-03
2.876055298e+02,6.580547197e-04
2.878172913e+02,3.254582407e-03
2.880290527e+02,1.220189617e-03
2.882408142e+02,1.300494536e-03
2.884526062e+02,3.368347825e-04
2.886643982e+02,1.113116276e-03
2.888762207e+02,2.692447510e-03
2.890880432e+02,2.638910897e-03
2.892998657e+02,9.591983689e-05
2.895116882e+02,3.013667418e-03
2.897235413e+02,3.656107234e-03
2.899354248e+02,2.297614701e-04
2.901472778e+02,-1.028349856e-03
2.903591614e+02,-2.253000857e-04
2.905710754e+02,-3.591417044e-04
2.907829590e+02,2.103544306e-03
2.909948730e+02,-2.520684211e-04
2.912068176e+02,2.397995908e-03
2.914187317e+02,1.969702775e-03
2.916306763e+02,2.157080919e-03
2.918426514e+02,1.568177831e-03
2.920546265e+02,1.327262842e-03
2.922666016e+02,2.853057580e-03
2.924785767e+02,2.023239387e-03
2.926905823e+02,1.916166046e-03
2.929025879e+02,2.371227602e-03
2.931146240e+02,1.561485806e-05
2.933266296e+02,2.050007693e-03
2.935386963e+02,3.843485611e-03
2.937507324e+02,2.183849225e-03
2.939627991e+02,1.220189617e-03
2.941748657e+02,1.568177831e-03
2.943869629e+02,-2.580912784e-03
2.945990601e+02,8.186646737e-04
2.948111572e+02,7.383596967e-04
2.950232849e+02,1.461104490e-03
2.952354126e+02,4.439080949e-04
2.954475403e+02,1.782324398e-03
2.956596680e+02,2.023239387e-03
2.958718262e+02,-1.182267733e-04
2.960840149e+02,5.242130719e-04
2.962962036e+02,1.648482750e-03
2.965083923e+02,2.183849225e-03
2.967205811e+02,2.692447510e-03
2.969328003e+02,1.327262842e-03
2.971450195e+02,2.531837672e-03
2.973572388e+02,3.254582407e-03
2.975694885e+02,2.799520735e-03
2.977817383e+02,7.651280030e-04
2.979940186e+02,6.312863552e-04
2.982062683e+02,-1.001581550e-03
2.984185791e+02,1.494564931e-04
2.986308594e+02,6.915150880e-05
2.988431702e+02,7.918963092e-04
2.990554810e+02,-5.197516875e-04
2.992678223e+02,1.434336184e-03
2.994801636e+02,1.220189617e-03
2.996925049e+02,1.835861127e-03
2.999048462e+02,6.915150880e-05
3.001172180e+02,1.889397739e-03
3.003296204e+02,8.454329800e-04
3.005419922e+02,4.405620508e-03
3.007543945e+02,6.045180489e-04
3.009668274e+02,3.013667418e-03
3.011792297e+02,4.706764012e-04
3.013916626e+02,3.789948998e-03
3.016041260e+02,6.312863552e-04
3.018165588e+02,2.451532520e-03
3.020290222e+02,-4.394467105e-04
3.022415161e+02,2.906594193e-03
3.024539795e+02,-1.644021366e-03
3.026665039e+02,-6.469012442e-05
3.028789978e+02,8.989696507e-04
3.030915222e+02,1.006042934e-03
3.033040466e+02,-1.992009580e-03
3.035165710e+02,1.755556092e-03
3.037291260e+02,2.424764214e-03
3.039416809e+02,9.792746278e-04
3.041542664e+02,5.242130719e-04
3.043668518e+02,2.076776000e-03
3.045794373e+02,1.220189617e-03
3.047920532e+02,2.826289274e-03
3.050046387e+02,1.487872796e-03
3.052172852e+02,2.879825886e-03
3.054299011e+02,3.575802315e-03
3.056425476e+02,4.030863754e-03
3.058552246e+02,-1.717634295e-04
3.060678711e+02,5.777497427e-04
3.062805481e+02,1.621714444e-03
3.064932556e+02,4.974447656e-04
3.067059326e+02,-1.188959810e-03
3.069186401e+02,1.494564931e-04
3.071313782e+02,-1.376338187e-03
3.073440857e+02,-2.520684211e-04
3.075568237e+02,-9.480449371e-04
3.077695923e+02,1.621714444e-03
3.079823608e+02,4.439080949e-04
3.081951294e+02,3.636031179e-04
3.084078979e+02,1.514641102e-03
3.086206970e+02,1.996471081e-03
3.088334961e+02,1.514641102e-03
3.090463257e+02,3.816717304e-03
3.092591248e+02,1.568177831e-03
3.094719849e+02,4.191474058e-03
3.096848145e+02,2.692447510e-03
3.098976746e+02,3.147509182e-03
3.101105347e+02,-1.985317504e-04
3.103234253e+02,4.706764012e-04
3.105363159e+02,-3.859100398e-04
3.107492065e+02,-2.788367274e-04
3.109621277e+02,-9.480449371e-04
3.111750183e+02,8.989696507e-04
3.113879700e+02,-9.480449371e-04
3.116008911e+02,1.193421194e-03
3.118138428e+02,-1.055118162e-03
3.120268250e+02,2.565298055e-04
3.122397766e+02,1.086347969e-03
3.124527588e+02,2.297614701e-04
3.126657715e+02,1.889397739e-03
3.128787842e+02,1.916166046e-03
3.130917969e+02,1.568177831e-03
3.133048096e+02,1.675251173e-03
3.135178528e+02,1.782324398e-03
3.137308960e+02,2.317690989e-03
3.139439392e+02,1.086347969e-03
3.141570129e+02,4.459157120e-03
3.143700867e+02,1.568177831e-03
3.145831909e+02,8.989696507e-04
3.147962952e+02,1.762248139e-04
3.150093994e+02,2.719215816e-03
3.152225037e+02,2.029931493e-04
3.154356384e+02,8.454329800e-04
3.156487732e+02,9.792746278e-04
3.158619385e+02,8.454329800e-04
3.160751038e+02,4.171397595e-04
3.162882690e+02,6.848230259e-04
3.165014648e+02,2.832981118e-04
3.167146606e+02,8.454329800e-04
3.169278564e+02,7.383596967e-04
3.171410828e+02,1.541409525e-03
3.173543091e+02,1.648482750e-03
3.175675354e+02,8.454329800e-04
3.177807922e+02,1.139884582e-03
3.179940491e+02,2.665679203e-03
3.182073059e+02,1.762248139e-04
3.184205933e+02,1.166652888e-03
3.186338806e+02,9.792746278e-04
3.188471680e+02,3.549034009e-03
3.190604858e+02,8.454329800e-04
3.192738037e+02,1.226881577e-04
3.194871521e+02,-1.992009580e-03
3.197004700e+02,2.103544306e-03
3.199138184e+02,-7.338983123e-04
3.201271973e+02,6.848230259e-04
3.203405762e+02,-6.268249708e-04
3.205539551e+02,1.916166046e-03
3.207673340e+02,1.561485806e-05
3.209807434e+02,2.558605978e-03
3.211941833e+02,5.242130719e-04
3.214075928e+02,6.312863552e-04
3.216210327e+02,2.130312612e-03
3.218344727e+02,3.334887326e-03
3.220479431e+02,1.568177831e-03
3.222614136e+02,3.415192477e-03
3.224748840e+02,7.383596967e-04
3.226883850e+02,4.084400367e-03
3.229018860e+02,-2.788367274e-04
3.231153870e+02,1.327262842e-03
3.233289185e+02,6.312863552e-04
3.235424500e+02,1.594946138e-03
3.237559814e+02,8.186646737e-04
3.239695435e+02,-5.732883583e-04
3.241831055e+02,3.100664471e-04
3.243966675e+02,1.220189617e-03
3.246102600e+02,1.380799571e-03
3.248238525e+02,1.514641102e-03
3.250374451e+02,4.171397595e-04
3.252510681e+02,1.916166046e-03
3.254646912e+02,2.933362499e-03
3.256783447e+02,1.461104490e-03
3.258919983e+02,1.461104490e-03
3.261056519e+02,3.388423938e-03
3.263193054e+02,2.853057580e-03
3.265329895e+02,3.013667418e-03
3.267466736e+02,2.853057580e-03
3.269603882e+02,1.621714444e-03
3.271741028e+02,9.257379570e-04
3.273878174e+02,5.509813782e-04
3.276015625e+02,-1.108654891e-03
3.278152771e+02,1.032811240e-03
3.280290527e+02,-2.520684211e-04
3.282427979e+02,2.297614701e-04
3.284565735e+02,4.238318434e-05
3.286703796e+02,-9.212765726e-04
3.288841553e+02,-7.338983123e-04
3.290979614e+02,3.522265702e-03
3.293117981e+02,3.013667418e-03
3.295256042e+02,8.989696507e-04
3.297394409e+02,9.792746278e-04
3.299533081e+02,3.388423938e-03
3.301671448e+02,8.722013445e-04
3.303810425e+02,2.157080919e-03
3.305949097e+02,2.451532520e-03
3.308088074e+02,1.621714444e-03
3.310227051e+02,2.986899111e-03
3.312366028e+02,2.612142591e-03
3.314505310e+02,2.832981118e-04
3.316644592e+02,2.183849225e-03
3.318784180e+02,2.565298055e-04
3.320923767e+02,-1.590484753e-03
3.323063354e+02,1.568177831e-03
3.325202942e+02,1.487872796e-03
3.327342834e+02,8.722013445e-04
3.329482727e+02,3.903714241e-04
3.331622925e+02,-2.520684211e-04
3.333763123e+02,1.514641102e-03
3.335903320e+02,-5.197516875e-04
3.338043823e+02,1.862629433e-03
3.340184326e+02,7.383596967e-04
3.342324829e+02,2.103544306e-03
3.344465332e+02,2.290922683e-03
3.346606140e+02,4.271778744e-03
3.348747253e+02,3.334887326e-03
3.350888062e+02,4.164705519e-03
3.353029175e+02,9.525063215e-04
3.355170593e+02,2.210617764e-03
3.357311707e+02,1.782324398e-03
3.359453125e+02,2.297614701e-04
3.361594849e+02,-3.591417044e-04
3.363736572e+02,3.100664471e-04
3.365878296e+02,-1.751094707e-03
3.368020020e+02,-3.792179632e-05
3.370162048e+02,7.918963092e-04
3.372304077e+02,1.514641102e-03
3.374446106e+02,4.171397595e-04
3.376588440e+02,1.487872796e-03
3.378730774e+02,-9.748132434e-04
3.380873413e+02,3.368347825e-04
3.383016052e+02,1.407567877e-03
3.385158691e+02,4.459157120e-03
3.387301331e+02,1.487872796e-03
3.389444275e+02,2.371227602e-03
3.391587524e+02,2.478300827e-03
3.393730469e+02,2.478300827e-03
3.395873718e+02,1.889397739e-03
3.398016968e+02,3.636031179e-04
3.400160522e+02,1.621714444e-03
3.402304077e+02,-9.145845252e-05
3.404447632e+02,-1.349569764e-03
3.406591492e+02,2.344459295e-03
3.408735352e+02,8.722013445e-04
3.410879211e+02,1.059579547e-03
3.413023376e+02,4.974447656e-04
3.415167542e+02,8.722013445e-04
3.417311707e+02,1.835861127e-03
3.419456177e+02,7.918963092e-04
3.421600647e+02,1.327262842e-03
3.423745117e+02,4.111168906e-03
3.425889893e+02,9.792746278e-04
3.428034668e+02,3.334887326e-03
3.430179443e+02,2.210617764e-03
3.432324524e+02,1.220189617e-03
3.434469604e+02,2.585374285e-03
3.436614990e+02,4.191474058e-03
3.438760376e+02,4.974447656e-04
3.440905762e+02,1.835861127e-03
3.443051147e+02,1.059579547e-03
3.445196838e+02,-6.268249708e-04
3.447342529e+02,-4.662150168e-04
3.449488525e+02,1.380799571e-03
3.451634521e+02,1.006042934e-03
3.453780518e+02,1.862629433e-03
3.455926514e+02,4.439080949e-04
3.458072815e+02,2.799520735e-03
3.460219116e+02,-1.985317504e-04
3.462365723e+02,1.621714444e-03
3.464512329e+02,1.139884582e-03
3.466658936e+02,2.558605978e-03
3.468805847e+02,2.585374285e-03
3.470952759e+02,3.656107234e-03
3.473099670e+02,2.906594193e-03
3.475246887e+02,2.264154376e-03
3.477394104e+02,1.648482750e-03
3.479541321e+02,3.013667418e-03
3.481688843e+02,1.032811240e-03
3.483836365e+02,1.568177831e-03
3.485983887e+02,-1.483411412e-03
3.488131714e+02,1.139884582e-03
3.490279541e+02,4.171397595e-04
3.492427673e+02,6.848230259e-04
3.494575500e+02,6.848230259e-04
3.496723633e+02,1.969702775e-03
3.498872070e+02,1.113116276e-03
3.501020508e+02,7.115913322e-04
3.503168945e+02,-1.182267733e-04
3.505317383e+02,2.317690989e-03
3.507466125e+02,3.903714241e-04
3.509614868e+02,2.157080919e-03
3.511763916e+02,2.719215816e-03
3.513912964e+02,2.130312612e-03
3.516062012e+02,1.246957923e-03
3.518211060e+02,4.352083895e-03
3.520360413e+02,2.638910897e-03
3.522509766e+02,2.076776000e-03
3.524659424e+02,2.585374285e-03
3.526809082e+02,1.113116276e-03
3.528958740e+02,2.237386070e-03
3.531108704e+02,-6.469012442e-05
3.533258667e+02,-7.606666186e-04
3.535408630e+02,7.383596967e-04
3.537558899e+02,6.915150880e-05
3.539709167e+02,-1.115346913e-05
3.541859436e+02,7.383596967e-04
3.544010010e+02,1.996471081e-03
3.546160583e+02,-4.126783751e-04
3.548311157e+02,2.130312612e-03
3.550462036e+02,-1.188959810e-03
3.552612915e+02,3.468729090e-03
3.554763794e+02,1.782324398e-03
3.556914978e+02,1.835861127e-03
3.559066162e+02,2.478300827e-03
3.561217651e+02,3.174277488e-03
3.563368835e+02,6.580547197e-04
3.565520325e+02,2.772752428e-03
3.567672119e+02,6.312863552e-04
3.569823914e+02,2.317690989e-03
3.571975708e+02,1.434336184e-03
3.574127502e+02,-6.535933353e-04
3.576279602e+02,-1.028349856e-03
3.578431702e+02,2.210617764e-03
3.580584106e+02,4.238318434e-05
3.582736511e+02,-3.792179632e-05
3.584888916e+02,1.006042934e-03
3.587041626e+02,1.835861127e-03
3.589194031e+02,9.792746278e-04
3.591347046e+02,1.407567877e-03
3.593499756e+02,1.728787785e-03
3.595652771e+02,7.383596967e-04
3.597806091e+02,1.942934352e-03
3.599959106e+02,1.996471081e-03
3.602112427e+02,2.478300827e-03
3.604265747e+02,4.485925660e-03
3.606419373e+02,3.067204030e-03
3.608572998e+02,2.585374285e-03
3.610726624e+02,9.257379570e-04
3.612880554e+02,-5.732883583e-04
3.615034485e+02,8.186646737e-04
3.617188416e+02,9.591983689e-05
3.619342651e+02,3.368347825e-04
3.621496887e+02,1.889397739e-03
3.623651428e+02,2.371227602e-03
3.625805664e+02,1.916166046e-03
3.627960510e+02,2.832981118e-04
3.630115051e+02,8.989696507e-04
3.632269897e+02,1.916166046e-03
3.634424744e+02,1.407567877e-03
3.636579590e+02,2.103544306e-03
3.638734741e+02,2.397995908e-03
3.640889893e+02,1.113116276e-03
3.643045349e+02,2.960130805e-03
3.645200806e+02,2.933362499e-03
3.647356262e+02,1.862629433e-03
3.649511719e+02,-3.792179632e-05
3.651667480e+02,7.115913322e-04
3.653823242e+02,2.799520735e-03
3.655979309e+02,2.237386070e-03
3.658135376e+02,-1.403106493e-03
3.660291443e+02,1.487872796e-03
3.662447815e+02,-3.792179632e-05
3.664604187e+02,5.777497427e-04
3.666760559e+02,-1.001581550e-03
3.668917236e+02,1.220189617e-03
3.671073914e+02,5.242130719e-04
3.673230591e+02,6.848230259e-04
3.675387268e+02,3.636031179e-04
3.677544250e+02,3.816717304e-03
3.679701538e+02,1.113116276e-03
3.681858826e+02,1.246957923e-03
3.684016113e+02,3.013667418e-03
3.686173401e+02,4.164705519e-03
3.688330994e+02,2.157080919e-03
3.690488586e+02,4.673303571e-03
3.692646179e+02,5.777497427e-04
3.694804077e+02,2.772752428e-03
3.696961975e+02,-6.469012442e-05
3.699119873e+02,-1.449951087e-04
3.701278076e+02,1.728787785e-03
3.703436279e+02,4.238318434e-05
3.705594788e+02,8.186646737e-04
3.707752991e+02,1.220189617e-03
3.709911804e+02,1.006042934e-03
3.712070312e+02,2.290922683e-03
3.714229126e+02,1.782324398e-03
3.716387939e+02,2.719215816e-03
3.718547058e+02,1.193421194e-03
3.720706177e+02,3.736412385e-03
3.722865295e+02,2.237386070e-03
3.725024414e+02,3.227814101e-03
3.727183838e+02,2.130312612e-03
3.729343262e+02,2.612142591e-03
3.731502991e+02,3.468729090e-03
3.733662720e+02,3.870253917e-03
3.735822449e+02,1.461104490e-03
3.737982483e+02,2.612142591e-03
3.740142517e+02,-1.403106493e-03
3.742302551e+02,2.692447510e-03
3.744462891e+02,1.246957923e-03
3.746623230e+02,-2.788367274e-04
3.748783569e+02,1.059579547e-03
3.750944214e+02,1.220189617e-03
3.753104858e+02,8.989696507e-04
3.755265503e+02,9.792746278e-04
3.757426453e+02,7.115913322e-04
3.759587402e+02,2.665679203e-03
3.761748352e+02,3.100664471e-04
3.763909607e+02,3.709643846e-03
3.766070862e+02,1.809092704e-03
3.768232117e+02,5.342511926e-03
3.770393677e+02,2.505069366e-03
3.772555237e+02,3.334887326e-03
3.774717102e+02,1.862629433e-03
3.776878662e+02,3.093972337e-03
3.779040833e+02,-6.803616416e-04
3.781202698e+02,1.380799571e-03
3.783364868e+02,2.076776000e-03
3.785527039e+02,1.862629433e-03
3.787689514e+02,-7.874349249e-04
3.789851685e+02,1.032811240e-03
3.792014465e+02,4.171397595e-04
3.794176941e+02,3.040435724e-03
3.796339722e+02,1.728787785e-03
3.798502502e+02,2.505069366e-03
3.800665588e+02,2.130312612e-03
3.802828674e+02,3.013667418e-03
3.804991760e+02,2.397995908e-03
3.807154846e+02,2.692447510e-03
3.809318237e+02,3.602570621e-03
3.811481934e+02,4.137936980e-03
3.813645325e+02,3.415192477e-03
3.815809021e+02,5.610194989e-03
3.817973022e+02,3.281350713e-03
3.820136719e+02,3.388423938e-03
3.822300720e+02,3.013667418e-03
3.824465027e+02,1.889397739e-03
3.826629028e+02,1.594946138e-03
3.828793335e+02,2.237386070e-03
3.830957947e+02,2.264154376e-03
3.833122253e+02,8.722013445e-04
3.835286865e+02,9.525063215e-04
3.837451782e+02,2.585374285e-03
3.839616394e+02,2.531837672e-03
3.841781616e+02,3.361655632e-03
3.843946533e+02,1.594946138e-03
3.846111755e+02,3.816717304e-03
3.848276978e+02,3.147509182e-03
3.850442200e+02,3.361655632e-03
3.852607727e+02,4.914218560e-03
3.854773254e+02,5.288975313e-03
3.856939087e+02,3.682875540e-03
3.859104614e+02,3.575802315e-03
3.861270752e+02,2.665679203e-03
3.863436584e+02,4.030863754e-03
3.865602722e+02,2.665679203e-03
3.867768860e+02,3.629338928e-03
3.869935303e+02,4.706764012e-04
3.872101746e+02,1.942934352e-03
3.874268188e+02,3.903714241e-04
3.876434631e+02,1.246957923e-03
3.878601379e+02,2.210617764e-03
3.880768127e+02,1.086347969e-03
3.882935181e+02,2.183849225e-03
3.885102234e+02,1.006042934e-03
3.887269287e+02,3.013667418e-03
3.889436646e+02,3.549034009e-03
3.891604004e+02,3.870253917e-03
3.893771362e+02,4.432388581e-03
3.895939026e+02,2.237386070e-03
3.898106689e+02,6.386476569e-03
3.900274353e+02,3.495497396e-03
3.902442322e+02,4.512693733e-03
3.904610291e+02,4.245010670e-03
3.906778259e+02,5.583426915e-03
3.908946533e+02,1.059579547e-03
3.911114807e+02,3.334887326e-03
3.913283081e+02,1.327262842e-03
3.915451660e+02,5.048060324e-03
3.917620239e+02,3.013667418e-03
3.919788818e+02,1.996471081e-03
3.921957703e+02,1.809092704e-03
3.924126587e+02,4.245010670e-03
3.926295776e+02,4.459157120e-03
3.928464661e+02,4.539462272e-03
3.930634155e+02,1.755556092e-03
3.932803345e+02,7.243063301e-03
3.934972839e+02,2.906594193e-03
3.937142334e+02,3.977327142e-03
3.939311829e+02,3.441960784e-03
3.941481628e+02,2.745984122e-03
3.943651428e+02,6.413245108e-03
3.945821533e+02,4.914218560e-03
3.947991638e+02,3.575802315e-03
3.950161743e+02,4.325315356e-03
3.952332153e+02,3.281350713e-03
3.954502258e+02,4.753608722e-03
3.956672974e+02,4.726840183e-03
3.958843384e+02,3.575802315e-03
3.961014099e+02,3.903714241e-04
3.963184814e+02,2.853057580e-03
3.965355835e+02,2.719215816e-03
3.967526855e+02,4.967755172e-03
3.969697876e+02,5.101596937e-03
3.971869202e+02,4.004095681e-03
3.974040527e+02,3.923790529e-03
3.976211853e+02,5.797573365e-03
3.978383484e+02,5.851109978e-03
3.980555115e+02,7.350136526e-03
3.982726746e+02,6.359708495e-03
3.984898682e+02,6.118793506e-03
3.987070618e+02,4.539462272e-03
3.989242554e+02,6.092024967e-03
3.991414795e+02,5.529890303e-03
3.993587036e+02,4.164705519e-03
3.995759277e+02,4.619766958e-03
3.997931824e+02,5.476353690e-03
4.000104370e+02,3.549034009e-03
4.002276917e+02,4.887450486e-03
4.004449768e+02,1.514641102e-03
4.006622620e+02,4.566230346e-03
4.008795776e+02,3.093972337e-03
4.010968933e+02,3.254582407e-03
4.013142090e+02,7.002148312e-03
4.015315247e+02,6.065256894e-03
4.017488708e+02,4.539462272e-03
4.019662170e+02,5.717268679e-03
4.021835938e+02,4.378851969e-03
4.024009399e+02,5.449585151e-03
4.026183472e+02,5.931415129e-03
4.028357239e+02,6.573854946e-03
4.030531311e+02,5.636963528e-03
4.032705383e+02,6.092024967e-03
4.034879761e+02,5.128365476e-03
4.037054138e+02,4.780377261e-03
4.039228516e+02,6.493549794e-03
4.041402893e+02,4.512693733e-03
4.043577576e+02,4.459157120e-03
4.045752563e+02,4.673303571e-03
4.047927246e+02,5.422817077e-03
4.050102234e+02,5.958183203e-03
4.052277222e+02,4.592998885e-03
4.054452515e+02,5.824341904e-03
4.056627808e+02,4.218242131e-03
4.058803101e+02,6.547086406e-03
4.060978699e+02,5.315743387e-03
4.063154297e+02,6.975379772e-03
4.065329895e+02,6.680928171e-03
4.067505798e+02,6.413245108e-03
4.069681702e+02,7.350136526e-03
4.071857605e+02,6.761233322e-03
4.074033813e+02,5.851109978e-03
4.076210022e+02,6.734464783e-03
4.078386230e+02,7.028916385e-03
4.080562744e+02,5.636963528e-03
4.082739258e+02,7.323367987e-03
4.084915771e+02,5.101596937e-03
4.087092590e+02,5.851109978e-03
4.089269409e+02,5.288975313e-03
4.091446533e+02,5.021291785e-03
4.093623352e+02,6.306171883e-03
4.095800781e+02,6.038488355e-03
4.097977905e+02,5.235438701e-03
4.100155334e+02,8.313796483e-03
4.102332764e+02,9.866358712e-03
4.104510193e+02,8.260259405e-03
4.106687927e+02,9.223919362e-03
4.108865662e+02,7.724892814e-03
4.111043701e+02,5.797573365e-03
4.113221741e+02,8.072881028e-03
4.115399780e+02,6.065256894e-03
4.117577820e+02,7.350136526e-03
4.119756165e+02,6.921843160e-03
4.121934509e+02,8.394100703e-03
4.124113159e+02,6.225866731e-03
4.126291809e+02,6.011720281e-03
4.128470459e+02,3.388423938e-03
4.130649414e+02,8.581479080e-03
4.132828369e+02,4.994523712e-03
4.135007324e+02,9.090078063e-03
4.137186279e+02,7.028916385e-03
4.139365540e+02,8.902699687e-03
4.141545105e+02,7.243063301e-03
4.143724365e+02,8.099649101e-03
4.145903931e+02,7.858734578e-03
4.148083801e+02,9.330992587e-03
4.150263367e+02,8.474405855e-03
4.152443237e+02,1.016081031e-02
4.154623413e+02,9.518370964e-03
4.156803284e+02,8.179954253e-03
4.158983459e+02,1.021434739e-02
4.161163940e+02,1.147245895e-02
4.163344116e+02,7.965807803e-03
4.165524597e+02,1.053556707e-02
4.167705383e+02,8.340564556e-03
4.169885864e+02,9.143614210e-03
4.172066650e+02,6.895074621e-03
4.174247742e+02,7.376904599e-03
4.176428833e+02,5.503121763e-03
4.178609924e+02,1.000020094e-02
4.180791016e+02,1.034818869e-02
4.182972412e+02,7.858734578e-03
4.185153809e+02,7.135989610e-03
4.187335205e+02,1.115123928e-02
4.189516907e+02,1.048203092e-02
4.191698608e+02,1.128508057e-02
4.193880615e+02,9.491602890e-03
4.196062622e+02,1.163306832e-02
4.198244629e+02,6.680928171e-03
4.200426636e+02,1.083001867e-02
4.202608948e+02,1.029465254e-02
4.204791260e+02,1.053556707e-02
4.206973877e+02,7.965807803e-03
4.209156494e+02,1.008050609e-02
4.211339111e+02,9.090078063e-03
4.213521729e+02,1.056233607e-02
4.215704651e+02,8.394100703e-03
4.217887573e+02,8.394100703e-03
4.220070801e+02,9.464833885e-03
4.222254028e+02,9.438065812e-03
4.224437256e+02,1.018757932e-02
4.226620789e+02,1.056233607e-02
4.228804321e+02,9.330992587e-03
4.230987854e+02,9.678981267e-03
4.233171692e+02,1.042849384e-02
4.235355225e+02,1.380130276e-02
4.237539368e+02,1.222197153e-02
4.239723206e+02,1.176691055e-02
4.241907349e+02,1.184721570e-02
4.244091797e+02,1.305179019e-02
4.246275940e+02,1.072294544e-02
4.248460388e+02,1.216843538e-02
4.250645142e+02,1.179367863e-02
4.252829590e+02,1.056233607e-02
4.255014343e+02,1.144568995e-02
4.257199402e+02,1.069617737e-02
4.259384155e+02,1.238258183e-02
4.261569214e+02,1.026788447e-02
4.263754578e+02,1.088355575e-02
4.265939941e+02,1.329270471e-02
4.268125305e+02,1.032142062e-02
4.270310669e+02,1.131184865e-02
4.272496338e+02,1.251642313e-02
4.274682007e+02,1.262349635e-02
4.276867676e+02,1.206136215e-02
4.279053650e+02,1.503264625e-02
4.281239624e+02,1.262349635e-02
4.283425903e+02,1.385483984e-02
4.285611877e+02,1.463112142e-02
4.287798157e+02,1.133861672e-02
4.289984741e+02,1.425636467e-02
4.292171326e+02,1.283764374e-02
4.294357910e+02,8.394100703e-03
4.296544495e+02,1.227550860e-02
4.298731384e+02,1.190075185e-02
4.300918274e+02,1.412252337e-02
4.303105469e+02,1.045526192e-02
4.305292664e+02,1.281087473e-02
4.307479858e+02,1.356038824e-02
4.309667053e+02,1.396191306e-02
4.311854553e+02,1.307855826e-02
4.314042358e+02,1.479173172e-02
4.316229858e+02,1.524679270e-02
4.318417664e+02,1.479173172e-02
4.320605469e+02,1.554124430e-02
4.322793579e+02,1.476496272e-02
4.324981689e+02,1.396191306e-02
4.327169800e+02,1.674581878e-02
4.329358215e+02,1.647813618e-02
4.331546631e+02,1.380130276e-02
4.333735046e+02,1.286441181e-02
4.335923462e+02,1.425636467e-02
4.338112183e+02,1.436343789e-02
4.340301208e+02,1.572862267e-02
4.342489929e+02,1.639783010e-02
4.344678955e+02,1.406898629e-02
4.346868286e+02,1.556801237e-02
4.349057312e+02,1.449728012e-02
4.351246643e+02,1.629075781e-02
4.353436279e+02,1.853929646e-02
4.355625610e+02,1.746856421e-02
4.357815247e+02,1.728118584e-02
4.360005188e+02,1.500587817e-02
4.362194824e+02,1.853929646e-02
4.364384766e+02,1.695996523e-02
4.366575012e+02,1.859283447e-02
4.368765259e+02,1.770947874e-02
4.370955505e+02,1.580892690e-02
4.373145752e+02,1.714734361e-02
4.375336304e+02,1.824484579e-02
4.377526855e+02,1.489880495e-02
4.379717407e+02,1.642460003e-02
4.381908264e+02,1.655844040e-02
4.384099121e+02,1.720087975e-02
4.386290283e+02,1.650490426e-02
4.388481140e+02,1.631752588e-02
4.390672607e+02,1.637106203e-02
4.392863770e+02,1.816453971e-02
4.395055237e+02,1.522002462e-02
4.397246704e+02,1.926204190e-02
4.399438171e+02,1.658520848e-02
4.401629944e+02,2.011862770e-02
4.403821716e+02,1.998478733e-02
4.406013794e+02,1.961003058e-02
4.408205872e+02,1.961003058e-02
4.410397949e+02,1.843222417e-02
4.412590332e+02,2.153735049e-02
4.414782410e+02,1.912819967e-02
4.416975098e+02,2.110905573e-02
4.419167480e+02,2.303637564e-02
4.421360168e+02,1.835191809e-02
4.423552856e+02,1.944942027e-02
4.425745850e+02,1.907466352e-02
4.427938843e+02,2.014539577e-02
4.430131836e+02,1.977064088e-02
4.432325134e+02,1.907466352e-02
4.434518433e+02,1.867313869e-02
4.436711731e+02,2.132320218e-02
4.438905029e+02,2.001155540e-02
4.441098633e+02,1.985094510e-02
4.443292542e+02,2.359851077e-02
4.445486145e+02,2.424095012e-02
4.447680054e+02,2.143027633e-02
4.449874268e+02,2.263485081e-02
4.452068176e+02,2.175149694e-02
4.454262390e+02,2.217978984e-02
4.456456909e+02,2.140350826e-02
4.458651123e+02,2.367881499e-02
4.460845642e+02,2.236716822e-02
4.463040466e+02,2.217978984e-02
4.465234985e+02,2.220655791e-02
4.467429810e+02,2.408033982e-02
4.469624939e+02,2.110905573e-02
4.471819763e+02,2.126966603e-02
4.474014893e+02,1.998478733e-02
4.476210327e+02,2.279546112e-02
4.478405457e+02,2.474954911e-02
4.480601196e+02,2.335759625e-02
4.482796631e+02,2.346466854e-02
4.484992371e+02,2.485662140e-02
4.487188110e+02,2.523137815e-02
4.489383850e+02,2.378588915e-02
4.491579895e+02,2.274192497e-02
4.493775940e+02,2.461570688e-02
4.495972290e+02,2.319698595e-02
4.498168335e+02,2.640918456e-02
4.500364685e+02,2.600765973e-02
4.502561340e+02,2.544552460e-02
4.504757996e+02,2.394649945e-02
4.506954651e+02,2.552583069e-02
4.509151306e+02,2.217978984e-02
4.511348267e+02,2.549906261e-02
4.513545227e+02,2.453540266e-02
4.515742493e+02,2.515107393e-02
4.517939758e+02,2.314344980e-02
4.520137024e+02,2.448186465e-02
4.522334290e+02,2.606119774e-02
4.524531860e+02,2.648949064e-02
4.526729431e+02,2.544552460e-02
4.528927307e+02,2.983553149e-02
4.531125183e+02,2.640918456e-02
4.533323059e+02,2.651625872e-02
4.535521240e+02,2.897894382e-02
4.537719421e+02,2.582028136e-02
4.539917603e+02,2.777436934e-02
4.542115784e+02,3.015675023e-02
4.544314270e+02,2.948754281e-02
4.546513062e+02,2.847034670e-02
4.548711548e+02,2.814912610e-02
4.550910339e+02,2.839004062e-02
4.553109131e+02,2.761375904e-02
4.555308228e+02,2.683747746e-02
4.557507324e+02,2.678394131e-02
4.559706421e+02,2.739961259e-02
4.561905823e+02,2.855065092e-02
4.564105225e+02,3.012998216e-02
4.566304626e+02,2.809558995e-02
4.568504333e+02,2.948754281e-02
4.570704041e+02,2.948754281e-02
4.572903748e+02,3.125425056e-02
4.575103760e+02,2.857741900e-02
4.577303772e+02,3.069211729e-02
4.579503784e+02,3.095979989e-02
4.581704102e+02,3.178961948e-02
4.583904419e+02,2.839004062e-02
4.586104736e+02,3.283358365e-02
4.588305359e+02,2.999614179e-02
4.590505981e+02,2.913955413e-02
4.592706604e+02,3.144162893e-02
4.594907532e+02,3.232498467e-02
4.597108459e+02,2.921986021e-02
4.599309692e+02,2.975522541e-02
4.601510620e+02,3.021028824e-02
4.603711853e+02,2.970168926e-02
4.605913391e+02,3.350279108e-02
4.608114929e+02,3.331541270e-02
4.610316467e+02,2.892540768e-02
4.612518005e+02,3.374370560e-02
4.614719849e+02,3.213760629e-02
4.616921692e+02,3.446645290e-02
4.619123535e+02,3.219114244e-02
4.621325684e+02,3.192346171e-02
4.623527832e+02,3.422553837e-02
4.625730286e+02,3.184315562e-02
4.627932739e+02,3.130779043e-02
4.630135193e+02,3.369016945e-02
4.632337646e+02,2.970168926e-02
4.634540405e+02,3.149516881e-02
4.636743164e+02,3.192346171e-02
4.638946228e+02,3.235175461e-02
4.641149292e+02,3.184315562e-02
4.643352356e+02,3.192346171e-02
4.645555420e+02,3.138809279e-02
4.647758789e+02,3.149516881e-02
4.649962158e+02,3.406492621e-02
4.652165833e+02,3.136132658e-02
4.654369507e+02,3.451998904e-02
4.656573181e+02,3.291388974e-02
4.658777161e+02,3.524273261e-02
4.660980835e+02,3.307449818e-02
4.663185120e+02,3.462706134e-02
4.665389099e+02,3.489474580e-02
4.667593384e+02,3.468059748e-02
4.669797668e+02,3.417199850e-02
4.672002258e+02,3.152193502e-02
4.674206848e+02,3.390431777e-02
4.676411438e+02,3.243205696e-02
4.678616333e+02,3.133455664e-02
4.680821228e+02,3.323510662e-02
4.683026123e+02,3.302096203e-02
4.685231323e+02,3.377047554e-02
4.687436523e+02,3.138809279e-02
4.689641724e+02,3.291388974e-02
4.691847229e+02,3.112041019e-02
4.694052734e+02,3.481443971e-02
4.696258240e+02,3.176284954e-02
4.698464050e+02,3.427907452e-02
4.700669861e+02,3.390431777e-02
4.702875671e+02,3.173608333e-02
4.705081787e+02,3.409169614e-02
4.707287903e+02,3.395785391e-02
4.709494019e+02,3.144162893e-02
4.711700439e+02,3.344925493e-02
4.713906860e+02,3.304773197e-02
4.716113281e+02,3.221791238e-02
4.718320007e+02,2.951431088e-02
4.720526733e+02,3.310126811e-02
4.722733459e+02,2.972845733e-02
4.724940491e+02,3.275327757e-02
4.727147522e+02,2.954107895e-02
4.729354553e+02,3.154870495e-02
4.731561890e+02,3.031736054e-02
4.733769226e+02,3.237852082e-02
4.735976868e+02,3.106687404e-02
4.738184204e+02,3.355632722e-02
4.740391846e+02,2.919309027e-02
4.742599792e+02,3.170931339e-02
4.744807739e+02,3.095979989e-02
4.747015686e+02,3.245882690e-02
4.749223633e+02,3.101333790e-02
4.751431885e+02,3.476090357e-02
4.753640137e+02,3.240529075e-02
4.755848694e+02,3.382401168e-02
4.758056946e+02,3.186992556e-02
4.760265503e+02,3.221791238e-02
4.762474365e+02,3.315480426e-02
4.764683228e+02,2.828296833e-02
4.766892090e+02,2.852388285e-02
4.769100952e+02,2.897894382e-02
4.771310120e+02,2.943400666e-02
4.773519287e+02,3.023705631e-02
4.775728760e+02,3.069211729e-02
4.777938232e+02,2.970168926e-02
4.780147705e+02,2.983553149e-02
4.782357178e+02,3.087949567e-02
4.784566956e+02,3.079919145e-02
4.786777039e+02,3.189669177e-02
4.788986816e+02,3.061181307e-02
4.791196899e+02,3.136132658e-02
4.793406982e+02,3.229821846e-02
4.795617371e+02,2.913955413e-02
4.797827759e+02,3.318157047e-02
4.800038147e+02,3.267297521e-02
4.802248535e+02,2.801528387e-02
4.804459229e+02,3.047797084e-02
4.806670227e+02,2.889863960e-02
4.808880920e+02,2.991583571e-02
4.811091919e+02,2.844357863e-02
4.813302917e+02,3.029059246e-02
4.815514221e+02,2.707839385e-02
4.817725525e+02,2.780113742e-02
4.819936829e+02,2.705162577e-02
4.822148438e+02,2.624857426e-02
4.824360046e+02,2.948754281e-02
4.826571655e+02,3.079919145e-02
4.828783569e+02,2.753345482e-02
4.830995483e+02,2.986229956e-02
4.833207397e+02,2.964815311e-02
4.835419617e+02,3.130779043e-02
4.837631836e+02,3.184315562e-02
4.839844055e+02,3.160224110e-02
4.842056580e+02,2.967492118e-02
4.844269104e+02,3.042443469e-02
4.846481628e+02,3.010321409e-02
4.848694458e+02,2.956784703e-02
4.850907288e+02,2.705162577e-02
4.853120117e+02,2.758699097e-02
4.855333252e+02,2.756022289e-02
4.857546387e+02,3.055827506e-02
4.859759521e+02,2.766729705e-02
4.861972961e+02,2.678394131e-02
4.864186401e+02,2.702485584e-02
4.866399841e+02,2.681070939e-02
4.868613586e+02,2.959461510e-02
4.870827332e+02,2.806882188e-02
4.873041077e+02,2.750668675e-02
4.875255127e+02,2.713192999e-02
4.877469177e+02,2.772083320e-02
4.879683228e+02,2.812235802e-02
4.881897583e+02,3.026382439e-02
4.884111938e+02,3.098656982e-02
4.886326599e+02,2.972845733e-02
4.888540955e+02,3.133455664e-02
4.890755615e+02,3.004967794e-02
4.892970581e+02,3.152193502e-02
4.895185547e+02,2.868449315e-02
4.897400513e+02,2.766729705e-02
4.899615479e+02,2.662333101e-02
4.901830750e+02,2.865772508e-02
4.904046021e+02,2.742638066e-02
4.906261597e+02,2.624857426e-02
4.908476868e+02,2.667686902e-02
4.910692749e+02,2.560613491e-02
4.912908325e+02,2.830973640e-02
4.915124207e+02,2.745315060e-02
4.917340088e+02,2.836327255e-02
4.919555969e+02,2.686424740e-02
4.921772156e+02,2.699808776e-02
4.923988342e+02,2.908601798e-02
4.926204834e+02,2.852388285e-02
4.928421326e+02,3.015675023e-02
4.930637817e+02,2.651625872e-02
4.932854309e+02,2.830973640e-02
4.935071106e+02,2.844357863e-02
4.937287903e+02,2.523137815e-02
4.939505005e+02,2.501723170e-02
4.941722107e+02,2.606119774e-02
4.943939209e+02,2.568644099e-02
4.946156616e+02,2.499046363e-02
4.948373718e+02,2.432125621e-02
4.950591431e+02,2.539198846e-02
4.952808838e+02,2.373235300e-02
4.955026550e+02,2.916632220e-02
4.957244263e+02,2.520461008e-02
4.959462280e+02,2.809558995e-02
4.961680298e+02,2.383942530e-02
4.963898315e+02,2.632888034e-02
4.966116638e+02,2.723900415e-02
4.968334961e+02,2.544552460e-02
4.970553284e+02,2.477631718e-02
4.972771606e+02,2.839004062e-02
4.974990234e+02,2.547229454e-02
4.977209167e+02,2.678394131e-02
4.979427795e+02,2.440156043e-02
4.981646729e+02,2.432125621e-02
4.983865662e+02,2.402680367e-02
4.986084900e+02,2.667686902e-02
4.988304138e+02,2.405357175e-02
4.990523376e+02,2.295607142e-02
4.992742920e+02,2.161765471e-02
4.994962463e+02,2.134997211e-02
4.997182007e+02,2.440156043e-02
4.999401855e+02,2.544552460e-02
5.001621704e+02,2.252777852e-02
5.003841553e+02,2.308991179e-02
5.006061707e+02,2.193887532e-02
5.008281860e+02,2.456217073e-02
5.010502014e+02,2.400003560e-02
5.012722473e+02,2.509753779e-02
5.014942932e+02,2.239393629e-02
5.017163391e+02,2.600765973e-02
5.019384155e+02,2.482985333e-02
5.021604919e+02,2.424095012e-02
5.023825684e+02,2.349143662e-02
5.026046753e+02,2.432125621e-02
5.028267822e+02,2.244747244e-02
5.030488892e+02,2.244747244e-02
5.032710266e+02,2.108228765e-02
5.034931641e+02,2.124289796e-02
5.037153015e+02,2.017216571e-02
5.039374695e+02,2.365204692e-02
5.041596375e+02,2.121612988e-02
5.043818054e+02,2.314344980e-02
5.046040039e+02,2.025246993e-02
5.048262024e+02,2.084137313e-02
5.050484314e+02,2.330406010e-02
5.052706299e+02,2.239393629e-02
5.054928589e+02,2.341113240e-02
5.057151184e+02,2.485662140e-02
5.059373779e+02,2.092167735e-02
5.061596375e+02,2.057369053e-02
5.063818970e+02,2.035954408e-02
5.066041870e+02,2.338436432e-02
5.068264771e+02,2.172472700e-02
5.070487671e+02,2.303637564e-02
5.072710876e+02,2.049338445e-02
5.074934082e+02,2.282222919e-02
5.077157593e+02,1.861960255e-02
5.079380798e+02,2.319698595e-02
5.081604614e+02,2.266161889e-02
5.083828125e+02,2.300960757e-02
5.086051941e+02,2.116259374e-02
5.088275757e+02,2.078783698e-02
5.090499573e+02,2.129643410e-02
5.092723694e+02,2.450863458e-02
5.094947815e+02,2.151058055e-02
5.097172241e+02,2.341113240e-02
5.099396667e+02,2.268838696e-02
5.101621094e+02,2.220655791e-02
5.103845520e+02,2.351820655e-02
5.106070251e+02,2.437479235e-02
5.108294983e+02,2.209948376e-02
5.110520020e+02,2.268838696e-02
5.112745056e+02,2.116259374e-02
5.114970093e+02,2.132320218e-02
5.117195129e+02,2.097521536e-02
5.119420471e+02,2.325052209e-02
5.121646118e+02,2.070753090e-02
5.123871460e+02,2.298283949e-02
5.126096802e+02,2.266161889e-02
5.128322754e+02,2.333082817e-02
5.130548706e+02,2.266161889e-02
5.132774658e+02,2.426771820e-02
5.135000610e+02,2.303637564e-02
5.137226562e+02,2.402680367e-02
5.139452515e+02,2.183180116e-02
5.141679077e+02,2.432125621e-02
5.143905640e+02,2.335759625e-02
5.146132202e+02,2.638241649e-02
5.148358765e+02,2.499046363e-02
5.150585327e+02,2.801528387e-02
5.152812500e+02,2.271515690e-02
5.155039062e+02,2.533845231e-02
5.157266235e+02,2.145704441e-02
5.159493408e+02,2.416064590e-02
5.161720581e+02,2.244747244e-02
5.163947754e+02,2.060045861e-02
5.166175537e+02,2.100198343e-02
5.168402710e+02,2.175149694e-02
5.170630493e+02,2.319698595e-02
5.172858276e+02,2.349143662e-02
5.175086060e+02,2.292930335e-02
5.177314453e+02,2.292930335e-02
5.179542236e+02,2.723900415e-02
5.181770630e+02,2.507076785e-02
5.183999023e+02,2.742638066e-02
5.186227417e+02,2.563290298e-02
5.188455811e+02,2.598089166e-02
5.190684204e+02,2.445509657e-02
5.192912598e+02,2.788144350e-02
5.195141602e+02,2.547229454e-02
5.197370605e+02,2.656979486e-02
5.199599609e+02,2.375912108e-02
5.201828613e+02,2.300960757e-02
5.204057617e+02,2.453540266e-02
5.206287231e+02,2.306314372e-02
5.208516235e+02,2.630211227e-02
5.210745850e+02,2.466924302e-02
5.212975464e+02,2.303637564e-02
5.215205078e+02,2.445509657e-02
5.217435303e+02,2.432125621e-02
5.219664917e+02,2.761375904e-02
5.221895142e+02,2.400003560e-02
5.224125366e+02,2.812235802e-02
5.226355591e+02,2.528491616e-02
5.228585815e+02,2.745315060e-02
5.230816040e+02,2.747991867e-02
5.233046875e+02,2.972845733e-02
5.235277100e+02,2.753345482e-02
5.237507935e+02,2.908601798e-02
5.239738770e+02,2.729254030e-02
5.241969604e+02,2.702485584e-02
5.244201050e+02,2.702485584e-02
5.246431885e+02,2.758699097e-02
5.248663330e+02,2.640918456e-02
5.250894775e+02,2.673040517e-02
5.253126221e+02,2.485662140e-02
5.255357666e+02,2.656979486e-02
5.257589111e+02,2.579351328e-02
5.259821167e+02,2.986229956e-02
5.262053223e+02,2.822943218e-02
5.264285278e+02,2.758699097e-02
5.266517334e+02,2.638241649e-02
5.268749390e+02,2.705162577e-02
5.270981445e+02,3.079919145e-02
5.273214111e+02,2.999614179e-02
5.275446167e+02,3.034412861e-02
5.277678833e+02,3.109364212e-02
5.279911499e+02,3.061181307e-02
5.282144165e+02,2.820266224e-02
5.284377441e+02,2.978199348e-02
5.286610107e+02,2.833650447e-02
5.288843384e+02,2.975522541e-02
5.291076660e+02,2.774760127e-02
5.293309937e+02,2.954107895e-02
5.295543213e+02,3.007644601e-02
5.297777100e+02,2.806882188e-02
5.300010376e+02,2.988906763e-02
5.302244263e+02,2.983553149e-02
5.304478149e+02,2.919309027e-02
5.306712036e+02,2.924662828e-02
5.308945923e+02,3.079919145e-02
5.311179810e+02,2.956784703e-02
5.313414307e+02,2.996937186e-02
5.315648804e+02,3.347602487e-02
5.317883301e+02,3.178961948e-02
5.320117798e+02,3.197699785e-02
5.322352295e+02,3.200376406e-02
5.324586792e+02,3.058504499e-02
5.326821899e+02,2.940723859e-02
5.329057007e+02,2.873802930e-02
5.331291504e+02,3.018351831e-02
5.333527222e+02,3.095979989e-02
5.335762329e+02,3.216437623e-02
5.337997437e+02,2.739961259e-02
5.340233154e+02,3.141486272e-02
5.342468262e+02,3.077242151e-02
5.344703979e+02,3.243205696e-02
5.346939697e+02,3.278004751e-02
5.349176025e+02,3.098656982e-02
5.351411743e+02,2.895217575e-02
5.353648071e+02,3.296742588e-02
5.355883789e+02,3.382401168e-02
5.358120117e+02,3.585840389e-02
5.360356445e+02,3.366340324e-02
5.362593384e+02,3.352956101e-02
5.364829712e+02,3.358309716e-02
5.367066650e+02,3.585840389e-02
5.369302979e+02,3.037089668e-02
5.371539917e+02,3.213760629e-02
5.373776855e+02,3.085272759e-02
5.376014404e+02,3.374370560e-02
5.378251343e+02,3.098656982e-02
5.380488892e+02,3.162900731e-02
5.382726440e+02,3.152193502e-02
5.384963379e+02,3.591194004e-02
5.387201538e+02,3.004967794e-02
5.389439087e+02,3.200376406e-02
5.391676636e+02,3.278004751e-02
5.393914795e+02,3.385078162e-02
5.396152954e+02,3.446645290e-02
5.398391113e+02,3.363663331e-02
5.400629272e+02,3.344925493e-02
5.402867432e+02,3.604578227e-02
5.405105591e+02,3.540334478e-02
5.407344360e+02,3.735743091e-02
5.409583130e+02,3.460029140e-02
5.411821899e+02,3.419876844e-02
5.414060669e+02,3.366340324e-02
5.416299438e+02,3.510889038e-02
5.418538818e+02,3.451998904e-02
5.420777588e+02,3.417199850e-02
5.423016968e+02,3.232498467e-02
5.425256348e+02,3.534980491e-02
5.427495728e+02,3.294065595e-02
5.429735107e+02,3.500181809e-02
5.431975098e+02,3.312803432e-02
5.434214478e+02,3.612608835e-02
5.436454468e+02,3.671498969e-02
5.438694458e+02,3.652761132e-02
5.440934448e+02,3.385078162e-02
5.443174438e+02,3.719682246e-02
5.445415039e+02,3.767865151e-02
5.447655640e+02,3.856200725e-02
5.449895630e+02,3.746450320e-02
5.452136230e+02,3.644730896e-02
5.454376831e+02,3.537657484e-02
5.456618042e+02,3.837462887e-02
5.458858643e+02,3.470736742e-02
5.461099854e+02,3.749127313e-02
5.463341064e+02,3.596547619e-02
5.465582275e+02,3.438614681e-02
5.467823486e+02,3.387754783e-02
5.470064697e+02,3.650084510e-02
5.472306519e+02,3.642053902e-02
5.474547729e+02,3.711651638e-02
5.476789551e+02,3.666145355e-02
5.479031372e+02,3.526950255e-02
5.481273193e+02,3.781249374e-02
5.483515015e+02,3.909737244e-02
5.485757446e+02,3.767865151e-02
5.487999878e+02,3.700944409e-02
5.490241699e+02,3.949889541e-02
5.492484131e+02,3.933828697e-02
5.494726562e+02,4.016810656e-02
5.496969604e+02,4.276463389e-02
5.499212036e+02,3.909737244e-02
5.501455078e+02,3.925798088e-02
5.503698120e+02,4.081054404e-02
5.505941162e+02,3.799987212e-02
5.508184204e+02,3.625993058e-02
5.510427246e+02,3.925798088e-02
5.512670898e+02,3.631346673e-02
5.514913940e+02,3.998072818e-02
5.517157593e+02,4.016810656e-02
5.519401245e+02,3.711651638e-02
5.521644897e+02,3.869584575e-02
5.523889160e+02,4.008780047e-02
5.526132812e+02,3.931151703e-02
5.528377075e+02,4.113176465e-02
5.530621338e+02,4.247017950e-02
5.532865601e+02,4.129237309e-02
5.535109863e+02,4.000749439e-02
5.537354126e+02,4.164036363e-02
5.539598999e+02,4.035548493e-02
5.541843262e+02,4.255048558e-02
5.544088135e+02,3.963273764e-02
5.546333008e+02,3.982011601e-02
5.548577881e+02,3.888322413e-02
5.550823364e+02,4.206865653e-02
5.553068237e+02,3.960597143e-02
5.555313721e+02,4.142621532e-02
5.557559204e+02,3.982011601e-02
5.559804688e+02,4.102469236e-02
5.562050171e+02,4.011456668e-02
5.564295654e+02,4.255048558e-02
5.566541748e+02,4.305908456e-02
5.568787231e+02,4.056962952e-02
5.571033325e+02,4.115853459e-02
5.573279419e+02,4.238987714e-02
5.575525513e+02,4.329999909e-02
5.577772217e+02,4.426366091e-02
5.580018311e+02,4.059639946e-02
5.582265015e+02,4.263079166e-02
5.584511719e+02,4.196158424e-02
5.586758423e+02,4.329999909e-02
5.589005127e+02,4.059639946e-02
5.591251831e+02,4.204188660e-02
5.593499146e+02,4.300554842e-02
5.595745850e+02,4.329999909e-02
5.597993164e+02,4.204188660e-02
5.600240479e+02,4.586976022e-02
5.602488403e+02,4.051609337e-02
5.604735718e+02,4.477225617e-02
5.606983032e+02,4.284493625e-02
5.609230957e+02,4.445103556e-02
5.611478882e+02,4.402274266e-02
5.613726807e+02,4.546823353e-02
5.615974731e+02,4.611067474e-02
5.618223267e+02,4.592329636e-02
5.620471191e+02,4.613744095e-02
5.622719727e+02,4.667280987e-02
5.624968262e+02,4.544146731e-02
5.627216797e+02,4.445103556e-02
5.629465332e+02,4.437073320e-02
5.631713867e+02,4.603036866e-02
5.633963013e+02,4.396920651e-02
5.636211548e+02,4.503994063e-02
5.638460693e+02,4.586976022e-02
5.640709839e+02,4.570914805e-02
5.642958984e+02,4.653896764e-02
5.645208740e+02,4.632481933e-02
5.647457886e+02,4.324646294e-02
5.649707642e+02,4.760970175e-02
5.651957397e+02,4.726171121e-02
5.654207153e+02,4.945671558e-02
5.656456909e+02,4.694049060e-02
5.658707275e+02,4.892134666e-02
5.660957031e+02,5.111635104e-02
5.663207397e+02,4.726171121e-02
5.665457764e+02,4.873396829e-02
5.667708130e+02,4.766323790e-02
5.669958496e+02,5.111635104e-02
5.672208862e+02,4.980470240e-02
5.674459839e+02,4.704756662e-02
5.676710205e+02,4.843951762e-02
5.678961182e+02,4.862689599e-02
5.681212158e+02,5.004561692e-02
5.683463745e+02,4.860012978e-02
5.685714722e+02,4.790415242e-02
5.687966309e+02,4.667280987e-02
5.690217285e+02,4.846628755e-02
5.692468872e+02,4.932287335e-02
5.694720459e+02,4.843951762e-02
5.696972046e+02,5.042037368e-02
5.699224243e+02,5.130372941e-02
5.701475830e+02,4.985823855e-02
5.703728027e+02,5.317751318e-02
5.705980225e+02,5.216031522e-02
5.708232422e+02,5.304367095e-02
5.710484619e+02,5.604172125e-02
5.712736816e+02,4.993854463e-02
5.714989624e+02,5.339165777e-02
5.717242432e+02,5.079513043e-02
5.719495239e+02,5.202647299e-02
5.721748047e+02,5.491745472e-02
5.724000854e+02,5.390025675e-02
5.726253662e+02,5.280275643e-02
5.728507080e+02,5.339165777e-02
5.730760498e+02,5.264214426e-02
5.733013306e+02,5.025976524e-02
5.735266724e+02,5.365934223e-02
5.737520752e+02,5.127695948e-02
5.739774170e+02,5.197293684e-02
5.742028198e+02,5.141080171e-02
5.744281616e+02,5.282952264e-02
5.746535645e+02,5.483714864e-02
5.748789673e+02,5.807611719e-02
5.751043701e+02,5.815641955e-02
5.753298340e+02,5.815641955e-02
5.755552368e+02,5.866501853e-02
5.757807007e+02,5.895946920e-02
5.760061646e+02,5.804934725e-02
5.762316284e+02,5.676446855e-02
5.764570923e+02,5.748721212e-02
5.766826172e+02,5.820995569e-02
5.769080811e+02,5.917361751e-02
5.771336060e+02,5.914684758e-02
5.773591309e+02,6.233227998e-02
5.775846558e+02,6.160953641e-02
5.778101807e+02,6.334947795e-02
5.780357666e+02,6.342978030e-02
5.782612915e+02,6.549093872e-02
5.784868774e+02,6.704350561e-02
5.787124634e+02,6.741826236e-02
5.789380493e+02,6.795363128e-02
5.791636353e+02,6.763240695e-02
5.793892212e+02,7.234363258e-02
5.796148682e+02,7.322698832e-02
5.798405151e+02,7.360174507e-02
5.800661621e+02,7.502046973e-02
5.802918091e+02,7.764375955e-02
5.805174561e+02,8.452322334e-02
5.807431030e+02,8.053474128e-02
5.809688110e+02,8.363986760e-02
5.811944580e+02,8.661115170e-02
5.814201660e+02,8.982335031e-02
5.816458740e+02,9.480226040e-02
5.818716431e+02,9.472195804e-02
5.820973511e+02,9.782708436e-02
5.823231201e+02,1.019494012e-01
5.825488281e+02,1.032342836e-01
5.827745972e+02,1.056166664e-01
5.830003662e+02,1.118001491e-01
5.832261963e+02,1.171270460e-01
5.834519653e+02,1.216241270e-01
5.836777344e+02,1.250772327e-01
5.839035645e+02,1.263621151e-01
5.841293945e+02,1.354901195e-01
5.843552246e+02,1.369623691e-01
5.845810547e+02,1.447251886e-01
5.848069458e+02,1.440827549e-01
5.850327759e+02,1.497308612e-01
5.852586670e+02,1.572259963e-01
5.854845581e+02,1.630882621e-01
5.857104492e+02,1.629276574e-01
5.859363403e+02,1.781855971e-01
5.861622925e+02,1.786138862e-01
5.863881836e+02,1.855201125e-01
5.866141357e+02,1.885449439e-01
5.868400879e+02,1.966022104e-01
5.870660400e+02,2.032407522e-01
5.872919922e+02,2.096116096e-01
5.875180054e+02,2.144834548e-01
5.877439575e+02,2.212826014e-01
5.879699707e+02,2.257529199e-01
5.881959839e+02,2.313207239e-01
5.884219971e+02,2.396992147e-01
5.886480103e+02,2.469266653e-01
5.888740234e+02,2.510757446e-01
5.891000977e+02,2.574466169e-01
5.893261719e+02,2.655841708e-01
5.895522461e+02,2.739091218e-01
5.897783203e+02,2.799320221e-01
5.900043945e+02,2.838134170e-01
5.902304688e+02,2.892741561e-01
5.904566040e+02,2.954843938e-01
5.906827393e+02,3.030866086e-01
5.909088135e+02,3.064326644e-01
5.911350098e+02,3.109565079e-01
5.913611450e+02,3.201647997e-01
5.915872803e+02,3.232966959e-01
5.918134766e+02,3.243406713e-01
5.920396118e+02,3.344590962e-01
5.922658081e+02,3.390632570e-01
5.924920044e+02,3.469866812e-01
5.927182617e+02,3.565964997e-01
5.929444580e+02,3.648411334e-01
5.931707153e+02,3.653497398e-01
5.933969116e+02,3.762712181e-01
5.936231689e+02,3.858542740e-01
5.938494263e+02,3.834986687e-01
5.940757446e+02,3.890932500e-01
5.943020020e+02,3.979803324e-01
5.945282593e+02,4.062517285e-01
5.947545776e+02,4.147105217e-01
5.949808960e+02,4.130776525e-01
5.952072144e+02,4.263279736e-01
5.954335327e+02,4.351882935e-01
5.956599121e+02,4.362857938e-01
5.958862305e+02,4.494022727e-01
5.961126099e+02,4.507674575e-01
5.963389893e+02,4.539529085e-01
5.965653687e+02,4.551842511e-01
5.967917480e+02,4.692108333e-01
5.970181885e+02,4.674173594e-01
5.972445679e+02,4.756352603e-01
5.974710083e+02,4.809353650e-01
5.976974487e+02,4.815778136e-01
5.979238892e+02,4.884037375e-01
5.981503296e+02,4.917230010e-01
5.983768311e+02,5.015202165e-01
5.986032715e+02,4.978529513e-01
5.988297729e+02,5.123614073e-01
5.990562744e+02,5.181433558e-01
5.992827759e+02,5.214626193e-01
5.995092773e+02,5.196155906e-01
5.997357788e+02,5.194817781e-01
5.999623413e+02,5.232828856e-01
6.001889038e+02,5.289577246e-01
6.004154663e+02,5.255046487e-01
6.006420288e+02,5.348467827e-01
6.008685913e+02,5.324911475e-01
6.010951538e+02,5.345255733e-01
6.013217773e+02,5.373362303e-01
6.015484009e+02,5.503188968e-01
6.017749634e+02,5.494087338e-01
6.020015869e+02,5.614544749e-01
6.022282715e+02,5.661122203e-01
6.024548950e+02,5.662995577e-01
6.026815796e+02,5.739552975e-01
6.029082031e+02,5.736608505e-01
6.031348877e+02,5.777564049e-01
6.033615723e+02,5.849035382e-01
6.035883179e+02,5.903375149e-01
6.038150024e+02,5.886243582e-01
6.040416870e+02,5.934426785e-01
6.042684326e+02,6.017140746e-01
6.044951782e+02,6.057293415e-01
6.047219238e+02,6.108688116e-01
6.049486694e+02,6.099319458e-01
6.051754761e+02,6.048191786e-01
6.054022217e+02,6.141613126e-01
6.056290283e+02,6.174538136e-01
6.058558350e+02,6.152588129e-01
6.060826416e+02,6.153123975e-01
6.063094482e+02,6.184710264e-01
6.065363159e+02,6.270904541e-01
6.067631226e+02,6.303294301e-01
6.069899902e+02,6.310253739e-01
6.072168579e+02,6.375568509e-01
6.074437256e+02,6.366199851e-01
6.076705933e+02,6.334612966e-01
6.078974609e+02,6.335148215e-01
6.081243896e+02,6.361381412e-01
6.083513184e+02,6.460959315e-01
6.085781860e+02,6.507803798e-01
6.088051147e+02,6.542870402e-01
6.090321045e+02,6.428837776e-01
6.092590332e+02,6.539925933e-01
6.094860229e+02,6.587038040e-01
6.097129517e+02,6.549830437e-01
6.099399414e+02,6.628261805e-01
6.101669312e+02,6.621569395e-01
6.103939209e+02,6.672697067e-01
6.106209717e+02,6.703748107e-01
6.108479614e+02,6.734799743e-01
6.110750122e+02,6.764780283e-01
6.113020630e+02,6.799846292e-01
6.115291138e+02,6.807073951e-01
6.117561646e+02,6.827149987e-01
6.119832764e+02,6.859272122e-01
6.122103271e+02,6.895141602e-01
6.124374390e+02,6.909061074e-01
6.126645508e+02,6.878010035e-01
6.128916626e+02,6.851776838e-01
6.131187744e+02,6.903172135e-01
6.133458862e+02,6.917359233e-01
6.135730591e+02,6.946001649e-01
6.138002319e+02,6.909061074e-01
6.140273438e+02,7.049059868e-01
6.142545166e+02,7.013190389e-01
6.144817505e+02,7.028983235e-01
6.147089233e+02,6.973305345e-01
6.149361572e+02,7.086535096e-01
6.151633301e+02,7.077166438e-01
6.153905640e+02,7.043706179e-01
6.156177979e+02,7.092692256e-01
6.158450317e+02,7.086535096e-01
6.160723267e+02,7.177011967e-01
6.162995605e+02,7.163092494e-01
6.165268555e+02,7.192537785e-01
6.167541504e+02,7.139269114e-01
6.169814453e+02,7.211543322e-01
6.172087402e+02,7.239649892e-01
6.174360352e+02,7.134718299e-01
6.176633911e+02,7.203780413e-01
6.178907471e+02,7.322364450e-01
6.181180420e+02,7.223589420e-01
6.183453979e+02,7.338425517e-01
6.185728149e+02,7.378042340e-01
6.188001709e+02,7.358501554e-01
6.190275879e+02,7.323434949e-01
6.192549438e+02,7.325308919e-01
6.194823608e+02,7.385002375e-01
6.197097778e+02,7.307641506e-01
6.199371948e+02,7.426225543e-01
6.201646729e+02,7.519646883e-01
6.203920898e+02,7.477352619e-01
6.206195679e+02,7.515096068e-01
6.208470459e+02,7.382860780e-01
6.210745239e+02,7.522591352e-01
6.213020020e+02,7.502247691e-01
6.215294800e+02,7.467983961e-01
6.217570190e+02,7.570238709e-01
6.219844971e+02,7.546415329e-01
6.222120361e+02,7.578805089e-01
6.224395752e+02,7.554713488e-01
6.226671143e+02,7.617619038e-01
6.228947144e+02,7.660983801e-01
6.231222534e+02,7.596471906e-01
6.233498535e+02,7.571309805e-01
6.235774536e+02,7.576128244e-01
6.238050537e+02,7.613871098e-01
6.240326538e+02,7.548021078e-01
6.242602539e+02,7.593795061e-01
6.244879150e+02,7.607714534e-01
6.247155762e+02,7.572915554e-01
6.249431763e+02,7.624310851e-01
6.251708374e+02,7.573183775e-01
6.253985596e+02,7.510545850e-01
6.256262207e+02,7.598345876e-01
6.258538818e+02,7.584694028e-01
6.260816040e+02,7.526606321e-01
6.263093262e+02,7.546682954e-01
6.265370483e+02,7.663393021e-01
6.267647705e+02,7.634482980e-01
6.269924927e+02,7.597274780e-01
6.272202759e+02,7.699262500e-01
6.274480591e+02,7.712646723e-01
6.276757812e+02,7.694444060e-01
6.279035645e+02,7.678382993e-01
6.281314087e+02,7.724156976e-01
6.283591919e+02,7.746374607e-01
6.285869751e+02,7.715858817e-01
6.288148193e+02,7.710237503e-01
6.290426636e+02,7.678115368e-01
6.292705078e+02,7.706489563e-01
6.294983521e+02,7.690696716e-01
6.297261963e+02,7.772071958e-01
6.299541016e+02,7.730581164e-01
6.301819458e+02,7.786794901e-01
6.304098511e+02,7.678382993e-01
6.306377563e+02,7.685878277e-01
6.308656616e+02,7.607982159e-01
6.310936279e+02,7.747712731e-01
6.313215332e+02,7.718535662e-01
6.315494995e+02,7.680792212e-01
6.317774658e+02,7.769395113e-01
6.320054321e+02,7.793754339e-01
6.322333984e+02,7.769930959e-01
6.324613647e+02,7.814901471e-01
6.326893921e+02,7.803658843e-01
6.329173584e+02,7.794825435e-01
6.331453857e+02,7.863887548e-01
6.333734131e+02,7.855857015e-01
6.336014404e+02,7.807138562e-01
6.338294678e+02,7.875933051e-01
6.340575562e+02,7.934556007e-01
6.342855835e+02,7.966945767e-01
6.345136719e+02,7.843275666e-01
6.347417603e+02,7.865761518e-01
6.349698486e+02,7.873792052e-01
6.351979980e+02,7.952490449e-01
6.354260864e+02,7.906717062e-01
6.356542358e+02,7.852644920e-01
6.358823853e+02,7.903772593e-01
6.361105347e+02,7.860675454e-01
6.363386841e+02,7.905913591e-01
6.365668335e+02,7.861210704e-01
6.367949829e+02,7.892797589e-01
6.370231934e+02,7.897883058e-01
6.372514038e+02,7.916085720e-01
6.374796143e+02,7.786259651e-01
6.377078247e+02,7.985415459e-01
6.379360352e+02,7.964536548e-01
6.381643066e+02,7.848094106e-01
6.383925171e+02,7.936429977e-01
6.386207886e+02,7.974708676e-01
6.388490601e+02,7.985147834e-01
6.390773315e+02,7.999603152e-01
6.393056030e+02,7.942318916e-01
6.395339355e+02,8.132106066e-01
6.397622070e+02,8.013522625e-01
6.399905396e+02,8.077772260e-01
6.402188721e+02,8.047760129e-01
6.404472046e+02,8.062464595e-01
6.406755371e+02,8.106491566e-01
6.409039307e+02,8.147852421e-01
6.411323242e+02,8.107024431e-01
6.413606567e+02,8.116078377e-01
6.415890503e+02,8.299756050e-01
6.418174438e+02,8.177479506e-01
6.420458984e+02,8.220119476e-01
6.422742920e+02,8.303146362e-01
6.425027466e+02,8.471115232e-01
6.427311401e+02,8.327625990e-01
6.429595947e+02,8.365138173e-01
6.431880493e+02,8.173852563e-01
6.434165649e+02,8.097130656e-01
6.436450195e+02,8.049345613e-01
6.438735352e+02,8.127828240e-01
6.441019897e+02,8.095244169e-01
6.443305054e+02,7.839044333e-01
6.445590210e+02,7.850981951e-01
6.447875977e+02,7.902772427e-01
6.450161133e+02,7.880387306e-01
6.452446899e+02,7.812613249e-01
6.454732056e+02,7.926020622e-01
6.457017822e+02,7.717521191e-01
6.459303589e+02,8.006835580e-01
6.461589966e+02,7.902657986e-01
6.463875732e+02,7.878617048e-01
6.466162109e+02,8.052738309e-01
6.468447876e+02,8.095027804e-01
6.470734253e+02,8.015406132e-01
6.473020630e+02,8.194119334e-01
6.475307617e+02,8.365879655e-01
6.477593994e+02,8.246472478e-01
6.479880981e+02,8.246833086e-01
6.482167358e+02,8.271029592e-01
6.484454346e+02,8.312785625e-01
6.486741333e+02,7.913225293e-01
6.489028320e+02,8.147239089e-01
6.491315918e+02,8.049429059e-01
6.493602905e+02,8.006373048e-01
6.495890503e+02,8.102928400e-01
6.498178101e+02,7.976582050e-01
6.500465698e+02,8.049659729e-01
6.502753296e+02,8.014057875e-01
6.505041504e+02,8.027977347e-01
6.507329102e+02,7.927328348e-01
6.509617310e+02,7.907252312e-01
6.511905518e+02,7.809012532e-01
6.514193726e+02,7.814098597e-01
6.516481934e+02,7.794557810e-01
6.518770142e+02,7.768592238e-01
6.521058960e+02,7.775552273e-01
6.523347778e+02,7.766985893e-01
6.525636597e+02,7.836851478e-01
6.527925415e+02,7.810083032e-01
6.530214233e+02,7.878609896e-01
6.532503052e+02,7.869508862e-01
6.534792480e+02,7.912873626e-01
6.537081299e+02,7.811689377e-01
6.539370728e+02,7.866029143e-01
6.541660156e+02,7.861478329e-01
6.543949585e+02,7.781173587e-01
6.546239624e+02,7.742627263e-01
6.548529053e+02,7.824805975e-01
6.550819092e+02,7.844882011e-01
6.553109131e+02,7.821058035e-01
6.555399170e+02,7.905378342e-01
6.557689209e+02,7.812224627e-01
6.559979248e+02,7.855589390e-01
6.562269897e+02,7.871382833e-01
6.564560547e+02,7.880751491e-01
6.566851196e+02,7.829623818e-01
6.569141846e+02,7.902166247e-01
6.571432495e+02,7.837119102e-01
6.573723145e+02,7.864422798e-01
6.576014404e+02,7.866832018e-01
6.578305054e+02,7.889317274e-01
6.580596313e+02,7.824002504e-01
6.582887573e+02,7.895474434e-01
6.585178833e+02,7.786259651e-01
6.587470703e+02,7.834709883e-01
6.589761963e+02,7.954364419e-01
6.592053833e+02,7.909126282e-01
6.594345703e+02,7.846488357e-01
6.596637573e+02,7.833639383e-01
6.598929443e+02,7.869776487e-01
6.601221313e+02,7.987824678e-01
6.603513794e+02,7.883963585e-01
6.605805664e+02,7.785723805e-01
6.608098145e+02,7.853180170e-01
6.610390625e+02,7.881286740e-01
6.612683105e+02,7.817578316e-01
6.614975586e+02,7.844079137e-01
6.617268677e+02,7.862817049e-01
6.619561768e+02,7.773143053e-01
6.621854248e+02,7.731384039e-01
6.624147339e+02,7.669549584e-01
6.626441040e+02,7.774213552e-01
6.628734131e+02,7.727369070e-01
6.631027222e+02,7.644387484e-01
6.633320923e+02,7.688555121e-01
6.635614624e+02,7.624043226e-01
6.637908325e+02,7.651346922e-01
6.640202026e+02,7.648402452e-01
6.642495728e+02,7.725227475e-01
6.644790039e+02,7.708631158e-01
6.647083740e+02,7.702474594e-01
6.649378052e+02,7.653220892e-01
6.651672363e+02,7.703009844e-01
6.653966675e+02,7.599951625e-01
6.656260986e+02,7.641174793e-01
6.658555908e+02,7.715858817e-01
6.660850220e+02,7.650276423e-01
6.663145142e+02,7.681862712e-01
6.665440063e+02,7.669817209e-01
6.667734985e+02,7.745571733e-01
6.670030518e+02,7.734864354e-01
6.672325439e+02,7.684271932e-01
6.674620972e+02,7.709166408e-01
6.676915894e+02,7.638766170e-01
6.679211426e+02,7.731384039e-01
6.681506958e+02,7.752531171e-01
6.683803101e+02,7.751460671e-01
6.686098633e+02,7.671422958e-01
6.688394775e+02,7.773143053e-01
6.690690308e+02,7.644119263e-01
6.692986450e+02,7.784385681e-01
6.695282593e+02,7.743965387e-01
6.697579346e+02,7.734060884e-01
6.699875488e+02,7.666337490e-01
6.702172241e+02,7.691767216e-01
6.704468384e+02,7.701939344e-01
6.706765137e+02,7.777425647e-01
6.709061890e+02,7.659377456e-01
6.711359253e+02,7.738879323e-01
6.713656006e+02,7.689625621e-01
6.715953369e+02,7.767254114e-01
6.718250122e+02,7.704348564e-01
6.720547485e+02,7.771536708e-01
6.722844849e+02,7.643316388e-01
6.725142822e+02,7.650544047e-01
6.727440186e+02,7.704348564e-01
6.729738159e+02,7.718000412e-01
6.732035522e+02,7.688019872e-01
6.734333496e+02,7.684539557e-01
6.736631470e+02,7.636624575e-01
6.738929443e+02,7.734060884e-01
6.741228027e+02,7.706757188e-01
6.743526001e+02,7.664195895e-01
6.745824585e+02,7.717196941e-01
6.748123169e+02,7.657771111e-01
6.750421753e+02,7.671958804e-01
6.752720337e+02,7.641978264e-01
6.755019531e+02,7.717464566e-01
6.757318115e+02,7.656432986e-01
6.759617310e+02,7.617351413e-01
6.761916504e+02,7.633680105e-01
6.764215698e+02,7.510010004e-01
6.766514893e+02,7.701403499e-01
6.768814087e+02,7.711843252e-01
6.771113892e+02,7.660716176e-01
6.773413696e+02,7.617619038e-01
6.775712891e+02,7.576663494e-01
6.778012695e+02,7.641978264e-01
6.780313110e+02,7.578805089e-01
6.782612915e+02,7.607714534e-01
6.784912720e+02,7.530889511e-01
6.787213135e+02,7.572380304e-01
6.789513550e+02,7.557390332e-01
6.791813965e+02,7.555248737e-01
6.794114380e+02,7.625649571e-01
6.796415405e+02,7.612265348e-01
6.798715820e+02,7.621366382e-01
6.801016846e+02,7.558460832e-01
6.803317871e+02,7.606108785e-01
6.805618896e+02,7.594865561e-01
6.807919922e+02,7.570774555e-01
6.810220947e+02,7.547753453e-01
6.812522583e+02,7.614139318e-01
6.814823608e+02,7.675438523e-01
6.817125244e+02,7.593527436e-01
6.819426880e+02,7.640907168e-01
6.821728516e+02,7.625917196e-01
6.824030151e+02,7.599951625e-01
6.826332397e+02,7.613603473e-01
6.828634644e+02,7.670352459e-01
6.830936279e+02,7.634215355e-01
6.833238525e+02,7.598345876e-01
6.835540771e+02,7.517772913e-01
6.837843628e+02,7.575592399e-01
6.840145874e+02,7.610926628e-01
6.842448730e+02,7.489398718e-01
6.844751587e+02,7.462362647e-01
6.847054443e+02,7.523394227e-01
6.849357300e+02,7.548288703e-01
6.851660156e+02,7.486186624e-01
6.853963623e+02,7.572915554e-01
6.856266479e+02,7.453529239e-01
6.858569946e+02,7.516970038e-01
6.860873413e+02,7.485650778e-01
6.863176880e+02,7.521253228e-01
6.865480347e+02,7.477084994e-01
6.867784424e+02,7.550430298e-01
6.870087891e+02,7.569168210e-01
6.872391968e+02,7.471998930e-01
6.874696045e+02,7.463433146e-01
6.877000122e+02,7.582284808e-01
6.879304199e+02,7.486721873e-01
6.881608887e+02,7.464504242e-01
6.883912964e+02,7.524465322e-01
6.886217651e+02,7.395977378e-01
6.888522339e+02,7.467181087e-01
6.890827026e+02,7.440947890e-01
6.893131714e+02,7.455134988e-01
6.895437012e+02,7.487257123e-01
6.897741699e+02,7.336283922e-01
6.900046997e+02,7.452458143e-01
6.902352295e+02,7.428098917e-01
6.904657593e+02,7.370011806e-01
6.906962891e+02,7.451922894e-01
6.909268799e+02,7.397850752e-01
6.911574097e+02,7.541329265e-01
6.913880005e+02,7.526338696e-01
6.916185913e+02,7.573183775e-01
6.918491821e+02,7.514560819e-01
6.920797729e+02,7.539722919e-01
6.923104248e+02,7.515899539e-01
6.925410156e+02,7.517772913e-01
6.927716675e+02,7.477888465e-01
6.930023193e+02,7.554713488e-01
6.932329712e+02,7.518844008e-01
6.934636230e+02,7.434256077e-01
6.936942749e+02,7.406148911e-01
6.939249878e+02,7.483242154e-01
6.941557007e+02,7.461559772e-01
6.943864136e+02,7.417927384e-01
6.946171265e+02,7.375900745e-01
6.948478394e+02,7.391694188e-01
6.950785522e+02,7.410432100e-01
6.953093262e+02,7.418462634e-01
6.955400391e+02,7.424351573e-01
6.957708130e+02,7.361713648e-01
6.960015869e+02,7.441215515e-01
6.962323608e+02,7.457811832e-01
6.964631958e+02,7.330930233e-01
6.966939697e+02,7.332000732e-01
6.969248047e+02,7.319419980e-01
6.971556396e+02,7.402401567e-01
6.973864746e+02,7.241523862e-01
6.976173096e+02,7.399992347e-01
6.978481445e+02,7.251963615e-01
6.980790405e+02,7.412306070e-01
6.983099365e+02,7.346991301e-01
6.985407715e+02,7.338157296e-01
6.987716675e+02,7.326379418e-01
6.990025635e+02,7.344582081e-01
6.992335205e+02,7.394906282e-01
6.994644165e+02,7.374830246e-01
6.996953735e+02,7.362248898e-01
6.999263306e+02,7.351809144e-01
7.001572876e+02,7.375365496e-01
7.003882446e+02,7.296934128e-01
7.006192017e+02,7.349668145e-01
7.008502197e+02,7.328521013e-01
7.010811768e+02,7.343510985e-01
7.013121948e+02,7.378309965e-01
7.015432129e+02,7.263741493e-01
7.017742310e+02,7.404007912e-01
7.020052490e+02,7.291580439e-01
7.022363281e+02,7.488059998e-01
7.024674072e+02,7.408558130e-01
7.026984253e+02,7.435326576e-01
7.029295044e+02,7.413376570e-01
7.031605835e+02,7.423548698e-01
7.033917236e+02,7.398118377e-01
7.036228027e+02,7.377774715e-01
7.038539429e+02,7.346456051e-01
7.040850220e+02,7.394906282e-01
7.043161621e+02,7.247948050e-01
7.045473022e+02,7.372153401e-01
7.047785034e+02,7.344849706e-01
7.050096436e+02,7.306571007e-01
7.052408447e+02,7.338960767e-01
7.054719849e+02,7.402936816e-01
7.057031860e+02,7.353147864e-01
7.059343872e+02,7.353415489e-01
7.061656494e+02,7.368406057e-01
7.063968506e+02,7.346187830e-01
7.066281128e+02,7.398921847e-01
7.068593140e+02,7.477888465e-01
7.070905762e+02,7.435861826e-01
7.073218384e+02,7.491004467e-01
7.075531616e+02,7.431579232e-01
7.077844238e+02,7.598345876e-01
7.080157471e+02,7.492610812e-01
7.082470093e+02,7.553642392e-01
7.084783325e+02,7.586299777e-01
7.087096558e+02,7.637695074e-01
7.089409790e+02,7.544808984e-01
7.091723633e+02,7.571042180e-01
7.094036865e+02,7.565956116e-01
7.096350708e+02,7.611462474e-01
7.098664551e+02,7.514828444e-01
7.100978394e+02,7.446569204e-01
7.103292236e+02,7.602896094e-01
7.105606689e+02,7.447907925e-01
7.107920532e+02,7.550430298e-01
7.110234985e+02,7.575057149e-01
7.112549438e+02,7.374027371e-01
7.114863892e+02,7.480565310e-01
7.117178345e+02,7.440145016e-01
7.119492798e+02,7.385537624e-01
7.121807861e+02,7.368673682e-01
7.124122314e+02,7.385537624e-01
7.126437378e+02,7.304697037e-01
7.128752441e+02,7.409093380e-01
7.131067505e+02,7.409629226e-01
7.133383179e+02,7.375900745e-01
7.135698242e+02,7.343243361e-01
7.138013916e+02,7.416856289e-01
7.140329590e+02,7.326379418e-01
7.142645264e+02,7.379648685e-01
7.144960938e+02,7.330394983e-01
7.147276611e+02,7.338425517e-01
7.149592896e+02,7.298808098e-01
7.151908569e+02,7.315939665e-01
7.154224854e+02,7.300146818e-01
7.156541138e+02,7.255175710e-01
7.158857422e+02,7.212882042e-01
7.161173706e+02,7.225195169e-01
7.163490601e+02,7.185578346e-01
7.165806885e+02,7.300682068e-01
7.168123779e+02,7.212882042e-01
7.170440674e+02,7.163360119e-01
7.172757568e+02,7.208598852e-01
7.175075073e+02,7.200033069e-01
7.177391968e+02,7.166840434e-01
7.179709473e+02,7.203780413e-01
7.182026367e+02,7.095904350e-01
7.184343872e+02,7.224927545e-01
7.186661377e+02,7.129632235e-01
7.188979492e+02,7.184774876e-01
7.191296997e+02,7.137930393e-01
7.193615112e+02,7.160415649e-01
7.195933228e+02,7.066191435e-01
7.198250732e+02,7.094565630e-01
7.200569458e+02,7.126955390e-01
7.202887573e+02,7.177815437e-01
7.205205688e+02,7.053074837e-01
7.207524414e+02,7.101793289e-01
7.209842529e+02,7.071812749e-01
7.212161255e+02,7.073150873e-01
7.214479980e+02,7.004088759e-01
7.216799316e+02,7.156935930e-01
7.219118042e+02,7.060570121e-01
7.221437378e+02,7.054948807e-01
7.223756104e+02,7.025503516e-01
7.226075439e+02,7.094833255e-01
7.228394775e+02,6.995255351e-01
7.230714111e+02,7.032998800e-01
7.233034058e+02,7.031660080e-01
7.235353394e+02,7.000073791e-01
7.237673340e+02,6.896747947e-01
7.239993286e+02,6.893803477e-01
7.242313232e+02,6.905581355e-01
7.244633179e+02,6.894606352e-01
7.246953735e+02,6.881757379e-01
7.249273682e+02,6.872923970e-01
7.251594238e+02,6.825008988e-01
7.253914795e+02,6.909864545e-01
7.256235352e+02,6.787800789e-01
7.258555908e+02,6.904510856e-01
7.260876465e+02,6.797169447e-01
7.263197632e+02,6.894071102e-01
7.265518188e+02,6.750057340e-01
7.267839355e+02,6.915485859e-01
7.270160522e+02,6.838928461e-01
7.272481689e+02,6.824741364e-01
7.274803467e+02,6.841069460e-01
7.277124634e+02,6.897818446e-01
7.279446411e+02,6.849099994e-01
7.281768188e+02,6.921107173e-01
7.284089355e+02,6.831700802e-01
7.286411743e+02,6.806806326e-01
7.288733521e+02,6.837589741e-01
7.291055298e+02,6.886040568e-01
7.293377686e+02,6.776825786e-01
7.295700073e+02,6.763976812e-01
7.298022461e+02,6.713384986e-01
7.300344849e+02,6.718738675e-01
7.302667236e+02,6.679924130e-01
7.304990234e+02,6.645660996e-01
7.307312622e+02,6.660919189e-01
7.309635620e+02,6.601493359e-01
7.311958618e+02,6.621837020e-01
7.314281616e+02,6.630135179e-01
7.316604614e+02,6.659045219e-01
7.318928223e+02,6.664666533e-01
7.321251221e+02,6.566962004e-01
7.323574829e+02,6.556522250e-01
7.325898438e+02,6.553310156e-01
7.328222046e+02,6.562947035e-01
7.330545654e+02,6.566694379e-01
7.332869873e+02,6.490672231e-01
7.335193481e+02,6.474343538e-01
7.337517700e+02,6.573118567e-01
7.339841919e+02,6.501379609e-01
7.342166138e+02,6.485853791e-01
7.344490356e+02,6.473540664e-01
7.346815186e+02,6.541532278e-01
7.349139404e+02,6.505126953e-01
7.351464233e+02,6.518243551e-01
7.353789062e+02,6.412776709e-01
7.356113892e+02,6.478359103e-01
7.358438721e+02,6.533769369e-01
7.360763550e+02,6.482106447e-01
7.363088989e+02,6.464172006e-01
7.365414429e+02,6.519849896e-01
7.367739258e+02,6.458550096e-01
7.370065308e+02,6.475682259e-01
7.372390747e+02,6.429908276e-01
7.374716187e+02,6.405013800e-01
7.377042236e+02,6.364593506e-01
7.379367676e+02,6.474343538e-01
7.381693726e+02,6.286162138e-01
7.384019775e+02,6.367002726e-01
7.386345825e+02,6.320158243e-01
7.388672485e+02,6.386008263e-01
7.390998535e+02,6.242797375e-01
7.393325195e+02,6.361381412e-01
7.395651855e+02,6.333542466e-01
7.397978516e+02,6.313733459e-01
7.400305176e+02,6.351744533e-01
7.402631836e+02,6.313733459e-01
7.404959106e+02,6.231287122e-01
7.407285767e+02,6.272510290e-01
7.409613037e+02,6.256717443e-01
7.411940308e+02,6.230751872e-01
7.414267578e+02,6.164098978e-01
7.416594849e+02,6.329259276e-01
7.418922729e+02,6.261535287e-01
7.421250000e+02,6.281076074e-01
7.423577881e+02,6.278935075e-01
7.425905762e+02,6.386275887e-01
7.428233643e+02,6.191135049e-01
7.430562134e+02,6.213085055e-01
7.432890015e+02,6.238514781e-01
7.435218506e+02,6.172664762e-01
7.437546387e+02,6.146431565e-01
7.439874878e+02,6.077637076e-01
7.442203369e+02,6.095839739e-01
7.444532471e+02,6.175073981e-01
7.446860962e+02,6.122875810e-01
7.449190063e+02,6.154194474e-01
7.451518555e+02,6.149643660e-01
7.453847656e+02,6.145896316e-01
7.456176758e+02,6.114041805e-01
7.458506470e+02,6.004024148e-01
7.460835571e+02,6.040161252e-01
7.463164673e+02,6.038555503e-01
7.465494385e+02,6.064788103e-01
7.467824097e+02,5.979397297e-01
7.470153809e+02,6.016069651e-01
7.472483521e+02,5.930678844e-01
7.474813843e+02,6.012322307e-01
7.477143555e+02,5.929875970e-01
7.479473877e+02,5.940583348e-01
7.481804199e+02,6.001614928e-01
7.484134521e+02,5.865364075e-01
7.486464844e+02,5.959856510e-01
7.488795166e+02,5.917026997e-01
7.491126099e+02,6.007503867e-01
7.493457031e+02,5.895344615e-01
7.495787354e+02,5.962533355e-01
7.498118286e+02,5.930946469e-01
7.500449829e+02,5.942189097e-01
7.502780762e+02,5.945937037e-01
7.505111694e+02,5.968154669e-01
7.507443237e+02,5.901501775e-01
7.509774780e+02,5.884369612e-01
7.512106323e+02,5.853853822e-01
7.514437866e+02,5.836187005e-01
7.516769409e+02,5.886243582e-01
7.519101562e+02,5.893471241e-01
7.521433105e+02,5.823338032e-01
7.523765259e+02,5.785326958e-01
7.526097412e+02,5.779705644e-01
7.528429565e+02,5.769801140e-01
7.530762329e+02,5.725901127e-01
7.533094482e+02,5.731522441e-01
7.535427246e+02,5.755614042e-01
7.537759399e+02,5.730987191e-01
7.540092163e+02,5.741694570e-01
7.542425537e+02,5.717602968e-01
7.544758301e+02,5.721350908e-01
7.547091064e+02,5.752401948e-01
7.549424438e+02,5.820125937e-01
7.551757812e+02,5.741159320e-01
7.554090576e+02,5.695117712e-01
7.556424561e+02,5.692708492e-01
7.558757935e+02,5.687890053e-01
7.561091309e+02,5.659248233e-01
7.563425293e+02,5.641313195e-01
7.565759277e+02,5.666475296e-01
7.568092651e+02,5.663530827e-01
7.570426636e+02,5.623914003e-01
7.572761230e+02,5.665672421e-01
7.575095215e+02,5.651752949e-01
7.577429810e+02,5.688425303e-01
7.579763794e+02,5.596877933e-01
7.582098389e+02,5.650950074e-01
7.584432983e+02,5.590988994e-01
7.586767578e+02,5.587776899e-01
7.589102783e+02,5.556725264e-01
7.591437378e+02,5.600892901e-01
7.593772583e+02,5.489537120e-01
7.596107788e+02,5.578675270e-01
7.598442993e+02,5.529956818e-01
7.600778198e+02,5.550033450e-01
7.603113403e+02,5.545482635e-01
7.605449219e+02,5.581619740e-01
7.607785034e+02,5.523265004e-01
7.610120239e+02,5.519250035e-01
7.612456055e+02,5.444030762e-01
7.614792480e+02,5.478294492e-01
7.617128296e+02,5.455808640e-01
7.619464111e+02,5.479364991e-01
7.621800537e+02,5.421277881e-01
7.624136963e+02,5.478026271e-01
7.626473389e+02,5.357301235e-01
7.628809814e+02,5.407358408e-01
7.631146240e+02,5.378448367e-01
7.633483276e+02,5.419939160e-01
7.635819702e+02,5.364261270e-01
7.638156738e+02,5.338028073e-01
7.640493774e+02,5.365599394e-01
7.642830811e+02,5.338831544e-01
7.645167847e+02,5.258793831e-01
7.647505493e+02,5.221853852e-01
7.649842529e+02,5.239253044e-01
7.652180176e+02,5.289577246e-01
7.654517822e+02,5.229616761e-01
7.656855469e+02,5.286632776e-01
7.659193726e+02,5.229080915e-01
7.661531372e+02,5.229348540e-01
7.663869019e+02,5.184913278e-01
7.666207275e+02,5.133250356e-01
7.668545532e+02,5.120669603e-01
7.670883789e+02,5.178221464e-01
7.673222046e+02,5.151988268e-01
7.675560913e+02,5.213823318e-01
7.677899170e+02,5.128700137e-01
7.680238037e+02,5.166442990e-01
7.682576904e+02,5.166710615e-01
7.684915771e+02,5.171796679e-01
7.687254639e+02,5.166978836e-01
7.689594116e+02,5.143422484e-01
7.691932983e+02,5.093098283e-01
7.694272461e+02,5.175276995e-01
7.696611938e+02,5.132982731e-01
7.698951416e+02,5.156271458e-01
7.701290894e+02,5.106481910e-01
7.703630371e+02,5.139139295e-01
7.705970459e+02,5.138068795e-01
7.708309937e+02,5.093633533e-01
7.710650024e+02,5.115315914e-01
7.712990112e+02,5.115583539e-01
7.715330200e+02,5.026712418e-01
7.717670898e+02,5.066597462e-01
7.720010986e+02,4.976655841e-01
7.722351685e+02,5.075698495e-01
7.724692383e+02,4.907325804e-01
7.727033081e+02,4.980135560e-01
7.729373779e+02,4.918033183e-01
7.731714478e+02,4.954705834e-01
7.734055176e+02,4.957382679e-01
7.736396484e+02,4.943998456e-01
7.738737793e+02,4.956044257e-01
7.741079102e+02,4.959791601e-01
7.743420410e+02,4.885911047e-01
7.745761719e+02,4.938377142e-01
7.748103638e+02,4.957382679e-01
7.750444946e+02,4.980671108e-01
7.752786865e+02,4.946675301e-01
7.755128784e+02,5.012792945e-01
7.757470703e+02,4.900098443e-01
7.759812622e+02,4.902775288e-01
7.762155151e+02,4.953902662e-01
7.764497070e+02,4.954438210e-01
7.766839600e+02,4.867708683e-01
7.769182129e+02,4.936503172e-01
7.771524658e+02,4.873597622e-01
7.773867188e+02,4.953902662e-01
7.776209717e+02,4.895547628e-01
7.778552856e+02,4.920710027e-01
7.780895996e+02,4.925796092e-01
7.783239136e+02,4.939447939e-01
7.785582275e+02,4.857001305e-01
7.787925415e+02,4.871188700e-01
7.790268555e+02,4.884572625e-01
7.792612305e+02,4.900633693e-01
7.794955444e+02,4.842278659e-01
7.797299194e+02,4.891800284e-01
7.799642944e+02,4.784191549e-01
7.801986694e+02,4.793560505e-01
7.804331055e+02,4.786332846e-01
7.806674805e+02,4.718341529e-01
7.809019165e+02,4.728513360e-01
7.811363525e+02,4.729851782e-01
7.813707886e+02,4.711917043e-01
7.816052246e+02,4.706830978e-01
7.818396606e+02,4.722088873e-01
7.820741577e+02,4.715397060e-01
7.823085938e+02,4.584499896e-01
7.825430908e+02,4.666946232e-01
7.827775879e+02,4.614748061e-01
7.830120850e+02,4.633218050e-01
7.832465820e+02,4.564958811e-01
7.834811401e+02,4.604575932e-01
7.837156372e+02,4.552913308e-01
7.839501953e+02,4.534710646e-01
7.841847534e+02,4.530695379e-01
7.844193115e+02,4.538190663e-01
7.846539307e+02,4.558802247e-01
7.848884888e+02,4.550771713e-01
7.851231079e+02,4.482512474e-01
7.853576660e+02,4.524003267e-01
7.855922852e+02,4.524003267e-01
7.858269043e+02,4.483315647e-01
7.860615845e+02,4.529624879e-01
7.862962036e+02,4.532301426e-01
7.865308228e+02,4.467789829e-01
7.867655029e+02,4.535246193e-01
7.870001831e+02,4.515437484e-01
7.872348633e+02,4.530427754e-01
7.874695435e+02,4.484386146e-01
7.877042847e+02,4.546221197e-01
7.879389648e+02,4.491078258e-01
7.881737061e+02,4.507942498e-01
7.884084473e+02,4.501250386e-01
7.886431885e+02,4.449855089e-01
7.888779297e+02,4.422551394e-01
7.891126709e+02,4.509816170e-01
7.893474731e+02,4.423622191e-01
7.895822144e+02,4.487598538e-01
7.898170166e+02,4.504730105e-01
7.900518188e+02,4.458688796e-01
7.902866211e+02,4.441824555e-01
7.905214844e+02,4.499376416e-01
7.907562866e+02,4.358842671e-01
7.909911499e+02,4.372226894e-01
7.912260132e+02,4.356433749e-01
7.914608765e+02,4.420142174e-01
7.916957397e+02,4.354827702e-01
7.919306030e+02,4.397656918e-01
7.921655273e+02,4.204925001e-01
7.924003906e+02,4.222056568e-01
7.926353149e+02,4.177621305e-01
7.928702393e+02,4.266224504e-01
7.931051636e+02,4.170929193e-01
7.933400879e+02,4.145766795e-01
7.935750732e+02,4.207334220e-01
7.938099976e+02,4.160757065e-01
7.940449829e+02,4.086341262e-01
7.942799683e+02,4.106149673e-01
7.945149536e+02,4.132114947e-01
7.947499390e+02,4.114448130e-01
7.949849854e+02,4.120604694e-01
7.952199707e+02,4.143893123e-01
7.954550171e+02,4.131044447e-01
7.956900635e+02,4.211081564e-01
7.959251099e+02,4.129706025e-01
7.961601562e+02,4.233834743e-01
7.963952026e+02,4.138807058e-01
7.966303101e+02,4.187793136e-01
7.968654175e+02,4.139074981e-01
7.971004639e+02,4.225001037e-01
7.973355713e+02,4.133453369e-01
7.975707397e+02,4.153797328e-01
7.978058472e+02,4.129170477e-01
7.980410156e+02,4.112306535e-01
7.982761230e+02,4.105614424e-01
7.985112915e+02,4.032001495e-01
7.987464600e+02,4.050739408e-01
7.989816284e+02,4.040299654e-01
7.992167969e+02,4.058502316e-01
7.994520264e+02,4.058769941e-01
7.996872559e+02,3.985424638e-01
7.999224243e+02,4.084467590e-01
8.001576538e+02,4.022097290e-01
8.003928833e+02,3.984353840e-01
8.006281738e+02,3.995596468e-01
8.008634033e+02,4.017546773e-01
8.010986938e+02,3.997738063e-01
8.013339844e+02,3.988101482e-01
8.015692749e+02,3.996667266e-01
8.018045654e+02,4.054487050e-01
8.020398560e+02,3.949287534e-01
8.022751465e+02,3.982747793e-01
8.025104980e+02,3.962939382e-01
8.027458496e+02,3.921448290e-01
8.029812012e+02,3.900301456e-01
8.032165527e+02,3.945807517e-01
8.034519043e+02,3.831506670e-01
8.036872559e+02,3.861487210e-01
8.039226685e+02,3.867911696e-01
8.041580811e+02,3.865770102e-01
8.043934326e+02,3.791621923e-01
8.046288452e+02,3.898159862e-01
8.048643188e+02,3.882901967e-01
8.050997314e+02,3.871123791e-01
8.053352051e+02,3.835521936e-01
8.055706177e+02,3.866573274e-01
8.058060913e+02,3.848370910e-01
8.060415649e+02,3.782788515e-01
8.062770386e+02,3.838734329e-01
8.065125732e+02,3.823744059e-01
8.067480469e+02,3.802596927e-01
8.069835815e+02,3.762712181e-01
8.072191162e+02,3.729519546e-01
8.074546509e+02,3.700877428e-01
8.076901855e+02,3.692846894e-01
8.079257202e+02,3.691240847e-01
8.081613159e+02,3.702751100e-01
8.083968506e+02,3.676785827e-01
8.086324463e+02,3.652962148e-01
8.088680420e+02,3.751201928e-01
8.091036377e+02,3.670629263e-01
8.093392334e+02,3.666346073e-01
8.095748901e+02,3.681068718e-01
8.098104858e+02,3.684548736e-01
8.100461426e+02,3.730590045e-01
8.102817993e+02,3.697665036e-01
8.105174561e+02,3.622713685e-01
8.107531128e+02,3.717206120e-01
8.109888306e+02,3.619769216e-01
8.112244873e+02,3.658047915e-01
8.114602051e+02,3.563020527e-01
8.116959229e+02,3.637971878e-01
8.119316406e+02,3.553651571e-01
8.121673584e+02,3.569444716e-01
8.124031372e+02,3.530630767e-01
8.126388550e+02,3.542141020e-01
8.128746338e+02,3.551242352e-01
8.131104126e+02,3.546156287e-01
8.133461914e+02,3.543479443e-01
8.135819702e+02,3.468796015e-01
8.138177490e+02,3.479235470e-01
8.140535889e+02,3.401875198e-01
8.142894287e+02,3.434532583e-01
8.145252075e+02,3.386081755e-01
8.147610474e+02,3.414723873e-01
8.149969482e+02,3.371359110e-01
8.152327881e+02,3.357439637e-01
8.154686279e+02,3.330135942e-01
8.157045288e+02,3.368414640e-01
8.159404297e+02,3.334954381e-01
8.161763306e+02,3.284094632e-01
8.164122314e+02,3.220385909e-01
8.166481323e+02,3.301226199e-01
8.168840942e+02,3.239391446e-01
8.171199951e+02,3.257861435e-01
8.173559570e+02,3.241265118e-01
8.175919189e+02,3.244209588e-01
8.178278809e+02,3.218244314e-01
8.180638428e+02,3.232699335e-01
8.182998657e+02,3.249028027e-01
8.185358276e+02,3.219850361e-01
8.187718506e+02,3.187996149e-01
8.190078735e+02,3.215567470e-01
8.192438965e+02,3.193885088e-01
8.194799194e+02,3.202986419e-01
8.197160034e+02,3.190672994e-01
8.199520264e+02,3.230825365e-01
8.201881104e+02,3.220385909e-01
8.204241943e+02,3.182642460e-01
8.206602783e+02,3.168722987e-01
8.208963623e+02,3.148111403e-01
8.211325073e+02,3.128838241e-01
8.213685913e+02,3.130711913e-01
8.216047363e+02,3.072089255e-01
8.218408813e+02,3.090291917e-01
8.220770264e+02,3.058972955e-01
8.223131714e+02,3.085741103e-01
8.225493164e+02,3.050674796e-01
8.227855225e+02,3.069680333e-01
8.230216675e+02,3.014002144e-01
8.232578735e+02,3.001421094e-01
8.234940796e+02,3.024173975e-01
8.237302856e+02,3.023638725e-01
8.239665527e+02,2.953505516e-01
8.242027588e+02,2.992052138e-01
8.244390259e+02,2.992855012e-01
8.246752930e+02,2.970637381e-01
8.249115601e+02,2.928075790e-01
8.251478271e+02,2.951631844e-01
8.253840942e+02,2.893276811e-01
8.256203613e+02,2.926469743e-01
8.258566895e+02,2.872129977e-01
8.260930176e+02,2.888191044e-01
8.263293457e+02,2.881766558e-01
8.265656738e+02,2.904519737e-01
8.268020020e+02,2.856872082e-01
8.270383301e+02,2.890064716e-01
8.272747192e+02,2.839472592e-01
8.275111084e+02,2.886317074e-01
8.277474976e+02,2.865705490e-01
8.279838867e+02,2.899968922e-01
8.282202759e+02,2.845629156e-01
8.284566650e+02,2.876145244e-01
8.286931152e+02,2.849644423e-01
8.289295044e+02,2.896221280e-01
8.291659546e+02,2.841881812e-01
8.294024048e+02,2.834386528e-01
8.296388550e+02,2.759970725e-01
8.298753662e+02,2.806547582e-01
8.301118164e+02,2.776834667e-01
8.303483276e+02,2.830103636e-01
8.305848389e+02,2.774157822e-01
8.308213501e+02,2.784329951e-01
8.310578613e+02,2.765859663e-01
8.312943726e+02,2.786738873e-01
8.315309448e+02,2.799320221e-01
8.317674561e+02,2.776031494e-01
8.320040283e+02,2.718747556e-01
8.322406006e+02,2.792628109e-01
8.324771729e+02,2.741500437e-01
8.327138062e+02,2.743374407e-01
8.329503784e+02,2.739359140e-01
8.331870117e+02,2.744444907e-01
8.334235840e+02,2.715535164e-01
8.336602173e+02,2.743374407e-01
8.338968506e+02,2.706701756e-01
8.341335449e+02,2.748460174e-01
8.343701782e+02,2.724368870e-01
8.346068726e+02,2.689837515e-01
8.348435059e+02,2.673508823e-01
8.350802002e+02,2.714999914e-01
8.353168945e+02,2.726242542e-01
8.355535889e+02,2.684751749e-01
8.357903442e+02,2.673776746e-01
8.360270386e+02,2.685554624e-01
8.362637939e+02,2.679130435e-01
8.365005493e+02,2.606855929e-01
8.367373047e+02,2.638710141e-01
8.369740601e+02,2.658518553e-01
8.372108765e+02,2.629876435e-01
8.374476318e+02,2.610068023e-01
8.376844482e+02,2.584638000e-01
8.379212646e+02,2.642457783e-01
8.381580200e+02,2.610871196e-01
8.383948975e+02,2.628805935e-01
8.386317139e+02,2.587850392e-01
8.388685303e+02,2.586511970e-01
8.391054077e+02,2.556799054e-01
8.393422852e+02,2.587582767e-01
8.395791626e+02,2.574733794e-01
8.398160400e+02,2.617563009e-01
8.400529175e+02,2.559743524e-01
8.402898560e+02,2.586244345e-01
8.405267334e+02,2.555460632e-01
8.407636719e+02,2.565632463e-01
8.410006104e+02,2.525747716e-01
8.412375488e+02,2.543682456e-01
8.414744873e+02,2.490681261e-01
8.417114868e+02,2.531369030e-01
8.419484253e+02,2.501388490e-01
8.421854248e+02,2.517985106e-01
8.424224243e+02,2.489878237e-01
8.426594238e+02,2.493090481e-01
8.428964233e+02,2.508883774e-01
8.431334839e+02,2.511025071e-01
8.433704834e+02,2.506742179e-01
8.436075439e+02,2.456417829e-01
8.438446045e+02,2.489342839e-01
8.440816650e+02,2.477564812e-01
8.443187256e+02,2.459094673e-01
8.445557861e+02,2.426169664e-01
8.447929077e+02,2.426169664e-01
8.450299683e+02,2.443033606e-01
8.452670898e+02,2.366476208e-01
8.455042114e+02,2.463645339e-01
8.457413330e+02,2.361657917e-01
8.459785156e+02,2.388426214e-01
8.462156372e+02,2.388158590e-01
8.464528198e+02,2.347738445e-01
8.466899414e+02,2.309459746e-01
8.469271240e+02,2.329000533e-01
8.471643677e+02,2.299019992e-01
8.474015503e+02,2.334621996e-01
8.476387329e+02,2.308656722e-01
8.478759766e+02,2.266362756e-01
8.481132202e+02,2.307318300e-01
8.483504639e+02,2.361925691e-01
8.485877075e+02,2.280282229e-01
8.488249512e+02,2.310262769e-01
8.490621948e+02,2.255387753e-01
8.492994995e+02,2.327126861e-01
8.495368042e+02,2.278676182e-01
8.497740479e+02,2.265559584e-01
8.500113525e+02,2.299019992e-01
8.502487183e+02,2.304641455e-01
8.504860229e+02,2.269039601e-01
8.507233887e+02,2.319096327e-01
8.509606934e+02,2.285635918e-01
8.511980591e+02,2.300626189e-01
8.514354248e+02,2.267433405e-01
8.516727905e+02,2.286438942e-01
8.519102173e+02,2.272787094e-01
8.521475830e+02,2.295540124e-01
8.523850098e+02,2.264756560e-01
8.526224365e+02,2.263953537e-01
8.528598633e+02,2.233705372e-01
8.530972900e+02,2.282156050e-01
8.533347168e+02,2.209078521e-01
8.535721436e+02,2.214432210e-01
8.538096313e+02,2.237452865e-01
8.540471191e+02,2.234240770e-01
8.542846069e+02,2.161163241e-01
8.545220947e+02,2.176956534e-01
8.547595825e+02,2.154203355e-01
8.549971313e+02,2.201315612e-01
8.552346191e+02,2.124758214e-01
8.554721680e+02,2.116460055e-01
8.557097168e+02,2.145102173e-01
8.559472656e+02,2.098792940e-01
8.561848145e+02,2.147511393e-01
8.564224243e+02,2.129041255e-01
8.566599731e+02,2.088620961e-01
8.568975830e+02,2.111106366e-01
8.571351929e+02,2.096919119e-01
8.573728027e+02,2.086479515e-01
8.576104126e+02,2.085408866e-01
8.578480225e+02,2.078181356e-01
8.580856934e+02,2.065600306e-01
8.583233032e+02,2.124758214e-01
8.585609741e+02,2.017149627e-01
8.587986450e+02,2.075504512e-01
8.590363159e+02,2.046326995e-01
8.592740479e+02,2.060782015e-01
8.595117188e+02,2.017149627e-01
8.597494507e+02,1.998679489e-01
8.599871826e+02,2.006174624e-01
8.602249146e+02,2.009922117e-01
8.604626465e+02,2.005906850e-01
8.607003784e+02,2.069883198e-01
8.609381714e+02,1.966825128e-01
8.611759033e+02,2.040170282e-01
8.614136963e+02,1.969501972e-01
8.616514893e+02,2.017417252e-01
8.618892822e+02,1.967895925e-01
8.621270752e+02,1.969769597e-01
8.623649292e+02,1.960668415e-01
8.626027222e+02,1.944072098e-01
8.628405762e+02,1.919980496e-01
8.630784302e+02,1.943804324e-01
8.633162842e+02,1.938986033e-01
8.635541382e+02,1.933097094e-01
8.637919922e+02,1.900439709e-01
8.640299072e+02,1.932026297e-01
8.642678223e+02,1.905258000e-01
8.645057373e+02,1.958526969e-01
8.647436523e+02,1.897227466e-01
8.649815674e+02,1.922121942e-01
8.652194824e+02,1.890535355e-01
8.654574585e+02,1.895353645e-01
8.656953735e+02,1.866443902e-01
8.659333496e+02,1.908737868e-01
8.661713257e+02,1.872600615e-01
8.664093018e+02,1.888929307e-01
8.666472778e+02,1.864570081e-01
8.668853149e+02,1.900171936e-01
8.671233521e+02,1.812104136e-01
8.673613281e+02,1.860019565e-01
8.675993652e+02,1.858681142e-01
8.678374023e+02,1.866979301e-01
8.680755005e+02,1.784800440e-01
8.683135376e+02,1.811568886e-01
8.685516357e+02,1.788548082e-01
8.687896729e+02,1.766330302e-01
8.690277710e+02,1.829235852e-01
8.692658691e+02,1.794972420e-01
8.695040283e+02,1.783194393e-01
8.697421265e+02,1.754284650e-01
8.699802856e+02,1.758299917e-01
8.702183838e+02,1.736617535e-01
8.704565430e+02,1.764724255e-01
8.706947021e+02,1.764188856e-01
8.709328613e+02,1.729390025e-01
8.711710815e+02,1.741703451e-01
8.714092407e+02,1.725374758e-01
8.716474609e+02,1.729657799e-01
8.718856812e+02,1.637039334e-01
8.721239014e+02,1.693788171e-01
8.723621216e+02,1.674782634e-01
8.726003418e+02,1.681474745e-01
8.728386230e+02,1.629276574e-01
8.730768433e+02,1.683616191e-01
8.733151245e+02,1.641857624e-01
8.735534058e+02,1.657383293e-01
8.737916870e+02,1.660863161e-01
8.740299683e+02,1.626867354e-01
8.742683105e+02,1.664343029e-01
8.745066528e+02,1.638645381e-01
8.747449341e+02,1.648281962e-01
8.749832764e+02,1.633024067e-01
8.752216187e+02,1.669696718e-01
8.754600220e+02,1.599028260e-01
8.756983643e+02,1.601437479e-01
8.759367065e+02,1.594209969e-01
8.761751099e+02,1.572527736e-01
8.764135132e+02,1.559143513e-01
8.766519165e+02,1.577346027e-01
8.768903198e+02,1.540941000e-01
8.771287842e+02,1.583770365e-01
8.773671875e+02,1.524612308e-01
8.776056519e+02,1.523809284e-01
8.778441162e+02,1.490081251e-01
8.780825806e+02,1.555395871e-01
8.783210449e+02,1.491955072e-01
8.785595093e+02,1.501859277e-01
8.787980347e+02,1.522738636e-01
8.790364990e+02,1.533713639e-01
8.792750244e+02,1.480176896e-01
8.795135498e+02,1.532375216e-01
8.797520752e+02,1.480979919e-01
8.799906616e+02,1.519258767e-01
8.802291870e+02,1.453408599e-01
8.804677734e+02,1.493561119e-01
8.807062988e+02,1.508819014e-01
8.809448853e+02,1.455282420e-01
8.811834717e+02,1.472681761e-01
8.814221191e+02,1.482853740e-01
8.816607056e+02,1.459832937e-01
8.818993530e+02,1.487939805e-01
8.821379395e+02,1.420215815e-01
8.823765869e+02,1.480176896e-01
8.826152344e+02,1.434403062e-01
8.828539429e+02,1.387558579e-01
8.830925903e+02,1.421822011e-01
8.833312988e+02,1.426907927e-01
8.835699463e+02,1.401745677e-01
8.838086548e+02,1.428514123e-01
8.840473633e+02,1.392109096e-01
8.842860718e+02,1.407367140e-01
8.845248413e+02,1.376048177e-01
8.847635498e+02,1.391573846e-01
8.850023193e+02,1.381937116e-01
8.852410889e+02,1.407367140e-01
8.854798584e+02,1.372300535e-01
8.857186279e+02,1.374977380e-01
8.859573975e+02,1.294404715e-01
8.861961670e+02,1.322511435e-01
8.864349976e+02,1.321976185e-01
8.866738281e+02,1.321440786e-01
8.869126587e+02,1.292530894e-01
8.871514893e+02,1.305647492e-01
8.873903198e+02,1.318763942e-01
8.876292114e+02,1.310465783e-01
8.878680420e+02,1.288515776e-01
8.881069336e+02,1.327062100e-01
8.883458252e+02,1.267368793e-01
8.885847168e+02,1.293869317e-01
8.888236084e+02,1.281555891e-01
8.890625000e+02,1.312874854e-01
8.893014526e+02,1.266833395e-01
8.895404053e+02,1.289854199e-01
8.897793579e+02,1.241671145e-01
8.900183105e+02,1.305915117e-01
8.902572632e+02,1.291192621e-01
8.904962158e+02,1.266833395e-01
8.907352295e+02,1.233105287e-01
8.909741821e+02,1.271384060e-01
8.912131958e+02,1.212493703e-01
8.914522095e+02,1.228019297e-01
8.916912231e+02,1.203392446e-01
8.919302368e+02,1.206336990e-01
8.921693115e+02,1.206336990e-01
8.924083862e+02,1.229090020e-01
8.926473999e+02,1.167522892e-01
8.928864746e+02,1.177427173e-01
8.931255493e+02,1.173679605e-01
8.933646851e+02,1.170199737e-01
8.936037598e+02,1.131921038e-01
8.938428955e+02,1.195629612e-01
8.940819702e+02,1.168593615e-01
8.943211060e+02,1.145305187e-01
8.945602417e+02,1.144502088e-01
8.947994385e+02,1.177962497e-01
8.950385742e+02,1.140486896e-01
8.952777100e+02,1.144502088e-01
8.955169067e+02,1.157350913e-01
8.957561035e+02,1.159760058e-01
8.959953003e+02,1.104081944e-01
8.962344971e+02,1.110238656e-01
8.964737549e+02,1.082131937e-01
8.967129517e+02,1.129244193e-01
8.969522095e+02,1.093374640e-01
8.971914673e+02,1.104081944e-01
8.974307251e+02,1.074369103e-01
8.976699829e+02,1.072227657e-01
8.979092407e+02,1.096319109e-01
8.981484985e+02,1.102475822e-01
8.983878174e+02,1.079187393e-01
8.986271362e+02,1.105152667e-01
8.988664551e+02,1.076510549e-01
8.991057739e+02,1.095248386e-01
8.993450928e+02,1.059378833e-01
8.995844727e+02,1.095783785e-01
8.998237915e+02,1.065267846e-01
9.000631714e+02,1.060181856e-01
9.003025513e+02,1.025383100e-01
9.005419312e+02,1.045994684e-01
9.007813110e+02,1.070621535e-01
9.010206909e+02,1.040640995e-01
9.012601318e+02,1.009322107e-01
9.014995728e+02,1.017084867e-01
9.017390137e+02,1.022170857e-01
9.019784546e+02,9.980794042e-02
9.022178955e+02,1.043050140e-01
9.024573364e+02,1.012266576e-01
9.026968384e+02,1.007448286e-01
9.029362793e+02,9.812153131e-02
9.031757812e+02,9.544470161e-02
9.034152832e+02,9.611390531e-02
9.036547852e+02,1.004236117e-01
9.038943481e+02,9.940641373e-02
9.041338501e+02,9.766647220e-02
9.043734131e+02,9.370476007e-02
9.046129150e+02,9.445427358e-02
9.048524780e+02,9.916549921e-02
9.050920410e+02,9.333000332e-02
9.053316650e+02,9.263402224e-02
9.055712280e+02,9.260725975e-02
9.058108521e+02,9.351737797e-02
9.060504150e+02,9.306231886e-02
9.062900391e+02,9.247341752e-02
9.065296631e+02,9.215219319e-02
9.067693481e+02,9.250018746e-02
9.070089722e+02,9.201835096e-02
9.072486572e+02,9.250018746e-02
9.074882812e+02,9.314262122e-02
9.077279663e+02,9.212543070e-02
9.079676514e+02,9.035871923e-02
9.082073364e+02,9.086731821e-02
9.084470825e+02,9.432043135e-02
9.086867676e+02,9.445427358e-02
9.089265137e+02,9.381183237e-02
9.091662598e+02,8.960920572e-02
9.094060059e+02,8.677176386e-02
9.096457520e+02,9.014457464e-02
9.098854980e+02,8.912737668e-02
9.101252441e+02,8.626316488e-02
9.103650513e+02,8.883292228e-02
9.106048584e+02,8.856523782e-02
9.108446655e+02,8.720005304e-02
9.110844727e+02,8.615609258e-02
9.113242798e+02,8.463029563e-02
9.115641479e+02,8.422876894e-02
9.118039551e+02,8.420199901e-02
9.120438232e+02,8.310449868e-02
9.122836914e+02,8.385401219e-02
9.125235596e+02,8.484444022e-02
9.127634277e+02,8.131102473e-02
9.130032959e+02,8.484444022e-02
9.132432251e+02,8.270297945e-02
9.134831543e+02,8.281005174e-02
9.137230225e+02,8.473736793e-02
9.139629517e+02,8.754803985e-02
9.142029419e+02,8.232822269e-02
9.144428711e+02,8.342572302e-02
9.146828003e+02,7.761699706e-02
9.149227905e+02,7.908925414e-02
9.151627808e+02,7.807205617e-02
9.154027710e+02,8.010645211e-02
9.156427612e+02,7.469924539e-02
9.158827515e+02,7.772406936e-02
9.161228027e+02,7.801851630e-02
9.163627930e+02,7.298607379e-02
9.166028442e+02,7.247747481e-02
9.168428955e+02,7.791144401e-02
9.170829468e+02,7.560937107e-02
9.173229980e+02,7.598412782e-02
9.175631104e+02,7.427095622e-02
9.178031616e+02,7.558260113e-02
9.180432739e+02,7.721547037e-02
9.182833862e+02,7.427095622e-02
9.185234985e+02,7.159411907e-02
9.187636108e+02,7.494015992e-02
9.190037231e+02,7.220979035e-02
9.192438965e+02,7.507400215e-02
9.194840698e+02,6.993448734e-02
9.197241821e+02,6.889051944e-02
9.199643555e+02,6.632076204e-02
9.202045898e+02,6.918497384e-02
9.204447632e+02,6.685612351e-02
9.206849365e+02,6.779301912e-02
9.209251709e+02,6.634753197e-02
9.211654053e+02,7.068400085e-02
9.214056396e+02,6.610661745e-02
9.216458740e+02,6.982740760e-02
9.218861084e+02,6.669551879e-02
9.221264038e+02,6.669551879e-02
9.223666382e+02,6.610661745e-02
9.226069336e+02,6.768594682e-02
9.228472290e+02,6.442020833e-02
9.230875244e+02,7.116582990e-02
9.233278198e+02,6.624045223e-02
9.235681763e+02,6.878344715e-02
9.238084717e+02,6.412575394e-02
9.240488281e+02,6.219843775e-02
9.242891846e+02,6.094032526e-02
9.245295410e+02,6.463435292e-02
9.247698975e+02,6.107416749e-02
9.250102539e+02,6.168983877e-02
9.252506714e+02,6.128831580e-02
9.254910278e+02,6.077971682e-02
9.257314453e+02,5.866501853e-02
9.259718628e+02,6.511618197e-02
9.262122803e+02,6.136861816e-02
9.264527588e+02,6.008373946e-02
9.266931763e+02,5.914684758e-02
9.269336548e+02,5.992313102e-02
9.271741333e+02,5.657709017e-02
9.274146118e+02,5.962868035e-02
9.276550903e+02,6.053880230e-02
9.278955688e+02,5.928068981e-02
9.281360474e+02,5.572050437e-02
9.283765869e+02,5.941453204e-02
9.286171265e+02,5.719276145e-02
9.288576660e+02,5.882563069e-02
9.290982056e+02,5.580080673e-02
9.293387451e+02,5.944130197e-02
9.295792847e+02,5.593464896e-02
9.298198853e+02,5.561342835e-02
9.300604248e+02,5.175879225e-02
9.303010254e+02,5.459623411e-02
9.305416260e+02,5.381995067e-02
9.307822266e+02,5.387348682e-02
9.310228882e+02,5.344519392e-02
9.312634888e+02,5.242799968e-02
9.315041504e+02,5.052744597e-02
9.317448120e+02,5.440885574e-02
9.319854736e+02,5.451592803e-02
9.322261353e+02,5.224062130e-02
9.324667969e+02,5.079513043e-02
9.327075195e+02,5.087543651e-02
9.329481812e+02,5.189263076e-02
9.331889038e+02,5.293659866e-02
9.334296265e+02,5.031330138e-02
9.336703491e+02,4.945671558e-02
9.339110718e+02,4.415658489e-02
9.341518555e+02,4.916226119e-02
9.343925781e+02,4.653896764e-02
9.346333618e+02,4.568238184e-02
9.348741455e+02,4.586976022e-02
9.351149292e+02,4.517378286e-02
9.353557129e+02,4.605713859e-02
9.355964966e+02,4.506671056e-02
9.358373413e+02,4.429042712e-02
9.360781250e+02,4.530762509e-02
9.363189697e+02,4.380859807e-02
9.365598145e+02,4.268432781e-02
9.368006592e+02,4.525408894e-02
9.370415649e+02,4.707433283e-02
9.372824097e+02,4.536116123e-02
9.375233154e+02,4.297877848e-02
9.377642212e+02,4.471872002e-02
9.380051270e+02,4.217572883e-02
9.382460327e+02,3.987365216e-02
9.384869385e+02,3.925798088e-02
9.387278442e+02,3.963273764e-02
9.389688110e+02,3.965950757e-02
9.392097778e+02,4.043578729e-02
9.394507446e+02,3.842816502e-02
9.396917114e+02,4.070347175e-02
9.399326782e+02,3.890999407e-02
9.401736450e+02,3.245882690e-02
9.404146729e+02,3.786602989e-02
9.406556396e+02,3.706298023e-02
9.408966675e+02,3.631346673e-02
9.411376953e+02,3.484120965e-02
9.413787842e+02,3.553718328e-02
9.416198120e+02,3.526950255e-02
9.418608398e+02,3.799987212e-02
9.421019287e+02,3.529626876e-02
9.423430176e+02,3.492151201e-02
9.425841064e+02,3.243205696e-02
9.428251953e+02,3.007644601e-02
9.430662842e+02,3.189669177e-02
9.433074341e+02,3.082595952e-02
9.435485229e+02,2.967492118e-02
9.437896729e+02,2.860418707e-02
9.440308228e+02,2.871126123e-02
9.442719727e+02,2.622180618e-02
9.445131226e+02,2.812235802e-02
9.447543335e+02,2.520461008e-02
9.449954834e+02,2.539198846e-02
9.452366943e+02,2.670363709e-02
9.454779053e+02,2.694455162e-02
9.457191162e+02,2.464247495e-02
9.459603271e+02,2.665010095e-02
9.462015381e+02,2.930016443e-02
9.464428101e+02,2.547229454e-02
9.466840820e+02,2.603442781e-02
9.469252930e+02,2.584704943e-02
9.471665649e+02,2.400003560e-02
9.474078979e+02,2.472278103e-02
9.476491699e+02,2.367881499e-02
9.478904419e+02,2.306314372e-02
9.481317749e+02,1.950295642e-02
9.483731079e+02,2.193887532e-02
9.486144409e+02,2.129643410e-02
9.488557739e+02,2.274192497e-02
9.490971069e+02,2.105551958e-02
9.493384399e+02,2.426771820e-02
9.495798340e+02,2.418741398e-02
9.498212280e+02,2.383942530e-02
9.500626221e+02,2.239393629e-02
9.503040161e+02,2.196564339e-02
9.505454102e+02,2.086814120e-02
9.507868042e+02,2.295607142e-02
9.510282593e+02,2.252777852e-02
9.512697144e+02,2.172472700e-02
9.515111084e+02,2.134997211e-02
9.517525635e+02,2.223332599e-02
9.519940796e+02,2.102875151e-02
9.522355347e+02,1.963679865e-02
9.524769897e+02,2.196564339e-02
9.527185059e+02,1.752210036e-02
9.529600220e+02,1.744179614e-02
9.532015381e+02,1.554124430e-02
9.534430542e+02,1.944942027e-02
9.536845703e+02,1.875344291e-02
9.539261475e+02,1.915496774e-02
9.541676636e+02,1.918173768e-02
9.544092407e+02,1.829838194e-02
9.546508179e+02,1.867313869e-02
9.548923950e+02,1.920850575e-02
9.551339722e+02,1.920850575e-02
9.553756104e+02,1.827161387e-02
9.556171875e+02,2.068076283e-02
9.558588257e+02,1.872667484e-02
9.561004639e+02,1.629075781e-02
9.563421021e+02,1.899435930e-02
9.565837402e+02,1.934234612e-02
9.568253784e+02,1.837868616e-02
9.570670776e+02,1.803069934e-02
9.573087158e+02,1.698673330e-02
9.575504150e+02,1.645136811e-02
9.577921143e+02,1.792362519e-02
9.580338135e+02,1.613014750e-02
9.582755737e+02,1.615691558e-02
9.585172729e+02,1.559478138e-02
9.587590332e+02,1.596953720e-02
9.590007324e+02,1.580892690e-02
9.592424927e+02,1.615691558e-02
9.594843140e+02,1.583569683e-02
9.597260742e+02,1.824484579e-02
9.599678345e+02,1.623722166e-02
9.602096558e+02,1.813777164e-02
9.604514160e+02,1.738825813e-02
9.606932373e+02,1.792362519e-02
9.609350586e+02,1.690642908e-02
9.611769409e+02,1.744179614e-02
9.614187622e+02,1.505941432e-02
9.616605835e+02,1.661197841e-02
9.619024658e+02,1.473819464e-02
9.621443481e+02,1.586246490e-02
9.623862305e+02,1.618368365e-02
9.626281128e+02,1.570185460e-02
9.628699951e+02,1.412252337e-02
9.631119385e+02,1.479173172e-02
9.633538818e+02,1.476496272e-02
9.635957642e+02,1.361392532e-02
9.638377075e+02,1.382807177e-02
9.640796509e+02,1.476496272e-02
9.643216553e+02,1.278410666e-02
9.645635986e+02,1.586246490e-02
9.648056030e+02,1.685289294e-02
9.650475464e+02,1.650490426e-02
9.652895508e+02,1.409575436e-02
9.655315552e+02,1.701350324e-02
9.657735596e+02,1.297148503e-02
9.660156250e+02,1.554124430e-02
9.662576294e+02,1.575539075e-02
9.664996948e+02,1.492557302e-02
9.667417603e+02,1.283764374e-02
9.669838257e+02,1.149922702e-02
9.672258911e+02,1.131184865e-02
9.674679565e+02,1.307855826e-02
9.677100830e+02,1.358715631e-02
9.679522095e+02,1.307855826e-02
9.681942749e+02,1.219520345e-02
9.684364014e+02,1.099062897e-02
9.686785278e+02,1.216843538e-02
9.689207153e+02,1.313209534e-02
9.691628418e+02,1.286441181e-02
9.694050293e+02,1.163306832e-02
9.696471558e+02,1.307855826e-02
9.698893433e+02,1.500587817e-02
9.701315308e+02,1.417605951e-02
9.703737793e+02,1.104416512e-02
9.706159668e+02,1.342654694e-02
9.708582153e+02,1.356038824e-02
9.711004028e+02,1.329270471e-02
9.713426514e+02,9.759285487e-03
9.715848999e+02,1.176691055e-02
9.718271484e+02,1.136538573e-02
9.720694580e+02,1.056233607e-02
9.723117065e+02,1.016081031e-02
9.725540161e+02,9.678981267e-03
9.727963257e+02,1.157953218e-02
9.730386353e+02,8.715321310e-03
9.732809448e+02,9.786054492e-03
9.735232544e+02,9.598676115e-03
9.737655640e+02,1.005373709e-02
9.740079346e+02,1.099062897e-02
9.742503052e+02,1.313209534e-02
9.744926758e+02,1.040172577e-02
9.747350464e+02,1.125831250e-02
9.749774170e+02,9.411297739e-03
9.752197876e+02,1.072294544e-02
9.754622192e+02,1.125831250e-02
9.757046509e+02,1.192751992e-02
9.759470825e+02,1.045526192e-02
9.761895142e+02,1.077648252e-02
9.764319458e+02,9.919895791e-03
9.766743774e+02,8.902699687e-03
9.769168701e+02,7.778429426e-03
9.771593018e+02,9.491602890e-03
9.774017944e+02,5.797573365e-03
9.776442871e+02,1.045526192e-02
9.778867798e+02,5.851109978e-03
9.781292725e+02,7.323367987e-03
9.783718262e+02,9.919895791e-03
9.786143799e+02,1.000020094e-02
9.788568726e+02,9.786054492e-03
9.790994263e+02,7.135989610e-03
9.793419800e+02,8.287027478e-03
9.795845947e+02,8.849162608e-03
9.798271484e+02,8.394100703e-03
9.800697021e+02,1.050879899e-02
9.803123169e+02,9.036540985e-03
9.805549316e+02,9.223919362e-03
9.807975464e+02,1.013404224e-02
9.810401611e+02,9.518370964e-03
9.812828369e+02,7.831966504e-03
9.815254517e+02,6.761233322e-03
9.817681274e+02,7.269831374e-03
9.820108032e+02,5.396048538e-03
9.822534790e+02,6.386476569e-03
9.824961548e+02,6.975379772e-03
9.827388306e+02,9.197151288e-03
9.829815674e+02,6.680928171e-03
9.832242432e+02,6.975379772e-03
9.834669800e+02,5.396048538e-03
9.837097168e+02,8.581479080e-03
9.839524536e+02,9.170382284e-03
9.841951904e+02,9.036540985e-03
9.844379883e+02,8.822394535e-03
9.846807251e+02,8.046112955e-03
9.849235229e+02,9.197151288e-03
9.851663208e+02,7.992575876e-03
9.854091187e+02,8.795626462e-03
9.856519165e+02,4.753608722e-03
9.858947144e+02,8.340564556e-03
9.861375732e+02,5.369279999e-03
9.863804321e+02,5.422817077e-03
9.866232300e+02,5.529890303e-03
9.868660889e+02,6.279403344e-03
9.871089478e+02,6.573854946e-03
9.873518677e+02,6.841538008e-03
9.875947266e+02,4.218242131e-03
9.878376465e+02,5.877878517e-03
9.880805664e+02,7.457209751e-03
9.883234863e+02,7.483977824e-03
9.885664062e+02,6.092024967e-03
9.888093262e+02,8.715321310e-03
9.890522461e+02,6.788001396e-03
9.892952271e+02,8.072881028e-03
9.895382080e+02,7.323367987e-03
9.897811279e+02,5.663731601e-03
9.900241699e+02,6.921843160e-03
9.902671509e+02,6.573854946e-03
9.905101318e+02,5.369279999e-03
9.907531738e+02,4.860681947e-03
9.909961548e+02,6.252634805e-03
9.912391968e+02,4.137936980e-03
9.914822388e+02,5.396048538e-03
9.917252808e+02,5.021291785e-03
9.919683838e+02,5.208670162e-03
9.922114258e+02,4.271778744e-03
9.924545288e+02,4.673303571e-03
9.926975708e+02,5.984951742e-03
9.929406738e+02,5.396048538e-03
9.931837769e+02,5.262206774e-03
9.934269409e+02,5.877878517e-03
9.936700439e+02,7.269831374e-03
9.939132080e+02,7.992575876e-03
9.941563110e+02,6.680928171e-03
9.943994751e+02,6.868306547e-03
9.946426392e+02,6.654160097e-03
9.948858643e+02,7.537514903e-03
9.951290283e+02,7.537514903e-03
9.953721924e+02,4.914218560e-03
9.956154175e+02,1.782324398e-03
9.958586426e+02,3.897022223e-03
9.961018677e+02,2.692447510e-03
9.963450928e+02,4.592998885e-03
9.965883179e+02,5.074828397e-03
9.968316040e+02,1.755556092e-03
9.970748291e+02,2.344459295e-03
9.973181152e+02,5.690500140e-03
9.975614014e+02,3.763180692e-03
9.978046875e+02,4.619766958e-03
9.980480347e+02,2.906594193e-03
9.982913208e+02,6.547086406e-03
9.985346680e+02,4.030863754e-03
9.987779541e+02,7.243063301e-03
9.990213013e+02,3.201045794e-03
9.992646484e+02,5.181902088e-03
9.995079956e+02,4.030863754e-03
9.997514038e+02,5.770805292e-03
9.999947510e+02,3.950559068e-03
1.000238159e+03,4.539462272e-03
1.000481567e+03,5.262206774e-03
1.000724976e+03,3.977327142e-03
1.000968384e+03,2.317690989e-03
1.001211792e+03,4.860681947e-03
1.001455261e+03,3.067204030e-03
1.001698669e+03,3.977327142e-03
1.001942139e+03,3.388423938e-03
1.002185608e+03,6.600623485e-03
1.002429077e+03,3.816717304e-03
1.002672546e+03,3.977327142e-03
1.002916077e+03,3.789948998e-03
1.003159546e+03,4.700072110e-03
1.003403076e+03,5.422817077e-03
1.003646606e+03,4.405620508e-03
1.003890137e+03,4.753608722e-03
1.004133667e+03,6.520318333e-03
1.004377258e+03,4.191474058e-03
1.004620789e+03,3.602570621e-03
1.004864380e+03,3.629338928e-03
1.005107971e+03,3.227814101e-03
1.005351562e+03,2.397995908e-03
1.005595154e+03,1.862629433e-03
1.005838745e+03,1.942934352e-03
1.006082336e+03,3.468729090e-03
1.006325989e+03,1.835861127e-03
1.006569641e+03,4.057632294e-03
1.006813293e+03,1.059579547e-03
1.007056946e+03,3.174277488e-03
1.007300598e+03,2.264154376e-03
1.007544312e+03,2.183849225e-03
1.007787964e+03,3.495497396e-03
1.008031677e+03,5.717268679e-03
1.008275391e+03,3.923790529e-03
1.008519104e+03,5.021291785e-03
1.008762817e+03,5.797573365e-03
1.009006531e+03,4.512693733e-03
1.009250305e+03,3.736412385e-03
1.009494019e+03,5.342511926e-03
1.009737793e+03,2.317690989e-03
1.009981567e+03,3.040435724e-03
1.010225342e+03,7.918963092e-04
1.010469177e+03,1.487872796e-03
1.010712952e+03,3.227814101e-03
1.010956787e+03,3.923790529e-03
1.011200623e+03,5.509813782e-04
1.011444397e+03,2.183849225e-03
1.011688293e+03,3.013667418e-03
1.011932129e+03,2.638910897e-03
1.012175964e+03,3.816717304e-03
1.012419861e+03,4.191474058e-03
1.012663696e+03,2.638910897e-03
1.012907593e+03,5.476353690e-03
1.013151489e+03,3.201045794e-03
1.013395447e+03,3.388423938e-03
1.013639343e+03,5.155133549e-03
1.013883240e+03,5.101596937e-03
1.014127197e+03,1.996471081e-03
1.014371155e+03,3.468729090e-03
1.014615112e+03,3.763180692e-03
1.014859070e+03,2.692447510e-03
1.015103027e+03,2.371227602e-03
1.015347046e+03,3.174277488e-03
1.015591003e+03,3.903714241e-04
1.015835022e+03,3.843485611e-03
1.016079041e+03,1.782324398e-03
1.016323059e+03,1.006042934e-03
1.016567078e+03,2.638910897e-03
1.016811157e+03,4.566230346e-03
1.017055176e+03,1.889397739e-03
1.017299255e+03,4.673303571e-03
1.017543335e+03,2.719215816e-03
1.017787415e+03,3.736412385e-03
1.018031494e+03,2.853057580e-03
1.018275574e+03,4.378851969e-03
1.018519714e+03,3.897022223e-03
1.018763855e+03,2.157080919e-03
1.019007935e+03,-7.606666186e-04
1.019252075e+03,1.755556092e-03
1.019496216e+03,-1.449951087e-04
1.019740417e+03,-9.212765726e-04
1.019984558e+03,-1.322801458e-03
1.020228760e+03,-4.662150168e-04
[EndOfFile]
