#Thorlabs FTS
[SpectrumHeader]
#Date;20251107
#Time;17562288
#GMTTime;20562288
#Instrument;0
#InstrModel;CCS200
#Series;0
#InterferometerSerial;M00311012
#Type;emission
#ChannelIndex;0
#XAxisUnit;nm_air
#YAxisUnit;intensity
#Average;1
#RollingAverage;0
#SpectrumSmooth;0
#SSmoothParam1;0
#SSmoothParam2;0
#SSmoothParam3;0
#SSmoothParam4;0
#IntegrationTime;0.145000
#TriggerMode;0
#AirMeasureOpt;0
#AirTemp;0.00
#AirPressure;0.00
#AirRelHum;0.00
#WnrMin;9799.037109
#WnrMax;50982.906250
#Length;3648
#Resolution;0.0000000000e+00
#ADC;0
#InstrStatus;0
#RefLaserLocked;0
#ChannelIndex;0
#AttenuationFilter;0
#Stitched;0
#ExcitationWavelength_nm;0
#SoftwareVersion;3.310000
#FirmwareVersion;
#Motor_FirmwareVersion;
#ReconstructionAlgorithms_SoftwareVersion;
#Sensor_FirmwareVersion;
#InstrSeriesIdentifier;MUN_CCS_SERIES
#RefGainIndex;0
#RefSignalInPerecent;0.0
#BBRefGainIndex;0
#BBRefSignalInPerecent;0.0
#AutogainStatus;0
#Name;
#Comment;""
#ExtComment;""
#Source;
[Data]
1.960870056e+02;5.010019988e-03
1.962940979e+02;3.147888696e-03
1.965012054e+02;5.063223653e-03
1.967083282e+02;5.728270859e-03
1.969154510e+02;5.488853902e-03
1.971225891e+02;5.542057566e-03
1.973297424e+02;3.866139334e-03
1.975368958e+02;4.690797534e-03
1.977440643e+02;4.238565452e-03
1.979512482e+02;4.451380577e-03
1.981584320e+02;4.823806696e-03
1.983656311e+02;-2.305496018e-03
1.985728455e+02;2.137017436e-03
1.987800751e+02;1.285757404e-03
1.989873047e+02;2.775462344e-03
1.991945496e+02;2.083813539e-03
1.994018097e+02;8.335254388e-04
1.996090698e+02;3.254296258e-03
1.998163452e+02;3.866139334e-03
2.000236359e+02;3.467111150e-03
2.002309418e+02;4.052352626e-03
2.004382477e+02;5.116427317e-03
2.006455688e+02;4.690797534e-03
2.008528900e+02;2.562647453e-03
2.010602417e+02;4.983418155e-03
2.012675934e+02;2.216822933e-03
2.014749451e+02;3.121286863e-03
2.016823273e+02;5.887881853e-03
2.018897095e+02;6.845549680e-03
2.020971069e+02;5.143029615e-03
2.023045044e+02;3.520315047e-03
2.025119171e+02;4.238565452e-03
2.027193451e+02;3.201092361e-03
2.029267883e+02;2.216823050e-04
2.031342316e+02;1.418766682e-03
2.033416901e+02;2.376434393e-03
2.035491638e+02;1.924202428e-03
2.037566376e+02;1.285757404e-03
2.039641418e+02;1.232553623e-03
2.041716309e+02;1.205951674e-03
2.043791504e+02;1.870998647e-03
2.045866699e+02;1.711387420e-03
2.047942047e+02;4.424778745e-03
2.050017548e+02;4.291769583e-03
2.052093048e+02;3.467111150e-03
2.054168701e+02;3.467111150e-03
2.056244507e+02;5.382446107e-03
2.058320312e+02;3.866139334e-03
2.060396423e+02;6.765743718e-03
2.062472534e+02;4.956816323e-03
2.064548645e+02;5.143029615e-03
2.066624908e+02;4.664195701e-03
2.068701324e+02;6.180502474e-03
2.070777893e+02;2.562647453e-03
2.072854462e+02;2.057211706e-03
2.074931335e+02;9.133311105e-04
2.077008057e+02;2.137017436e-03
2.079085083e+02;3.467111150e-03
2.081162109e+02;2.961675636e-03
2.083239288e+02;2.881869907e-03
2.085316467e+02;2.748860512e-03
2.087393951e+02;2.562647453e-03
2.089471436e+02;3.892741166e-03
2.091548920e+02;2.190221101e-03
2.093626709e+02;3.600120544e-03
2.095704498e+02;1.658183639e-03
2.097782440e+02;2.030609874e-03
2.099860382e+02;3.546916880e-03
2.101938629e+02;4.823806696e-03
2.104016724e+02;3.733129939e-03
2.106095123e+02;5.276038777e-03
2.108173523e+02;3.014879301e-03
2.110252075e+02;5.355844274e-03
2.112330780e+02;5.196233280e-03
2.114409637e+02;1.578378025e-03
2.116488495e+02;3.387305653e-03
2.118567505e+02;3.227694426e-03
2.120646515e+02;2.349832328e-03
2.122725677e+02;2.509443555e-03
2.124804993e+02;2.163619269e-03
2.126884460e+02;3.068082966e-03
2.128963928e+02;2.349832328e-03
2.131043549e+02;3.600120544e-03
2.133123322e+02;2.881869907e-03
2.135203094e+02;1.179349842e-03
2.137283173e+02;1.977406209e-03
2.139363098e+02;4.664195701e-03
2.141443329e+02;3.041481134e-03
2.143523560e+02;6.473123096e-03
2.145603943e+02;1.019738615e-03
2.147684479e+02;5.887881853e-03
2.149765015e+02;4.025750794e-03
2.151845703e+02;6.579530891e-03
2.153926544e+02;2.881869907e-03
2.156007538e+02;5.063223653e-03
2.158088531e+02;4.477982409e-03
2.160169678e+02;3.520315047e-03
2.162250824e+02;2.110415604e-03
2.164332123e+02;1.365563017e-03
2.166413574e+02;9.931366658e-04
2.168495178e+02;2.748860512e-03
2.170576782e+02;1.126146060e-03
2.172658691e+02;2.536045620e-03
2.174740448e+02;1.525174244e-03
2.176822510e+02;3.866139334e-03
2.178904572e+02;2.589249285e-03
2.180986786e+02;3.014879301e-03
2.183069000e+02;3.679926274e-03
2.185151520e+02;5.089825485e-03
2.187234039e+02;3.839537501e-03
2.189316559e+02;6.233706139e-03
2.191399384e+02;5.515455734e-03
2.193482208e+02;5.302640609e-03
2.195565186e+02;3.919342998e-03
2.197648163e+02;3.999148961e-03
2.199731293e+02;3.254296258e-03
2.201814575e+02;6.739142118e-04
2.203898010e+02;1.232553623e-03
2.205981445e+02;3.334101755e-03
2.208065033e+02;1.578378025e-03
2.210148773e+02;2.562647453e-03
2.212232513e+02;2.881869907e-03
2.214316406e+02;2.296628663e-03
2.216400452e+02;3.546916880e-03
2.218484650e+02;3.972546663e-03
2.220568848e+02;1.392164850e-03
2.222653198e+02;5.462252069e-03
2.224737549e+02;3.892741166e-03
2.226822205e+02;6.100696977e-03
2.228906860e+02;2.935073571e-03
2.230991516e+02;4.823806696e-03
2.233076477e+02;5.754872691e-03
2.235161438e+02;5.116427317e-03
2.237246552e+02;4.291769583e-03
2.239331665e+02;4.185361788e-03
2.241416931e+02;4.504584242e-03
2.243502350e+02;7.005161024e-04
2.245587921e+02;4.344973131e-04
2.247673492e+02;2.642452950e-03
2.249759216e+02;1.551776077e-03
2.251845093e+02;3.733129939e-03
2.253930969e+02;2.509443555e-03
2.256017151e+02;2.536045620e-03
2.258103180e+02;3.041481134e-03
2.260189514e+02;3.201092361e-03
2.262275848e+02;2.615851117e-03
2.264362335e+02;3.201092361e-03
2.266448975e+02;4.584390204e-03
2.268535614e+02;5.169631448e-03
2.270622406e+02;4.717399366e-03
2.272709351e+02;4.105556291e-03
2.274796295e+02;6.180502474e-03
2.276883392e+02;5.036621820e-03
2.278970642e+02;2.296628663e-03
2.281058044e+02;3.866139334e-03
2.283145447e+02;2.482841723e-03
2.285233002e+02;4.610992037e-04
2.287320557e+02;2.163619269e-03
2.289408417e+02;3.706528107e-03
2.291496277e+02;1.924202428e-03
2.293584137e+02;2.615851117e-03
2.295672302e+02;3.174490528e-03
2.297760468e+02;3.068082966e-03
2.299848785e+02;1.259155455e-03
2.301937103e+02;2.589249285e-03
2.304025726e+02;1.711387420e-03
2.306114197e+02;2.642452950e-03
2.308202972e+02;3.280898090e-03
2.310291748e+02;4.903612658e-03
2.312380676e+02;4.185361788e-03
2.314469757e+02;3.972546663e-03
2.316558990e+02;4.291769583e-03
2.318648224e+02;6.898753345e-03
2.320737610e+02;4.930214491e-03
2.322826996e+02;3.679926274e-03
2.324916534e+02;2.323230496e-03
2.327006226e+02;1.205951674e-03
2.329096069e+02;8.601273294e-04
2.331185913e+02;5.222835112e-03
2.333275909e+02;-3.369571059e-04
2.335366058e+02;3.334101755e-03
2.337456207e+02;3.546916705e-04
2.339546661e+02;2.482841723e-03
2.341636963e+02;9.399329429e-04
2.343727570e+02;1.338961069e-03
2.345818176e+02;4.850408994e-03
2.347908936e+02;2.855268074e-03
2.349999847e+02;3.866139334e-03
2.352090759e+02;4.265167285e-03
2.354181824e+02;3.892741166e-03
2.356273041e+02;2.908471739e-03
2.358364258e+02;2.376434393e-03
2.360455627e+02;2.589249285e-03
2.362547150e+02;2.722258680e-03
2.364638824e+02;3.413907485e-03
2.366730499e+02;1.365563017e-03
2.368822327e+02;4.105556291e-03
2.370914154e+02;2.456239890e-03
2.373006287e+02;3.812935669e-03
2.375098419e+02;2.748860512e-03
2.377190552e+02;2.615851117e-03
2.379282990e+02;4.265167285e-03
2.381375427e+02;5.089825485e-03
2.383468018e+02;2.323230496e-03
2.385560608e+02;4.318371415e-03
2.387653503e+02;2.988277469e-03
2.389746246e+02;4.797204863e-03
2.391839294e+02;4.078954458e-03
2.393932343e+02;6.366715766e-03
2.396025543e+02;3.546916880e-03
2.398118896e+02;6.765743718e-03
2.400212402e+02;4.504584242e-03
2.402305908e+02;4.318371415e-03
2.404399414e+02;3.041481134e-03
2.406493225e+02;4.770603031e-03
2.408587036e+02;2.349832328e-03
2.410681000e+02;3.174490528e-03
2.412775116e+02;3.068082966e-03
2.414869232e+02;1.791193034e-03
2.416963501e+02;2.429638058e-03
2.419057922e+02;2.881869907e-03
2.421152344e+02;6.207104307e-04
2.423246918e+02;2.615851117e-03
2.425341644e+02;3.520315047e-03
2.427436371e+02;4.078954458e-03
2.429531403e+02;1.046340447e-03
2.431626434e+02;4.877010826e-03
2.433721466e+02;5.568659399e-03
2.435816650e+02;5.089825485e-03
2.437911987e+02;4.371575080e-03
2.440007477e+02;4.211963620e-03
2.442103119e+02;3.227694426e-03
2.444198761e+02;4.823806696e-03
2.446294403e+02;2.509443555e-03
2.448390350e+02;4.105556291e-03
2.450486298e+02;6.207104161e-05
2.452582397e+02;4.930214491e-03
2.454678650e+02;1.870998647e-03
2.456774902e+02;3.094685031e-03
2.458871307e+02;2.802064409e-03
2.460967865e+02;4.158759955e-03
2.463064423e+02;3.546916880e-03
2.465161133e+02;2.881869907e-03
2.467257996e+02;3.520315047e-03
2.469354858e+02;4.344973247e-03
2.471451874e+02;2.429638058e-03
2.473549042e+02;4.877010826e-03
2.475646362e+02;2.828666242e-03
2.477743683e+02;4.211963620e-03
2.479841156e+02;5.648464896e-03
2.481938782e+02;4.557788372e-03
2.484036407e+02;2.748860512e-03
2.486134186e+02;4.105556291e-03
2.488232117e+02;1.072942396e-03
2.490330048e+02;3.014879301e-03
2.492428284e+02;2.323230496e-03
2.494526367e+02;1.658183639e-03
2.496624756e+02;4.318371415e-03
2.498723145e+02;2.855268074e-03
2.500821686e+02;7.271179347e-04
2.502920380e+02;3.626722377e-03
2.505019073e+02;1.498572412e-03
2.507117920e+02;4.371575080e-03
2.509216919e+02;1.418766682e-03
2.511315918e+02;4.637593869e-03
2.513415222e+02;4.318371415e-03
2.515514374e+02;4.238565452e-03
2.517613831e+02;2.296628663e-03
2.519713287e+02;4.717399366e-03
2.521812897e+02;5.302640609e-03
2.523912659e+02;4.797204863e-03
2.526012421e+02;2.802064409e-03
2.528112335e+02;2.828666242e-03
2.530212402e+02;2.748860512e-03
2.532312469e+02;2.536045620e-03
2.534412689e+02;1.152748009e-03
2.536513062e+02;3.094685031e-03
2.538613586e+02;3.068082966e-03
2.540714111e+02;3.387305653e-03
2.542814789e+02;3.600120544e-03
2.544915466e+02;1.950804261e-03
2.547016449e+02;4.850408994e-03
2.549117432e+02;4.211963620e-03
2.551218567e+02;2.589249285e-03
2.553319702e+02;5.116427317e-03
2.555420990e+02;2.961675636e-03
2.557522430e+02;5.329242442e-03
2.559623871e+02;3.493712982e-03
2.561725464e+02;3.094685031e-03
2.563827209e+02;3.121286863e-03
2.565928955e+02;4.451380577e-03
2.568031006e+02;1.844396815e-03
2.570133057e+02;2.323230496e-03
2.572235107e+02;2.456239890e-03
2.574337463e+02;1.445368631e-03
2.576439819e+02;3.812935611e-04
2.578542480e+02;2.988277469e-03
2.580644836e+02;3.280898090e-03
2.582747498e+02;2.961675636e-03
2.584850464e+02;2.562647453e-03
2.586953430e+02;4.025750794e-03
2.589056396e+02;1.684785471e-03
2.591159363e+02;3.759731771e-03
2.593262634e+02;3.679926274e-03
2.595365906e+02;3.733129939e-03
2.597469482e+02;2.456239890e-03
2.599573059e+02;5.914483685e-03
2.601676636e+02;2.562647453e-03
2.603780212e+02;3.733129939e-03
2.605884094e+02;3.919342998e-03
2.607988281e+02;1.844396815e-03
2.610092163e+02;2.376434393e-03
2.612196350e+02;3.280898090e-03
2.614300842e+02;2.137017436e-03
2.616405029e+02;1.711387420e-03
2.618509521e+02;2.988277469e-03
2.620614319e+02;1.099544228e-03
2.622718811e+02;1.312359236e-03
2.624823608e+02;4.717399366e-03
2.626928711e+02;1.764591085e-03
2.629033508e+02;3.493712982e-03
2.631138916e+02;2.855268074e-03
2.633244019e+02;4.930214491e-03
2.635349426e+02;4.132158123e-03
2.637454834e+02;4.371575080e-03
2.639560242e+02;2.855268074e-03
2.641665955e+02;5.675066728e-03
2.643771973e+02;1.924202428e-03
2.645877686e+02;4.291769583e-03
2.647983704e+02;1.737989252e-03
2.650089722e+02;2.083813539e-03
2.652196045e+02;6.207104307e-04
2.654302368e+02;9.931366658e-04
2.656408691e+02;3.147888696e-03
2.658515320e+02;2.775462344e-03
2.660621948e+02;3.068082966e-03
2.662728577e+02;4.265167285e-03
2.664835510e+02;3.919342998e-03
2.666942444e+02;3.759731771e-03
2.669049377e+02;2.935073571e-03
2.671156616e+02;4.371575080e-03
2.673263855e+02;2.881869907e-03
2.675371094e+02;6.260308437e-03
2.677478638e+02;5.010019988e-03
2.679586182e+02;3.812935669e-03
2.681694031e+02;2.695656847e-03
2.683801575e+02;5.329242442e-03
2.685909729e+02;2.110415604e-03
2.688017578e+02;3.759731771e-03
2.690125732e+02;4.344973247e-03
2.692233887e+02;3.121286863e-03
2.694342346e+02;1.604979858e-03
2.696450806e+02;1.737989252e-03
2.698559265e+02;2.163619269e-03
2.700667725e+02;2.855268074e-03
2.702776489e+02;3.706528107e-03
2.704885559e+02;2.961675636e-03
2.706994324e+02;3.786333837e-03
2.709103394e+02;2.403036226e-03
2.711212769e+02;3.679926274e-03
2.713321838e+02;4.956816323e-03
2.715431213e+02;3.227694426e-03
2.717540894e+02;3.866139334e-03
2.719650269e+02;2.695656847e-03
2.721760254e+02;6.473123096e-03
2.723869934e+02;2.935073571e-03
2.725979919e+02;3.839537501e-03
2.728089905e+02;2.775462344e-03
2.730199890e+02;1.498572412e-03
2.732310181e+02;1.817794866e-03
2.734420471e+02;2.908471739e-03
2.736531067e+02;4.344973131e-04
2.738641663e+02;1.764591085e-03
2.740752258e+02;2.509443555e-03
2.742862854e+02;2.908471739e-03
2.744973755e+02;2.004008042e-03
2.747084961e+02;4.371575080e-03
2.749195862e+02;2.509443555e-03
2.751307068e+02;3.919342998e-03
2.753418274e+02;4.903612658e-03
2.755529785e+02;1.737989252e-03
2.757641296e+02;3.094685031e-03
2.759752808e+02;5.675066728e-03
2.761864624e+02;2.935073571e-03
2.763976440e+02;4.664195701e-03
2.766088562e+02;1.152748009e-03
2.768200378e+02;2.988277469e-03
2.770312500e+02;3.706528107e-03
2.772424927e+02;4.211963620e-03
2.774537354e+02;1.897600479e-03
2.776649780e+02;1.897600479e-03
2.778762207e+02;3.440509317e-03
2.780874939e+02;2.270026831e-03
2.782987671e+02;1.950804261e-03
2.785100708e+02;5.488853902e-03
2.787213745e+02;2.270026831e-03
2.789326782e+02;4.717399366e-03
2.791439819e+02;6.739142118e-04
2.793553162e+02;5.382446107e-03
2.795666504e+02;3.493712982e-03
2.797780151e+02;5.409048405e-03
2.799893799e+02;4.238565452e-03
2.802007446e+02;5.355844274e-03
2.804121399e+02;2.935073571e-03
2.806235352e+02;4.637593869e-03
2.808349304e+02;3.706528107e-03
2.810463562e+02;4.344973247e-03
2.812577820e+02;6.473123212e-04
2.814692078e+02;2.961675636e-03
2.816806641e+02;2.323230496e-03
2.818921204e+02;3.094685031e-03
2.821036072e+02;3.520315047e-03
2.823150635e+02;2.615851117e-03
2.825265808e+02;7.537198253e-04
2.827380676e+02;3.706528107e-03
2.829495850e+02;1.950804261e-03
2.831611023e+02;4.504584242e-03
2.833726501e+02;5.276038777e-03
2.835841675e+02;5.249436945e-03
2.837957458e+02;2.216822933e-03
2.840072937e+02;5.063223653e-03
2.842188721e+02;4.265167285e-03
2.844304504e+02;4.318371415e-03
2.846420593e+02;2.589249285e-03
2.848536682e+02;3.679926274e-03
2.850652771e+02;1.658183639e-03
2.852769165e+02;3.280898090e-03
2.854885559e+02;3.945944831e-03
2.857001953e+02;1.817794866e-03
2.859118652e+02;1.604979858e-03
2.861235352e+02;2.855268074e-03
2.863352051e+02;2.562647453e-03
2.865469055e+02;4.903612658e-03
2.867586060e+02;2.296628663e-03
2.869703064e+02;2.163619269e-03
2.871820374e+02;3.892741166e-03
2.873937683e+02;4.318371415e-03
2.876055298e+02;3.520315047e-03
2.878172913e+02;4.531186074e-03
2.880290527e+02;4.265167285e-03
2.882408142e+02;5.010019988e-03
2.884526062e+02;2.456239890e-03
2.886643982e+02;4.025750794e-03
2.888762207e+02;2.403036226e-03
2.890880432e+02;3.280898090e-03
2.892998657e+02;2.722258680e-03
2.895116882e+02;3.041481134e-03
2.897235413e+02;2.137017436e-03
2.899354248e+02;1.525174244e-03
2.901472778e+02;2.083813539e-03
2.903591614e+02;1.711387420e-03
2.905710754e+02;4.371575080e-03
2.907829590e+02;2.403036226e-03
2.909948730e+02;5.089825485e-03
2.912068176e+02;3.945944831e-03
2.914187317e+02;4.770603031e-03
2.916306763e+02;5.542057566e-03
2.918426514e+02;3.786333837e-03
2.920546265e+02;4.371575080e-03
2.922666016e+02;4.158759955e-03
2.924785767e+02;4.371575080e-03
2.926905823e+02;3.786333837e-03
2.929025879e+02;3.387305653e-03
2.931146240e+02;1.126146060e-03
2.933266296e+02;3.866139334e-03
2.935386963e+02;3.307499923e-03
2.937507324e+02;8.867292308e-06
2.939627991e+02;8.867292199e-04
2.941748657e+02;2.456239890e-03
2.943869629e+02;1.924202428e-03
2.945990601e+02;3.227694426e-03
2.948111572e+02;1.259155455e-03
2.950232849e+02;1.950804261e-03
2.952354126e+02;3.972546663e-03
2.954475403e+02;2.855268074e-03
2.956596680e+02;2.855268074e-03
2.958718262e+02;4.105556291e-03
2.960840149e+02;5.568659399e-03
2.962962036e+02;3.706528107e-03
2.965083923e+02;3.546916880e-03
2.967205811e+02;4.318371415e-03
2.969328003e+02;1.631581690e-03
2.971450195e+02;3.546916880e-03
2.973572388e+02;2.296628663e-03
2.975694885e+02;2.988277469e-03
2.977817383e+02;1.658183639e-03
2.979940186e+02;4.531186074e-03
2.982062683e+02;4.877010826e-03
2.984185791e+02;3.094685031e-03
2.986308594e+02;3.387305653e-03
2.988431702e+02;3.600120544e-03
2.990554810e+02;3.334101755e-03
2.992678223e+02;2.615851117e-03
2.994801636e+02;3.147888696e-03
2.996925049e+02;4.983418155e-03
2.999048462e+02;4.105556291e-03
3.001172180e+02;4.424778745e-03
3.003296204e+02;3.626722377e-03
3.005419922e+02;4.398176912e-03
3.007543945e+02;4.770603031e-03
3.009668274e+02;2.270026831e-03
3.011792297e+02;2.137017436e-03
3.013916626e+02;1.019738615e-03
3.016041260e+02;1.897600479e-03
3.018165588e+02;8.335254388e-04
3.020290222e+02;1.365563017e-03
3.022415161e+02;4.185361788e-03
3.024539795e+02;3.041481134e-03
3.026665039e+02;1.791193034e-03
3.028789978e+02;1.924202428e-03
3.030915222e+02;5.089825485e-03
3.033040466e+02;3.653324442e-03
3.035165710e+02;1.870998647e-03
3.037291260e+02;3.121286863e-03
3.039416809e+02;5.834678188e-03
3.041542664e+02;5.276038777e-03
3.043668518e+02;6.313512102e-03
3.045794373e+02;3.892741166e-03
3.047920532e+02;3.121286863e-03
3.050046387e+02;-1.773458353e-04
3.052172852e+02;2.828666242e-03
3.054299011e+02;1.392164850e-03
3.056425476e+02;3.600120544e-03
3.058552246e+02;1.578378025e-03
3.060678711e+02;1.631581690e-03
3.062805481e+02;2.722258680e-03
3.064932556e+02;4.158759955e-03
3.067059326e+02;2.137017436e-03
3.069186401e+02;3.653324442e-03
3.071313782e+02;2.695656847e-03
3.073440857e+02;3.334101755e-03
3.075568237e+02;3.812935669e-03
3.077695923e+02;6.207104307e-03
3.079823608e+02;4.664195701e-03
3.081951294e+02;6.632734556e-03
3.084078979e+02;4.318371415e-03
3.086206970e+02;6.260308437e-03
3.088334961e+02;3.573518712e-03
3.090463257e+02;3.068082966e-03
3.092591248e+02;8.867292308e-06
3.094719849e+02;3.786333837e-03
3.096848145e+02;1.019738615e-03
3.098976746e+02;3.121286863e-03
3.101105347e+02;3.334101755e-03
3.103234253e+02;3.892741166e-03
3.105363159e+02;4.610992037e-04
3.107492065e+02;4.557788372e-03
3.109621277e+02;4.557788372e-03
3.111750183e+02;1.977406209e-03
3.113879700e+02;3.387305653e-03
3.116008911e+02;2.988277469e-03
3.118138428e+02;3.280898090e-03
3.120268250e+02;4.557788372e-03
3.122397766e+02;4.398176912e-03
3.124527588e+02;3.068082966e-03
3.126657715e+02;3.546916880e-03
3.128787842e+02;4.238565452e-03
3.130917969e+02;2.562647453e-03
3.133048096e+02;2.243424999e-03
3.135178528e+02;2.562647453e-03
3.137308960e+02;2.216822933e-03
3.139439392e+02;1.950804261e-03
3.141570129e+02;3.812935669e-03
3.143700867e+02;1.791193034e-03
3.145831909e+02;1.312359236e-03
3.147962952e+02;2.403036226e-03
3.150093994e+02;5.302640609e-03
3.152225037e+02;3.493712982e-03
3.154356384e+02;4.956816323e-03
3.156487732e+02;5.089825485e-03
3.158619385e+02;5.143029615e-03
3.160751038e+02;4.717399366e-03
3.162882690e+02;3.280898090e-03
3.165014648e+02;4.637593869e-03
3.167146606e+02;4.823806696e-03
3.169278564e+02;2.004008042e-03
3.171410828e+02;1.924202428e-03
3.173543091e+02;5.941085983e-04
3.175675354e+02;2.536045620e-03
3.177807922e+02;1.179349842e-03
3.179940491e+02;4.664195701e-03
3.182073059e+02;1.791193034e-03
3.184205933e+02;2.908471739e-03
3.186338806e+02;3.520315047e-03
3.188471680e+02;3.679926274e-03
3.190604858e+02;3.812935669e-03
3.192738037e+02;3.999148961e-03
3.194871521e+02;4.105556291e-03
3.197004700e+02;5.276038777e-03
3.199138184e+02;4.318371415e-03
3.201271973e+02;3.679926274e-03
3.203405762e+02;5.754872691e-03
3.205539551e+02;5.143029615e-03
3.207673340e+02;3.094685031e-03
3.209807434e+02;3.679926274e-03
3.211941833e+02;3.493712982e-03
3.214075928e+02;2.429638058e-03
3.216210327e+02;1.312359236e-03
3.218344727e+02;4.052352626e-03
3.220479431e+02;2.083813539e-03
3.222614136e+02;3.387305653e-03
3.224748840e+02;-4.433645881e-05
3.226883850e+02;2.748860512e-03
3.229018860e+02;3.121286863e-03
3.231153870e+02;2.802064409e-03
3.233289185e+02;2.935073571e-03
3.235424500e+02;3.812935669e-03
3.237559814e+02;4.265167285e-03
3.239695435e+02;6.579530891e-03
3.241831055e+02;2.190221101e-03
3.243966675e+02;4.983418155e-03
3.246102600e+02;3.546916880e-03
3.248238525e+02;4.610992037e-03
3.250374451e+02;2.642452950e-03
3.252510681e+02;2.509443555e-03
3.254646912e+02;2.323230496e-03
3.256783447e+02;2.349832328e-03
3.258919983e+02;2.216822933e-03
3.261056519e+02;3.068082966e-03
3.263193054e+02;2.615851117e-03
3.265329895e+02;2.722258680e-03
3.267466736e+02;1.977406209e-03
3.269603882e+02;3.201092361e-03
3.271741028e+02;3.227694426e-03
3.273878174e+02;3.786333837e-03
3.276015625e+02;4.318371415e-03
3.278152771e+02;5.355844274e-03
3.280290527e+02;4.105556291e-03
3.282427979e+02;5.994289648e-03
3.284565735e+02;4.344973131e-04
3.286703796e+02;4.238565452e-03
3.288841553e+02;1.711387420e-03
3.290979614e+02;2.722258680e-03
3.293117981e+02;1.152748009e-03
3.295256042e+02;2.163619269e-03
3.297394409e+02;1.684785530e-04
3.299533081e+02;2.961675636e-03
3.301671448e+02;2.163619269e-03
3.303810425e+02;3.546916880e-03
3.305949097e+02;1.658183639e-03
3.308088074e+02;4.557788372e-03
3.310227051e+02;3.307499923e-03
3.312366028e+02;3.174490528e-03
3.314505310e+02;2.775462344e-03
3.316644592e+02;3.467111150e-03
3.318784180e+02;2.562647453e-03
3.320923767e+02;2.509443555e-03
3.323063354e+02;3.972546663e-03
3.325202942e+02;5.808076356e-03
3.327342834e+02;3.307499923e-03
3.329482727e+02;3.706528107e-03
3.331622925e+02;3.733129939e-03
3.333763123e+02;2.722258680e-03
3.335903320e+02;1.737989252e-03
3.338043823e+02;3.174490528e-03
3.340184326e+02;2.802064409e-03
3.342324829e+02;2.722258680e-03
3.344465332e+02;4.371575080e-03
3.346606140e+02;2.030609874e-03
3.348747253e+02;5.382446107e-03
3.350888062e+02;2.695656847e-03
3.353029175e+02;2.403036226e-03
3.355170593e+02;3.919342998e-03
3.357311707e+02;1.977406209e-03
3.359453125e+02;4.132158123e-03
3.361594849e+02;5.621863063e-03
3.363736572e+02;5.302640609e-03
3.365878296e+02;2.403036226e-03
3.368020020e+02;2.881869907e-03
3.370162048e+02;4.424778745e-03
3.372304077e+02;2.323230496e-03
3.374446106e+02;2.190221101e-03
3.376588440e+02;3.280898090e-03
3.378730774e+02;1.684785471e-03
3.380873413e+02;1.232553623e-03
3.383016052e+02;1.817794866e-03
3.385158691e+02;3.573518712e-03
3.387301331e+02;6.207104307e-04
3.389444275e+02;3.227694426e-03
3.391587524e+02;4.744001199e-03
3.393730469e+02;3.334101755e-03
3.395873718e+02;4.078954458e-03
3.398016968e+02;5.010019988e-03
3.400160522e+02;3.733129939e-03
3.402304077e+02;4.903612658e-03
3.404447632e+02;4.877010826e-03
3.406591492e+02;2.270026831e-03
3.408735352e+02;2.190221101e-03
3.410879211e+02;1.551776077e-03
3.413023376e+02;1.259155455e-03
3.415167542e+02;3.706528107e-03
3.417311707e+02;4.158759955e-03
3.419456177e+02;2.536045620e-03
3.421600647e+02;3.201092361e-03
3.423745117e+02;4.877010826e-03
3.425889893e+02;-4.699664714e-04
3.428034668e+02;2.615851117e-03
3.430179443e+02;5.648464896e-03
3.432324524e+02;3.839537501e-03
3.434469604e+02;2.456239890e-03
3.436614990e+02;4.797204863e-03
3.438760376e+02;4.956816323e-03
3.440905762e+02;5.701669026e-03
3.443051147e+02;4.610992037e-03
3.445196838e+02;4.504584242e-03
3.447342529e+02;3.094685031e-03
3.449488525e+02;1.924202428e-03
3.451634521e+02;5.941085983e-04
3.453780518e+02;5.116427317e-03
3.455926514e+02;4.344973131e-04
3.458072815e+02;3.094685031e-03
3.460219116e+02;2.855268074e-03
3.462365723e+02;2.775462344e-03
3.464512329e+02;3.014879301e-03
3.466658936e+02;4.903612658e-03
3.468805847e+02;1.870998647e-03
3.470952759e+02;3.360703820e-03
3.473099670e+02;2.403036226e-03
3.475246887e+02;4.797204863e-03
3.477394104e+02;5.302640609e-03
3.479541321e+02;4.185361788e-03
3.481688843e+02;3.440509317e-03
3.483836365e+02;5.462252069e-03
3.485983887e+02;2.881869907e-03
3.488131714e+02;5.382446107e-03
3.490279541e+02;4.371575080e-03
3.492427673e+02;2.908471739e-03
3.494575500e+02;2.695656847e-03
3.496723633e+02;2.190221101e-03
3.498872070e+02;3.387305653e-03
3.501020508e+02;1.977406209e-03
3.503168945e+02;2.429638058e-03
3.505317383e+02;4.877010826e-03
3.507466125e+02;1.897600479e-03
3.509614868e+02;4.983418155e-03
3.511763916e+02;4.052352626e-03
3.513912964e+02;4.132158123e-03
3.516062012e+02;4.903612658e-03
3.518211060e+02;4.637593869e-03
3.520360413e+02;2.589249285e-03
3.522509766e+02;3.360703820e-03
3.524659424e+02;3.413907485e-03
3.526809082e+02;4.424778745e-03
3.528958740e+02;1.737989252e-03
3.531108704e+02;3.440509317e-03
3.533258667e+02;2.536045620e-03
3.535408630e+02;9.399329429e-04
3.537558899e+02;2.137017436e-03
3.539709167e+02;1.578378025e-03
3.541859436e+02;1.844396815e-03
3.544010010e+02;3.733129939e-03
3.546160583e+02;3.467111150e-03
3.548311157e+02;3.999148961e-03
3.550462036e+02;3.520315047e-03
3.552612915e+02;4.770603031e-03
3.554763794e+02;5.515455734e-03
3.556914978e+02;3.174490528e-03
3.559066162e+02;4.823806696e-03
3.561217651e+02;4.956816323e-03
3.563368835e+02;5.302640609e-03
3.565520325e+02;2.695656847e-03
3.567672119e+02;3.094685031e-03
3.569823914e+02;2.669055015e-03
3.571975708e+02;3.387305653e-03
3.574127502e+02;2.376434393e-03
3.576279602e+02;2.802064409e-03
3.578431702e+02;3.068082966e-03
3.580584106e+02;1.631581690e-03
3.582736511e+02;3.174490528e-03
3.584888916e+02;1.631581690e-03
3.587041626e+02;3.786333837e-03
3.589194031e+02;2.642452950e-03
3.591347046e+02;3.387305653e-03
3.593499756e+02;4.797204863e-03
3.595652771e+02;5.302640609e-03
3.597806091e+02;5.435650237e-03
3.599959106e+02;3.360703820e-03
3.602112427e+02;6.153900642e-03
3.604265747e+02;5.861280020e-03
3.606419373e+02;4.690797534e-03
3.608572998e+02;5.222835112e-03
3.610726624e+02;2.349832328e-03
3.612880554e+02;3.280898090e-03
3.615034485e+02;4.211963620e-03
3.617188416e+02;4.078954458e-03
3.619342651e+02;3.812935669e-03
3.621496887e+02;5.143029615e-03
3.623651428e+02;3.786333837e-03
3.625805664e+02;4.211963620e-03
3.627960510e+02;1.737989252e-03
3.630115051e+02;3.972546663e-03
3.632269897e+02;4.877010826e-03
3.634424744e+02;5.914483685e-03
3.636579590e+02;4.291769583e-03
3.638734741e+02;4.930214491e-03
3.640889893e+02;4.371575080e-03
3.643045349e+02;6.047493313e-03
3.645200806e+02;2.642452950e-03
3.647356262e+02;6.180502474e-03
3.649511719e+02;3.653324442e-03
3.651667480e+02;6.393317599e-03
3.653823242e+02;3.201092361e-03
3.655979309e+02;1.924202428e-03
3.658135376e+02;4.265167285e-03
3.660291443e+02;5.488853902e-03
3.662447815e+02;3.041481134e-03
3.664604187e+02;4.797204863e-03
3.666760559e+02;3.440509317e-03
3.668917236e+02;2.802064409e-03
3.671073914e+02;4.557788372e-03
3.673230591e+02;4.504584242e-03
3.675387268e+02;4.291769583e-03
3.677544250e+02;4.797204863e-03
3.679701538e+02;5.302640609e-03
3.681858826e+02;6.499724928e-03
3.684016113e+02;3.440509317e-03
3.686173401e+02;6.765743718e-03
3.688330994e+02;2.881869907e-03
3.690488586e+02;5.276038777e-03
3.692646179e+02;3.121286863e-03
3.694804077e+02;4.052352626e-03
3.696961975e+02;4.983418155e-03
3.699119873e+02;2.509443555e-03
3.701278076e+02;2.881869907e-03
3.703436279e+02;3.360703820e-03
3.705594788e+02;1.312359236e-03
3.707752991e+02;2.429638058e-03
3.709911804e+02;3.307499923e-03
3.712070312e+02;4.078954458e-03
3.714229126e+02;4.477982409e-03
3.716387939e+02;5.568659399e-03
3.718547058e+02;5.728270859e-03
3.720706177e+02;5.010019988e-03
3.722865295e+02;6.499724928e-03
3.725024414e+02;5.036621820e-03
3.727183838e+02;6.765743718e-03
3.729343262e+02;4.584390204e-03
3.731502991e+02;5.382446107e-03
3.733662720e+02;4.664195701e-03
3.735822449e+02;2.296628663e-03
3.737982483e+02;5.249436945e-03
3.740142517e+02;4.797204863e-03
3.742302551e+02;3.759731771e-03
3.744462891e+02;3.626722377e-03
3.746623230e+02;4.344973247e-03
3.748783569e+02;4.770603031e-03
3.750944214e+02;4.211963620e-03
3.753104858e+02;4.078954458e-03
3.755265503e+02;7.537198253e-03
3.757426453e+02;5.409048405e-03
3.759587402e+02;6.845549680e-03
3.761748352e+02;4.930214491e-03
3.763909607e+02;5.355844274e-03
3.766070862e+02;6.446521264e-03
3.768232117e+02;6.100696977e-03
3.770393677e+02;3.307499923e-03
3.772555237e+02;4.637593869e-03
3.774717102e+02;5.089825485e-03
3.776878662e+02;6.925355177e-03
3.779040833e+02;3.546916880e-03
3.781202698e+02;2.615851117e-03
3.783364868e+02;5.010019988e-03
3.785527039e+02;5.914483685e-03
3.787689514e+02;3.280898090e-03
3.789851685e+02;4.770603031e-03
3.792014465e+02;4.185361788e-03
3.794176941e+02;5.914483685e-03
3.796339722e+02;5.355844274e-03
3.798502502e+02;5.701669026e-03
3.800665588e+02;6.792345550e-03
3.802828674e+02;5.196233280e-03
3.804991760e+02;7.909624837e-03
3.807154846e+02;6.872151513e-03
3.809318237e+02;6.260308437e-03
3.811481934e+02;5.914483685e-03
3.813645325e+02;5.754872691e-03
3.815809021e+02;5.808076356e-03
3.817973022e+02;2.536045620e-03
3.820136719e+02;5.435650237e-03
3.822300720e+02;5.967687815e-03
3.824465027e+02;4.823806696e-03
3.826629028e+02;6.606132723e-03
3.828793335e+02;5.169631448e-03
3.830957947e+02;5.435650237e-03
3.833122253e+02;5.754872691e-03
3.835286865e+02;6.074095145e-03
3.837451782e+02;7.989429869e-03
3.839616394e+02;7.909624837e-03
3.841781616e+02;9.106708691e-03
3.843946533e+02;4.398176912e-03
3.846111755e+02;7.191373967e-03
3.848276978e+02;7.005160674e-03
3.850442200e+02;6.845549680e-03
3.852607727e+02;4.291769583e-03
3.854773254e+02;8.787486702e-03
3.856939087e+02;5.329242442e-03
3.859104614e+02;6.180502474e-03
3.861270752e+02;6.446521264e-03
3.863436584e+02;6.606132723e-03
3.865602722e+02;6.765743718e-03
3.867768860e+02;7.829818875e-03
3.869935303e+02;5.701669026e-03
3.872101746e+02;9.665348567e-03
3.874268188e+02;8.521467447e-03
3.876434631e+02;8.601273410e-03
3.878601379e+02;8.494866081e-03
3.880768127e+02;5.887881853e-03
3.882935181e+02;8.494866081e-03
3.885102234e+02;8.734283037e-03
3.887269287e+02;9.053505026e-03
3.889436646e+02;7.005160674e-03
3.891604004e+02;7.670207880e-03
3.893771362e+02;7.297781296e-03
3.895939026e+02;4.956816323e-03
3.898106689e+02;6.286910269e-03
3.900274353e+02;6.180502474e-03
3.902442322e+02;9.026903659e-03
3.904610291e+02;6.446521264e-03
3.906778259e+02;6.552929059e-03
3.908946533e+02;8.255449124e-03
3.911114807e+02;7.883022539e-03
3.913283081e+02;8.361856453e-03
3.915451660e+02;1.019738615e-02
3.917620239e+02;9.798358195e-03
3.919788818e+02;1.022398751e-02
3.921957703e+02;9.851561859e-03
3.924126587e+02;1.091563702e-02
3.926295776e+02;1.049000677e-02
3.928464661e+02;1.104864571e-02
3.930634155e+02;7.962828502e-03
3.932803345e+02;1.046340447e-02
3.934972839e+02;1.059641410e-02
3.937142334e+02;1.051660813e-02
3.939311829e+02;9.053505026e-03
3.941481628e+02;8.441662416e-03
3.943651428e+02;9.000301361e-03
3.945821533e+02;7.164772134e-03
3.947991638e+02;8.255449124e-03
3.950161743e+02;9.957969189e-03
3.952332153e+02;8.760884404e-03
3.954502258e+02;1.229893416e-02
3.956672974e+02;1.067622006e-02
3.958843384e+02;9.851561859e-03
3.961014099e+02;1.293737907e-02
3.963184814e+02;1.049000677e-02
3.965355835e+02;7.883022539e-03
3.967526855e+02;9.931366891e-03
3.969697876e+02;1.203291584e-02
3.971869202e+02;1.386844460e-02
3.974040527e+02;1.131466497e-02
3.976211853e+02;8.335254155e-03
3.978383484e+02;9.984570555e-03
3.980555115e+02;8.920495398e-03
3.982726746e+02;9.106708691e-03
3.984898682e+02;9.771755897e-03
3.987070618e+02;1.280436944e-02
3.989242554e+02;1.115505304e-02
3.991414795e+02;1.166048925e-02
3.993587036e+02;1.091563702e-02
3.995759277e+02;1.158068329e-02
3.997931824e+02;1.429407485e-02
4.000104370e+02;1.054321043e-02
4.002276917e+02;1.559756696e-02
4.004449768e+02;1.307038870e-02
4.006622620e+02;1.166048925e-02
4.008795776e+02;1.261815708e-02
4.010968933e+02;1.373543590e-02
4.013142090e+02;1.245854516e-02
4.015315247e+02;1.458669547e-02
4.017488708e+02;1.187330391e-02
4.019662170e+02;1.253835112e-02
4.021835938e+02;1.022398751e-02
4.024009399e+02;1.259155478e-02
4.026183472e+02;1.397485193e-02
4.028357239e+02;1.304378640e-02
4.030531311e+02;1.389504690e-02
4.032705383e+02;1.344281528e-02
4.034879761e+02;1.264475845e-02
4.037054138e+02;1.501232572e-02
4.039228516e+02;1.424087118e-02
4.041402893e+02;1.719367877e-02
4.043577576e+02;1.381524093e-02
4.045752563e+02;1.761930995e-02
4.047927246e+02;1.400145423e-02
4.050102234e+02;1.565076970e-02
4.052277222e+02;1.450688951e-02
4.054452515e+02;1.735329069e-02
4.056627808e+02;1.647542790e-02
4.058803101e+02;1.477290876e-02
4.060978699e+02;1.235213783e-02
4.063154297e+02;1.517193671e-02
4.065329895e+02;1.421426889e-02
4.067505798e+02;1.240534149e-02
4.069681702e+02;1.354922261e-02
4.071857605e+02;1.461329777e-02
4.074033813e+02;1.841736585e-02
4.076210022e+02;1.565076970e-02
4.078386230e+02;1.658183709e-02
4.080562744e+02;1.615620591e-02
4.082739258e+02;1.857697777e-02
4.084915771e+02;1.652863249e-02
4.087092590e+02;1.700746641e-02
4.089269409e+02;1.804493926e-02
4.091446533e+02;1.676804945e-02
4.093623352e+02;1.759270765e-02
4.095800781e+02;1.711387374e-02
4.097977905e+02;1.780552231e-02
4.100155334e+02;1.583698392e-02
4.102332764e+02;1.735329069e-02
4.104510193e+02;1.796513423e-02
4.106687927e+02;1.796513423e-02
4.108865662e+02;1.679465175e-02
4.111043701e+02;1.886959746e-02
4.113221741e+02;1.825775392e-02
4.115399780e+02;1.958784834e-02
4.117577820e+02;1.929522678e-02
4.119756165e+02;1.876319014e-02
4.121934509e+02;2.067852579e-02
4.124113159e+02;2.062532119e-02
4.126291809e+02;1.815134659e-02
4.128470459e+02;2.038590424e-02
4.130649414e+02;2.067852579e-02
4.132828369e+02;1.932182908e-02
4.135007324e+02;1.878979243e-02
4.137186279e+02;2.035930194e-02
4.139365540e+02;1.902920939e-02
4.141545105e+02;2.030609921e-02
4.143724365e+02;1.855037548e-02
4.145903931e+02;1.966765337e-02
4.148083801e+02;1.974746026e-02
4.150263367e+02;2.113075741e-02
4.152443237e+02;2.230123989e-02
4.154623413e+02;2.115735970e-02
4.156803284e+02;2.113075741e-02
4.158983459e+02;2.211502567e-02
4.161163940e+02;2.126376703e-02
4.163344116e+02;2.278007381e-02
4.165524597e+02;2.323230542e-02
4.167705383e+02;2.256725915e-02
4.169885864e+02;2.442939021e-02
4.172066650e+02;2.216823027e-02
4.174247742e+02;2.200861834e-02
4.176428833e+02;2.520084381e-02
4.178609924e+02;2.530725114e-02
4.180791016e+02;2.355152741e-02
4.182972412e+02;2.546686307e-02
4.185153809e+02;2.371113934e-02
4.187335205e+02;2.299288847e-02
4.189516907e+02;2.248745225e-02
4.191698608e+02;2.496142685e-02
4.193880615e+02;2.397715859e-02
4.196062622e+02;2.474861220e-02
4.198244629e+02;2.605210431e-02
4.200426636e+02;2.677035518e-02
4.202608948e+02;2.567967772e-02
4.204791260e+02;2.621171623e-02
4.206973877e+02;2.759501338e-02
4.209156494e+02;2.690336481e-02
4.211339111e+02;2.661074325e-02
4.213521729e+02;2.626491897e-02
4.215704651e+02;2.557327040e-02
4.217887573e+02;2.799404040e-02
4.220070801e+02;2.280667610e-02
4.222254028e+02;2.453579754e-02
4.224437256e+02;2.682355791e-02
4.226620789e+02;2.530725114e-02
4.228804321e+02;2.583928965e-02
4.230987854e+02;2.642453089e-02
4.233171692e+02;2.900491282e-02
4.235355225e+02;2.778122574e-02
4.237539368e+02;2.591909468e-02
4.239723206e+02;3.121286817e-02
4.241907349e+02;2.919112518e-02
4.244091797e+02;2.964335680e-02
4.246275940e+02;2.932413481e-02
4.248460388e+02;3.062762693e-02
4.250645142e+02;2.724918909e-02
4.252829590e+02;2.974976413e-02
4.255014343e+02;2.935073711e-02
4.257199402e+02;2.921772748e-02
4.259384155e+02;2.990937606e-02
4.261569214e+02;3.025520034e-02
4.263754578e+02;3.084044158e-02
4.265939941e+02;2.972316369e-02
4.268125305e+02;2.924432978e-02
4.270310669e+02;3.131927550e-02
4.272496338e+02;3.062762693e-02
4.274682007e+02;3.046801500e-02
4.276867676e+02;2.980296873e-02
4.279053650e+02;3.150548786e-02
4.281239624e+02;3.073403426e-02
4.283425903e+02;3.264936805e-02
4.285611877e+02;3.400606662e-02
4.287798157e+02;3.485732526e-02
4.289984741e+02;3.427208215e-02
4.292171326e+02;3.179810941e-02
4.294357910e+02;3.671945632e-02
4.296544495e+02;3.602780774e-02
4.298731384e+02;3.320800886e-02
4.300918274e+02;3.254296258e-02
4.303105469e+02;3.578839079e-02
4.305292664e+02;3.530955687e-02
4.307479858e+02;3.387305513e-02
4.309667053e+02;3.546916693e-02
4.311854553e+02;3.347402811e-02
4.314042358e+02;3.496373445e-02
4.316229858e+02;3.743770719e-02
4.318417664e+02;3.653324395e-02
4.320605469e+02;3.725149482e-02
4.322793579e+02;3.682586551e-02
4.324981689e+02;3.770372644e-02
4.327169800e+02;3.951265290e-02
4.329358215e+02;3.528295457e-02
4.331546631e+02;4.073633999e-02
4.333735046e+02;3.788993880e-02
4.335923462e+02;4.028410837e-02
4.338112183e+02;3.951265290e-02
4.340301208e+02;4.084274918e-02
4.342489929e+02;3.826236725e-02
4.344678955e+02;3.773032874e-02
4.346868286e+02;3.624062240e-02
4.349057312e+02;4.062993079e-02
4.351246643e+02;3.903381899e-02
4.353436279e+02;3.967226669e-02
4.355625610e+02;4.012449831e-02
4.357815247e+02;4.041711614e-02
4.360005188e+02;3.919343278e-02
4.362194824e+02;4.031071067e-02
4.364384766e+02;4.480642825e-02
4.366575012e+02;4.246546328e-02
4.368765259e+02;4.188022017e-02
4.370955505e+02;4.249206558e-02
4.373145752e+02;4.446060210e-02
4.375336304e+02;4.515225068e-02
4.377526855e+02;4.273147881e-02
4.379717407e+02;4.573749378e-02
4.381908264e+02;4.121517390e-02
4.384099121e+02;4.390196502e-02
4.386290283e+02;4.211963713e-02
4.388481140e+02;4.196002707e-02
4.390672607e+02;4.475322366e-02
4.392863770e+02;4.430099204e-02
4.395055237e+02;4.560448229e-02
4.397246704e+02;4.371574894e-02
4.399438171e+02;4.648234695e-02
4.401629944e+02;4.698777944e-02
4.403821716e+02;4.645574465e-02
4.406013794e+02;4.672176391e-02
4.408205872e+02;4.634933546e-02
4.410397949e+02;4.355613887e-02
4.412590332e+02;4.922233894e-02
4.414782410e+02;4.674836248e-02
4.416975098e+02;4.725379869e-02
4.419167480e+02;4.879670963e-02
4.421360168e+02;4.956816137e-02
4.423552856e+02;4.892971739e-02
4.425745850e+02;4.863709584e-02
4.427938843e+02;5.111107230e-02
4.430131836e+02;4.842428118e-02
4.432325134e+02;4.996719211e-02
4.434518433e+02;5.230815709e-02
4.436711731e+02;5.220174789e-02
4.438905029e+02;5.103126541e-02
4.441098633e+02;5.371805653e-02
4.443292542e+02;5.310621113e-02
4.445486145e+02;5.063223839e-02
4.447680054e+02;5.023321137e-02
4.449874268e+02;5.355844274e-02
4.452068176e+02;5.129728466e-02
4.454262390e+02;5.733590946e-02
4.456456909e+02;5.329242721e-02
4.458651123e+02;5.310621113e-02
4.460845642e+02;5.174951628e-02
4.463040466e+02;5.467572436e-02
4.465234985e+02;5.233475938e-02
4.467429810e+02;5.302640796e-02
4.469624939e+02;5.377126113e-02
4.471819763e+02;5.691028014e-02
4.474014893e+02;5.531416833e-02
4.476210327e+02;5.635164306e-02
4.478405457e+02;5.704329163e-02
4.480601196e+02;5.736251175e-02
4.482796631e+02;5.935765430e-02
4.484992371e+02;5.898522586e-02
4.487188110e+02;5.978328362e-02
4.489383850e+02;6.082075834e-02
4.491579895e+02;6.071434915e-02
4.493775940e+02;6.223065779e-02
4.495972290e+02;5.922464281e-02
4.498168335e+02;6.382676959e-02
4.500364685e+02;6.082075834e-02
4.502561340e+02;5.938425660e-02
4.504757996e+02;6.273609400e-02
4.506954651e+02;6.108677387e-02
4.509151306e+02;6.225725636e-02
4.511348267e+02;6.262968481e-02
4.513545227e+02;6.039512530e-02
4.515742493e+02;6.231046095e-02
4.517939758e+02;6.223065779e-02
4.520137024e+02;6.318832189e-02
4.522334290e+02;6.510365754e-02
4.524531860e+02;6.459822506e-02
4.526729431e+02;6.890773028e-02
4.528927307e+02;6.531647593e-02
4.531125183e+02;6.779044867e-02
4.533323059e+02;6.582190841e-02
4.535521240e+02;6.358735263e-02
4.537719421e+02;6.590171158e-02
4.539917603e+02;6.856190413e-02
4.542115784e+02;6.765744090e-02
4.544314270e+02;6.802986562e-02
4.546513062e+02;6.840229034e-02
4.548711548e+02;6.680618227e-02
4.550910339e+02;7.005161047e-02
4.553109131e+02;7.045063376e-02
4.555308228e+02;6.818947941e-02
4.557507324e+02;6.975898892e-02
4.559706421e+02;6.951957196e-02
4.561905823e+02;7.074325532e-02
4.564105225e+02;7.465372980e-02
4.566304626e+02;7.207334787e-02
4.568504333e+02;7.241917402e-02
4.570704041e+02;7.007820904e-02
4.572903748e+02;7.683508843e-02
4.575103760e+02;7.553159446e-02
4.577303772e+02;7.635625452e-02
4.579503784e+02;7.491975278e-02
4.581704102e+02;7.555819303e-02
4.583904419e+02;7.470693439e-02
4.586104736e+02;7.606363297e-02
4.588305359e+02;7.638285309e-02
4.590505981e+02;8.082536608e-02
4.592706604e+02;7.518576831e-02
4.594907532e+02;7.656906545e-02
4.597108459e+02;7.667547464e-02
4.599309692e+02;7.941547036e-02
4.601510620e+02;7.909624279e-02
4.603711853e+02;8.380477875e-02
4.605913391e+02;8.082536608e-02
4.608114929e+02;8.327274024e-02
4.610316467e+02;8.138401061e-02
4.612518005e+02;8.074556291e-02
4.614719849e+02;8.274070174e-02
4.616921692e+02;8.601273596e-02
4.619123535e+02;8.476244658e-02
4.621325684e+02;8.548069745e-02
4.623527832e+02;8.619894832e-02
4.625730286e+02;8.641175926e-02
4.627932739e+02;8.657137305e-02
4.630135193e+02;8.742263168e-02
4.632337646e+02;8.707680553e-02
4.634540405e+02;8.598612994e-02
4.636743164e+02;8.734282851e-02
4.638946228e+02;8.827389032e-02
4.641149292e+02;8.955078572e-02
4.643352356e+02;8.973699808e-02
4.645555420e+02;8.915175498e-02
4.647758789e+02;8.806107938e-02
4.649962158e+02;9.013602138e-02
4.652165833e+02;9.245038778e-02
4.654369507e+02;9.109368920e-02
4.656573181e+02;9.146612138e-02
4.658777161e+02;9.354106337e-02
4.660980835e+02;9.620124847e-02
4.663185120e+02;9.415290505e-02
4.665389099e+02;9.066805989e-02
4.667593384e+02;9.234397858e-02
4.669797668e+02;9.484455734e-02
4.672002258e+02;9.473814815e-02
4.674206848e+02;9.197155386e-02
4.676411438e+02;9.425931424e-02
4.678616333e+02;9.753134847e-02
4.680821228e+02;9.787716717e-02
4.683026123e+02;9.742493927e-02
4.685231323e+02;9.620124847e-02
4.687436523e+02;9.622785449e-02
4.689641724e+02;9.625445306e-02
4.691847229e+02;9.675989300e-02
4.694052734e+02;1.041818187e-01
4.696258240e+02;1.012556106e-01
4.698464050e+02;1.041552126e-01
4.700669861e+02;9.939347953e-02
4.702875671e+02;1.042084172e-01
4.705081787e+02;9.777076542e-02
4.707287903e+02;1.004841551e-01
4.709494019e+02;9.934027493e-02
4.711700439e+02;9.737173468e-02
4.713906860e+02;1.003777459e-01
4.716113281e+02;1.021866724e-01
4.718320007e+02;9.644066542e-02
4.720526733e+02;1.020270661e-01
4.722733459e+02;1.020536646e-01
4.724940491e+02;1.029049233e-01
4.727147522e+02;1.053522974e-01
4.729354553e+02;9.827619791e-02
4.731561890e+02;1.022930816e-01
4.733769226e+02;1.033571586e-01
4.735976868e+02;1.024260893e-01
4.738184204e+02;1.071346253e-01
4.740391846e+02;1.069484130e-01
4.742599792e+02;1.037295833e-01
4.744807739e+02;1.060173437e-01
4.747015686e+02;1.057779267e-01
4.749223633e+02;1.070016176e-01
4.751431885e+02;1.089435518e-01
4.753640137e+02;1.062833667e-01
4.755848694e+02;1.088371426e-01
4.758056946e+02;1.089169458e-01
4.760265503e+02;1.095819995e-01
4.762474365e+02;1.091563627e-01
4.764683228e+02;1.085445210e-01
4.766892090e+02;1.079060808e-01
4.769100952e+02;1.105928645e-01
4.771310120e+02;1.079858840e-01
4.773519287e+02;1.091563627e-01
4.775728760e+02;1.108322814e-01
4.777938232e+02;1.096618026e-01
4.780147705e+02;1.110184938e-01
4.782357178e+02;1.130402386e-01
4.784566956e+02;1.133860648e-01
4.786777039e+02;1.154078096e-01
4.788986816e+02;1.145033464e-01
4.791196899e+02;1.121091768e-01
4.793406982e+02;1.120559722e-01
4.795617371e+02;1.127476171e-01
4.797827759e+02;1.102736443e-01
4.800038147e+02;1.114707291e-01
4.802248535e+02;1.105396599e-01
4.804459229e+02;1.113377213e-01
4.806670227e+02;1.119229645e-01
4.808880920e+02;1.154078096e-01
4.811091919e+02;1.118165553e-01
4.813302917e+02;1.165250838e-01
4.815514221e+02;1.152747944e-01
4.817725525e+02;1.162856668e-01
4.819936829e+02;1.162058637e-01
4.822148438e+02;1.164984852e-01
4.824360046e+02;1.158600375e-01
4.826571655e+02;1.159132421e-01
4.828783569e+02;1.173497438e-01
4.830995483e+02;1.217124537e-01
4.833207397e+02;1.165250838e-01
4.835419617e+02;1.194246933e-01
4.837631836e+02;1.167379022e-01
4.839844055e+02;1.194512919e-01
4.842056580e+02;1.217390522e-01
4.844269104e+02;1.201429442e-01
4.846481628e+02;1.216326430e-01
4.848694458e+02;1.196109056e-01
4.850907288e+02;1.189724579e-01
4.853120117e+02;1.208877936e-01
4.855333252e+02;1.195044965e-01
4.857546387e+02;1.209942028e-01
4.859759521e+02;1.228829324e-01
4.861972961e+02;1.245854571e-01
4.864186401e+02;1.231223494e-01
4.866399841e+02;1.242662296e-01
4.868613586e+02;1.226701215e-01
4.870827332e+02;1.240268126e-01
4.873041077e+02;1.257825345e-01
4.875255127e+02;1.234415770e-01
4.877469177e+02;1.295334101e-01
4.879683228e+02;1.249046773e-01
4.881897583e+02;1.237607971e-01
4.884111938e+02;1.249312758e-01
4.886326599e+02;1.254101098e-01
4.888540955e+02;1.240800172e-01
4.890755615e+02;1.235745847e-01
4.892970581e+02;1.246918589e-01
4.895185547e+02;1.266071945e-01
4.897400513e+02;1.252239048e-01
4.899615479e+02;1.267136037e-01
4.901830750e+02;1.275116652e-01
4.904046021e+02;1.305442750e-01
4.906261597e+02;1.282565147e-01
4.908476868e+02;1.287619472e-01
4.910692749e+02;1.286023408e-01
4.912908325e+02;1.300388426e-01
4.915124207e+02;1.288417578e-01
4.917340088e+02;1.269796193e-01
4.919555969e+02;1.320605874e-01
4.921772156e+02;1.300388426e-01
4.923988342e+02;1.304644644e-01
4.926204834e+02;1.309965104e-01
4.928421326e+02;1.314221323e-01
4.930637817e+02;1.317147613e-01
4.932854309e+02;1.325926185e-01
4.935071106e+02;1.283895224e-01
4.937287903e+02;1.327256262e-01
4.939505005e+02;1.282565147e-01
4.941722107e+02;1.301186383e-01
4.943939209e+02;1.292939931e-01
4.946156616e+02;1.358912587e-01
4.948373718e+02;1.290279627e-01
4.950591431e+02;1.340291202e-01
4.952808838e+02;1.344547570e-01
4.955026550e+02;1.314753443e-01
4.957244263e+02;1.327522248e-01
4.959462280e+02;1.325926185e-01
4.961680298e+02;1.287353486e-01
4.963898315e+02;1.295600086e-01
4.966116638e+02;1.319275647e-01
4.968334961e+02;1.303846687e-01
4.970553284e+02;1.305442750e-01
4.972771606e+02;1.306506842e-01
4.974990234e+02;1.316881478e-01
4.977209167e+02;1.316881478e-01
4.979427795e+02;1.258889437e-01
4.981646729e+02;1.328852326e-01
4.983865662e+02;1.328054368e-01
4.986084900e+02;1.311029196e-01
4.988304138e+02;1.316083521e-01
4.990523376e+02;1.335502863e-01
4.992742920e+02;1.339227110e-01
4.994962463e+02;1.323266029e-01
4.997182007e+02;1.328320354e-01
4.999401855e+02;1.322201937e-01
5.001621704e+02;1.312891245e-01
5.003841553e+02;1.273786575e-01
5.006061707e+02;1.257559359e-01
5.008281860e+02;1.298260242e-01
5.010502014e+02;1.289481670e-01
5.012722473e+02;1.278308779e-01
5.014942932e+02;1.271392405e-01
5.017163391e+02;1.267136037e-01
5.019384155e+02;1.260485500e-01
5.021604919e+02;1.271126270e-01
5.023825684e+02;1.233351678e-01
5.026046753e+02;1.306772828e-01
5.028267822e+02;1.266604066e-01
5.030488892e+02;1.245056465e-01
5.032710266e+02;1.258091331e-01
5.034931641e+02;1.287885457e-01
5.037153015e+02;1.268200129e-01
5.039374695e+02;1.270594299e-01
5.041596375e+02;1.233617663e-01
5.043818054e+02;1.194512919e-01
5.046040039e+02;1.228829324e-01
5.048262024e+02;1.194246933e-01
5.050484314e+02;1.206217781e-01
5.052706299e+02;1.202227473e-01
5.054928589e+02;1.181744039e-01
5.057151184e+02;1.224307045e-01
5.059373779e+02;1.180413961e-01
5.061596375e+02;1.159930453e-01
5.063818970e+02;1.151151881e-01
5.066041870e+02;1.189990565e-01
5.068264771e+02;1.140777096e-01
5.070487671e+02;1.166314930e-01
5.072710876e+02;1.131998524e-01
5.074934082e+02;1.149821803e-01
5.077157593e+02;1.133860648e-01
5.079380798e+02;1.144501418e-01
5.081604614e+02;1.134126633e-01
5.083828125e+02;1.155674160e-01
5.086051941e+02;1.096085981e-01
5.088275757e+02;1.127742231e-01
5.090499573e+02;1.092095673e-01
5.092723694e+02;1.106992736e-01
5.094947815e+02;1.080656871e-01
5.097172241e+02;1.075602546e-01
5.099396667e+02;1.072144285e-01
5.101621094e+02;1.084115133e-01
5.103845520e+02;1.057247221e-01
5.106070251e+02;1.065759808e-01
5.108294983e+02;1.068952084e-01
5.110520020e+02;1.051926836e-01
5.112745056e+02;1.103002429e-01
5.114970093e+02;1.042616218e-01
5.117195129e+02;1.057513282e-01
5.119420471e+02;1.087839380e-01
5.121646118e+02;1.078528762e-01
5.123871460e+02;1.018940508e-01
5.126096802e+02;1.070016176e-01
5.128322754e+02;1.064961776e-01
5.130548706e+02;1.051128805e-01
5.132774658e+02;1.029049233e-01
5.135000610e+02;1.034635678e-01
5.137226562e+02;1.026389077e-01
5.139452515e+02;1.022664830e-01
5.141679077e+02;9.798357636e-02
5.143905640e+02;9.965949506e-02
5.146132202e+02;1.015482321e-01
5.148358765e+02;1.026123017e-01
5.150585327e+02;1.018940508e-01
5.152812500e+02;1.021600738e-01
5.155039062e+02;1.018674523e-01
5.157266235e+02;1.000319198e-01
5.159493408e+02;1.045010388e-01
5.161720581e+02;1.026655063e-01
5.163947754e+02;1.047670543e-01
5.166175537e+02;1.024792939e-01
5.168402710e+02;1.029581279e-01
5.170630493e+02;1.000053212e-01
5.172858276e+02;9.981910884e-02
5.175086060e+02;1.022398770e-01
5.177314453e+02;9.795697778e-02
5.179542236e+02;9.795697778e-02
5.181770630e+02;1.017344445e-01
5.183999023e+02;9.819639474e-02
5.186227417e+02;9.987231344e-02
5.188455811e+02;9.902104735e-02
5.190684204e+02;9.957969189e-02
5.192912598e+02;9.973929822e-02
5.195141602e+02;9.944668412e-02
5.197370605e+02;1.011492014e-01
5.199599609e+02;9.896785021e-02
5.201828613e+02;9.915406257e-02
5.204057617e+02;9.702590853e-02
5.206287231e+02;1.005373597e-01
5.208516235e+02;9.840920568e-02
5.210745850e+02;1.024260893e-01
5.212975464e+02;9.806338698e-02
5.215205078e+02;1.001649350e-01
5.217435303e+02;9.790377319e-02
5.219664917e+02;1.002447382e-01
5.221895142e+02;9.904765338e-02
5.224125366e+02;9.779736400e-02
5.226355591e+02;9.888803959e-02
5.228585815e+02;9.713231772e-02
5.230816040e+02;9.851561487e-02
5.233046875e+02;9.824959934e-02
5.235277100e+02;9.867522866e-02
5.237507935e+02;9.936687350e-02
5.239738770e+02;9.737173468e-02
5.241969604e+02;1.019738615e-01
5.244201050e+02;1.014418229e-01
5.246431885e+02;1.013088152e-01
5.248663330e+02;1.018408462e-01
5.250894775e+02;1.049000621e-01
5.253126221e+02;1.023196802e-01
5.255357666e+02;9.723872691e-02
5.257589111e+02;9.864862263e-02
5.259821167e+02;9.952648729e-02
5.262053223e+02;1.024792939e-01
5.264285278e+02;9.878163040e-02
5.266517334e+02;9.654707462e-02
5.268749390e+02;9.668008238e-02
5.270981445e+02;1.015216261e-01
5.273214111e+02;1.008033752e-01
5.275446167e+02;9.870182723e-02
5.277678833e+02;1.001649350e-01
5.279911499e+02;9.942007810e-02
5.282144165e+02;1.003245413e-01
5.284377441e+02;9.572242200e-02
5.286610107e+02;1.040488034e-01
5.288843384e+02;9.758455306e-02
5.291076660e+02;1.021600738e-01
5.293309937e+02;9.920726717e-02
5.295543213e+02;1.012290046e-01
5.297777100e+02;9.723872691e-02
5.300010376e+02;9.606824070e-02
5.302244263e+02;9.936687350e-02
5.304478149e+02;9.731853008e-02
5.306712036e+02;9.545639902e-02
5.308945923e+02;9.351446480e-02
5.311179810e+02;9.564261138e-02
5.313414307e+02;9.673328698e-02
5.315648804e+02;9.378048033e-02
5.317883301e+02;9.460514039e-02
5.320117798e+02;9.335485101e-02
5.322352295e+02;9.596183151e-02
5.324586792e+02;9.519038349e-02
5.326821899e+02;9.157252312e-02
5.329057007e+02;9.213116765e-02
5.331291504e+02;9.322184324e-02
5.333527222e+02;9.074787050e-02
5.335762329e+02;9.221097082e-02
5.337997437e+02;9.205135703e-02
5.340233154e+02;9.072126448e-02
5.342468262e+02;8.811428398e-02
5.344703979e+02;8.558710665e-02
5.346939697e+02;8.513487130e-02
5.349176025e+02;8.486885577e-02
5.351411743e+02;8.167662472e-02
5.353648071e+02;8.441662043e-02
5.355883789e+02;7.952187210e-02
5.358120117e+02;8.180963993e-02
5.360356445e+02;7.981449366e-02
5.362593384e+02;7.968148589e-02
5.364829712e+02;7.779275626e-02
5.367066650e+02;8.005391061e-02
5.369302979e+02;7.728731632e-02
5.371539917e+02;7.867061347e-02
5.373776855e+02;7.829818875e-02
5.376014404e+02;7.789915800e-02
5.378251343e+02;7.209995389e-02
5.380488892e+02;7.462713122e-02
5.382726440e+02;7.257878780e-02
5.384963379e+02;6.999840587e-02
5.387201538e+02;7.074325532e-02
5.389439087e+02;6.888112426e-02
5.391676636e+02;6.720520556e-02
5.393914795e+02;6.422580034e-02
5.396152954e+02;6.318832189e-02
5.398391113e+02;6.510365754e-02
5.400629272e+02;6.380016357e-02
5.402867432e+02;6.324152648e-02
5.405105591e+02;6.358735263e-02
5.407344360e+02;6.252327561e-02
5.409583130e+02;6.071434915e-02
5.411821899e+02;5.943745747e-02
5.414060669e+02;5.653785542e-02
5.416299438e+02;5.704329163e-02
5.418538818e+02;6.020891294e-02
5.420777588e+02;5.613882467e-02
5.423016968e+02;5.691028014e-02
5.425256348e+02;5.536737293e-02
5.427495728e+02;5.206874013e-02
5.429735107e+02;4.978097603e-02
5.431975098e+02;4.672176391e-02
5.434214478e+02;4.829127342e-02
5.436454468e+02;4.642914236e-02
5.438694458e+02;4.900952429e-02
5.440934448e+02;4.877010733e-02
5.443174438e+02;4.342313111e-02
5.445415039e+02;4.249206558e-02
5.447655640e+02;4.358274117e-02
5.449895630e+02;4.214623943e-02
5.452136230e+02;4.477982596e-02
5.454376831e+02;4.238565639e-02
5.456618042e+02;4.321031272e-02
5.458858643e+02;3.953925520e-02
5.461099854e+02;4.150779545e-02
5.463341064e+02;4.158759862e-02
5.465582275e+02;4.009789601e-02
5.467823486e+02;3.727809712e-02
5.470064697e+02;3.725149482e-02
5.472306519e+02;3.847518191e-02
5.474547729e+02;3.469771519e-02
5.476789551e+02;3.536276147e-02
5.479031372e+02;3.366024047e-02
5.481273193e+02;3.169170022e-02
5.483515015e+02;3.381985053e-02
5.485757446e+02;3.086704388e-02
5.487999878e+02;3.663964942e-02
5.490241699e+02;3.185131401e-02
5.492484131e+02;3.219713643e-02
5.494726562e+02;3.118626587e-02
5.496969604e+02;3.028180264e-02
5.499212036e+02;3.233014792e-02
5.501455078e+02;3.145228326e-02
5.503698120e+02;3.153209016e-02
5.505941162e+02;3.142568469e-02
5.508184204e+02;2.951034904e-02
5.510427246e+02;2.831326425e-02
5.512670898e+02;2.927093208e-02
5.514913940e+02;2.974976413e-02
5.517157593e+02;2.605210431e-02
5.519401245e+02;2.714278176e-02
5.521644897e+02;2.541365847e-02
5.523889160e+02;2.871229127e-02
5.526132812e+02;2.754180878e-02
5.528377075e+02;2.613190934e-02
5.530621338e+02;2.703637443e-02
5.532865601e+02;2.639792860e-02
5.535109863e+02;2.796743996e-02
5.537354126e+02;2.849947661e-02
5.539598999e+02;2.708957717e-02
5.541843262e+02;2.847287431e-02
5.544088135e+02;2.700977214e-02
5.546333008e+02;2.815365233e-02
5.548577881e+02;2.826005965e-02
5.550823364e+02;2.865908854e-02
5.553068237e+02;2.756841108e-02
5.555313721e+02;2.567967772e-02
5.557559204e+02;2.440278791e-02
5.559804688e+02;2.719598450e-02
5.562050171e+02;2.637132630e-02
5.564295654e+02;2.583928965e-02
5.566541748e+02;2.567967772e-02
5.568787231e+02;2.796743996e-02
5.571033325e+02;2.740879916e-02
5.573279419e+02;2.722258680e-02
5.575525513e+02;2.951034904e-02
5.577772217e+02;3.084044158e-02
5.580018311e+02;2.972316369e-02
5.582265015e+02;3.084044158e-02
5.584511719e+02;3.166510165e-02
5.586758423e+02;3.254296258e-02
5.589005127e+02;3.259616718e-02
5.591251831e+02;3.379325196e-02
5.593499146e+02;3.448490053e-02
5.595745850e+02;3.339422122e-02
5.597993164e+02;3.161189705e-02
5.600240479e+02;3.453810140e-02
5.602488403e+02;3.381985053e-02
5.604735718e+02;3.376664966e-02
5.606983032e+02;3.618741781e-02
5.609230957e+02;3.693227097e-02
5.611478882e+02;3.448490053e-02
5.613726807e+02;3.733129799e-02
5.615974731e+02;3.855498508e-02
5.618223267e+02;4.201323166e-02
5.620471191e+02;4.230584949e-02
5.622719727e+02;4.422118515e-02
5.624968262e+02;4.275808111e-02
5.627216797e+02;4.595030844e-02
5.629465332e+02;4.653554782e-02
5.631713867e+02;4.744001105e-02
5.633963013e+02;5.217514560e-02
5.636211548e+02;5.020660907e-02
5.638460693e+02;4.967457056e-02
5.640709839e+02;5.278699100e-02
5.642958984e+02;5.137709156e-02
5.645208740e+02;5.310621113e-02
5.647457886e+02;5.688367784e-02
5.649707642e+02;5.933105201e-02
5.651957397e+02;6.047493219e-02
5.654207153e+02;6.127298996e-02
5.656456909e+02;6.595491618e-02
5.658707275e+02;6.576870382e-02
5.660957031e+02;6.917374581e-02
5.663207397e+02;7.396208495e-02
5.665457764e+02;7.460052520e-02
5.667708130e+02;7.944206893e-02
5.669958496e+02;8.311312646e-02
5.672208862e+02;8.340574801e-02
5.674459839e+02;8.806107938e-02
5.676710205e+02;8.949758112e-02
5.678961182e+02;9.253019094e-02
5.681212158e+02;9.495096654e-02
5.683463745e+02;9.660027921e-02
5.685714722e+02;1.018674523e-01
5.687966309e+02;1.055119112e-01
5.690217285e+02;1.066823900e-01
5.692468872e+02;1.087307334e-01
5.694720459e+02;1.161526591e-01
5.696972046e+02;1.214464307e-01
5.699224243e+02;1.244790480e-01
5.701475830e+02;1.280170977e-01
5.703728027e+02;1.325128078e-01
5.705980225e+02;1.390302777e-01
5.708232422e+02;1.407593936e-01
5.710484619e+02;1.471438408e-01
5.712736816e+02;1.514267474e-01
5.714989624e+02;1.566141099e-01
5.717242432e+02;1.640094370e-01
5.719495239e+02;1.704204828e-01
5.721748047e+02;1.745703816e-01
5.724000854e+02;1.833755970e-01
5.726253662e+02;1.842268556e-01
5.728507080e+02;1.929522753e-01
5.730760498e+02;1.951868385e-01
5.733013306e+02;1.985652745e-01
5.735266724e+02;2.110415548e-01
5.737520752e+02;2.157500833e-01
5.739774170e+02;2.217355072e-01
5.742028198e+02;2.271622866e-01
5.744281616e+02;2.329348922e-01
5.746535645e+02;2.358611077e-01
5.748789673e+02;2.409420609e-01
5.751043701e+02;2.495344728e-01
5.753298340e+02;2.559721172e-01
5.755552368e+02;2.652561665e-01
5.757807007e+02;2.730505168e-01
5.760061646e+02;2.775196433e-01
5.762316284e+02;2.850479782e-01
5.764570923e+02;2.850745618e-01
5.766826172e+02;2.964867651e-01
5.769080811e+02;3.164913952e-01
5.771336060e+02;3.178214729e-01
5.773591309e+02;3.231418729e-01
5.775846558e+02;3.336229920e-01
5.778101807e+02;3.421356082e-01
5.780357666e+02;3.467377126e-01
5.782612915e+02;3.518186808e-01
5.784868774e+02;3.625126481e-01
5.787124634e+02;3.685778677e-01
5.789380493e+02;3.699345589e-01
5.791636353e+02;3.820118010e-01
5.793892212e+02;3.871991634e-01
5.796148682e+02;3.945679069e-01
5.798405151e+02;4.025218487e-01
5.800661621e+02;4.069111645e-01
5.802918091e+02;4.124975502e-01
5.805174561e+02;4.189352095e-01
5.807431030e+02;4.258250892e-01
5.809688110e+02;4.358007908e-01
5.811944580e+02;4.382215738e-01
5.814201660e+02;4.485431015e-01
5.816458740e+02;4.558586180e-01
5.818716431e+02;4.584922194e-01
5.820973511e+02;4.645042419e-01
5.823231201e+02;4.729636312e-01
5.825488281e+02;4.704364538e-01
5.827745972e+02;4.830191433e-01
5.830003662e+02;4.868232012e-01
5.832261963e+02;4.915583432e-01
5.834519653e+02;4.956816435e-01
5.836777344e+02;5.022256970e-01
5.839035645e+02;5.108978748e-01
5.841293945e+02;5.146753788e-01
5.843552246e+02;5.146221519e-01
5.845810547e+02;5.293862224e-01
5.848069458e+02;5.304502845e-01
5.850327759e+02;5.336956978e-01
5.852586670e+02;5.363292694e-01
5.854845581e+02;5.446822643e-01
5.857104492e+02;5.553230643e-01
5.859363403e+02;5.523968339e-01
5.861622925e+02;5.612286329e-01
5.863881836e+02;5.636494160e-01
5.866141357e+02;5.667352676e-01
5.868400879e+02;5.735186934e-01
5.870660400e+02;5.733324885e-01
5.872919922e+02;5.775089860e-01
5.875180054e+02;5.893734097e-01
5.877439575e+02;5.877241492e-01
5.879699707e+02;5.956248641e-01
5.881959839e+02;6.009452343e-01
5.884219971e+02;6.034990549e-01
5.886480103e+02;6.044300795e-01
5.888740234e+02;6.106815338e-01
5.891000977e+02;6.142994165e-01
5.893261719e+02;6.130757332e-01
5.895522461e+02;6.152304411e-01
5.897783203e+02;6.243283153e-01
5.900043945e+02;6.290900111e-01
5.902304688e+02;6.274141073e-01
5.904566040e+02;6.323354840e-01
5.906827393e+02;6.390923262e-01
5.909088135e+02;6.463014483e-01
5.911350098e+02;6.397308111e-01
5.913611450e+02;6.444659233e-01
5.915872803e+02;6.426303983e-01
5.918134766e+02;6.498926878e-01
5.920396118e+02;6.505311728e-01
5.922658081e+02;6.556653380e-01
5.924920044e+02;6.593097448e-01
5.927182617e+02;6.615177393e-01
5.929444580e+02;6.687534451e-01
5.931707153e+02;6.729831100e-01
5.933969116e+02;6.651622057e-01
5.936231689e+02;6.727703214e-01
5.938494263e+02;6.792345643e-01
5.940757446e+02;6.737545729e-01
5.943020020e+02;6.721584797e-01
5.945282593e+02;6.802986264e-01
5.947545776e+02;6.823204160e-01
5.949808960e+02;6.860446334e-01
5.952072144e+02;6.900615096e-01
5.954335327e+02;6.879333854e-01
5.956599121e+02;6.974302530e-01
5.958862305e+02;6.928281188e-01
5.961126099e+02;6.984677315e-01
5.963389893e+02;7.032826543e-01
5.965653687e+02;7.005426884e-01
5.967917480e+02;7.068739533e-01
5.970181885e+02;7.140830159e-01
5.972445679e+02;7.004096508e-01
5.974710083e+02;7.141628265e-01
5.976974487e+02;7.166101933e-01
5.979238892e+02;7.083104253e-01
5.981503296e+02;7.189777493e-01
5.983768311e+02;7.284214497e-01
5.986032715e+02;7.227286696e-01
5.988297729e+02;7.182595134e-01
5.990562744e+02;7.362157702e-01
5.992827759e+02;7.426002622e-01
5.995092773e+02;7.332097888e-01
5.997357788e+02;7.403922677e-01
5.999623413e+02;7.362955809e-01
6.001889038e+02;7.340876460e-01
6.004154663e+02;7.372000813e-01
6.006420288e+02;7.410573363e-01
6.008685913e+02;7.456594706e-01
6.010951538e+02;7.443293929e-01
6.013217773e+02;7.531346083e-01
6.015484009e+02;7.457392812e-01
6.017749634e+02;7.481600642e-01
6.020015869e+02;7.470693588e-01
6.022282715e+02;7.560874224e-01
6.024548950e+02;7.528951764e-01
6.026815796e+02;7.585879564e-01
6.029082031e+02;7.568854690e-01
6.031348877e+02;7.580293417e-01
6.033615723e+02;7.689360976e-01
6.035883179e+02;7.668877840e-01
6.038150024e+02;7.669675350e-01
6.040416870e+02;7.624718547e-01
6.042684326e+02;7.682976723e-01
6.044951782e+02;7.702395916e-01
6.047219238e+02;7.736978531e-01
6.049486694e+02;7.647330165e-01
6.051754761e+02;7.781935334e-01
6.054022217e+02;7.734051943e-01
6.056290283e+02;7.780073285e-01
6.058558350e+02;7.727933526e-01
6.060826416e+02;7.882224917e-01
6.063094482e+02;7.870519757e-01
6.065363159e+02;7.865199447e-01
6.067631226e+02;7.840725780e-01
6.069899902e+02;7.913880944e-01
6.072168579e+02;7.860144973e-01
6.074437256e+02;7.976129055e-01
6.076705933e+02;7.889673114e-01
6.078974609e+02;7.981981635e-01
6.081243896e+02;7.914679050e-01
6.083513184e+02;8.013904095e-01
6.085781860e+02;8.031992912e-01
6.088051147e+02;7.959104180e-01
6.090321045e+02;8.054870963e-01
6.092590332e+02;7.993686199e-01
6.094860229e+02;7.997144461e-01
6.097129517e+02;8.041569591e-01
6.099399414e+02;8.102487922e-01
6.101669312e+02;8.099561930e-01
6.103939209e+02;8.151435852e-01
6.106209717e+02;8.150105476e-01
6.108479614e+02;8.151169419e-01
6.110750122e+02;8.188678026e-01
6.113020630e+02;8.269547820e-01
6.115291138e+02;8.241615891e-01
6.117561646e+02;8.233635426e-01
6.119832764e+02;8.277528286e-01
6.122103271e+02;8.220866323e-01
6.124374390e+02;8.275666237e-01
6.126645508e+02;8.313972950e-01
6.128916626e+02;8.238955736e-01
6.131187744e+02;8.256779313e-01
6.133458862e+02;8.312909007e-01
6.135730591e+02;8.324880004e-01
6.138002319e+02;8.306258321e-01
6.140273438e+02;8.370103240e-01
6.142545166e+02;8.294287920e-01
6.144817505e+02;8.338978887e-01
6.147089233e+02;8.401493430e-01
6.149361572e+02;8.390852213e-01
6.151633301e+02;8.344299197e-01
6.153905640e+02;8.373561502e-01
6.156177979e+02;8.399631381e-01
6.158450317e+02;8.409739733e-01
6.160723267e+02;8.433149457e-01
6.162995605e+02;8.412134051e-01
6.165268555e+02;8.517477512e-01
6.167541504e+02;8.437938094e-01
6.169814453e+02;8.445652127e-01
6.172087402e+02;8.515615463e-01
6.174360352e+02;8.518009186e-01
6.176633911e+02;8.547537327e-01
6.178907471e+02;8.416922092e-01
6.181180420e+02;8.492205739e-01
6.183453979e+02;8.505772352e-01
6.185728149e+02;8.572277427e-01
6.188001709e+02;8.531044126e-01
6.190275879e+02;8.568819165e-01
6.192549438e+02;8.649422526e-01
6.194823608e+02;8.595154881e-01
6.197097778e+02;8.699434400e-01
6.199371948e+02;8.581587672e-01
6.201646729e+02;8.631865382e-01
6.203920898e+02;8.589834571e-01
6.206195679e+02;8.632929325e-01
6.208470459e+02;8.627077341e-01
6.210745239e+02;8.541153073e-01
6.213020020e+02;8.702892661e-01
6.215294800e+02;8.626279235e-01
6.217570190e+02;8.656073213e-01
6.219844971e+02;8.629737496e-01
6.222120361e+02;8.573873639e-01
6.224395752e+02;8.602071404e-01
6.226671143e+02;8.690389395e-01
6.228947144e+02;8.667511940e-01
6.231222534e+02;8.708478808e-01
6.233498535e+02;8.650752902e-01
6.235774536e+02;8.694114089e-01
6.238050537e+02;8.703956604e-01
6.240326538e+02;8.754765987e-01
6.242602539e+02;8.754500151e-01
6.244879150e+02;8.750509620e-01
6.247155762e+02;8.702892661e-01
6.249431763e+02;8.726035953e-01
6.251708374e+02;8.699434400e-01
6.253985596e+02;8.728430271e-01
6.256262207e+02;8.746519685e-01
6.258538818e+02;8.792274594e-01
6.260816040e+02;8.733218908e-01
6.263093262e+02;8.747849464e-01
6.265370483e+02;8.747849464e-01
6.267647705e+02;8.734016418e-01
6.269924927e+02;8.824462891e-01
6.272202759e+02;8.784560561e-01
6.274480591e+02;8.810629845e-01
6.276757812e+02;8.789880872e-01
6.279035645e+02;8.884583116e-01
6.281314087e+02;8.839892149e-01
6.283591919e+02;8.832975626e-01
6.285869751e+02;8.807171583e-01
6.288148193e+02;8.870750070e-01
6.290426636e+02;8.873676658e-01
6.292705078e+02;8.834039569e-01
6.294983521e+02;8.812758327e-01
6.297261963e+02;8.779506087e-01
6.299541016e+02;8.902140856e-01
6.301819458e+02;8.854523301e-01
6.304098511e+02;8.848670721e-01
6.306377563e+02;8.911451101e-01
6.308656616e+02;8.900012374e-01
6.310936279e+02;8.854523301e-01
6.313215332e+02;8.933796883e-01
6.315494995e+02;8.802915812e-01
6.317774658e+02;8.899480104e-01
6.320054321e+02;8.926348090e-01
6.322333984e+02;8.888041377e-01
6.324613647e+02;8.923687935e-01
6.326893921e+02;8.910387158e-01
6.329173584e+02;8.906130791e-01
6.331453857e+02;8.977689743e-01
6.333734131e+02;8.964921236e-01
6.336014404e+02;8.968911171e-01
6.338294678e+02;8.888839483e-01
6.340575562e+02;8.999503255e-01
6.342855835e+02;9.008548260e-01
6.345136719e+02;8.971305490e-01
6.347417603e+02;9.035682082e-01
6.349698486e+02;9.044460654e-01
6.351979980e+02;9.045524597e-01
6.354260864e+02;9.000301361e-01
6.356542358e+02;8.983808160e-01
6.358823853e+02;9.040204287e-01
6.361105347e+02;9.014400244e-01
6.363386841e+02;9.072392583e-01
6.365668335e+02;9.018390775e-01
6.367949829e+02;9.065741897e-01
6.370231934e+02;9.089151621e-01
6.372514038e+02;9.021583200e-01
6.374796143e+02;9.089151621e-01
6.377078247e+02;9.079043269e-01
6.379360352e+02;9.051908851e-01
6.381643066e+02;8.972635269e-01
6.383925171e+02;9.093142152e-01
6.386207886e+02;9.082767367e-01
6.388490601e+02;9.089151621e-01
6.390773315e+02;9.068402052e-01
6.393056030e+02;9.109368920e-01
6.395339355e+02;9.092344046e-01
6.397622070e+02;9.168957472e-01
6.399905396e+02;9.099133015e-01
6.402188721e+02;9.085460305e-01
6.404472046e+02;9.147743583e-01
6.406755371e+02;9.240044355e-01
6.409039307e+02;9.263799191e-01
6.411323242e+02;9.198244214e-01
6.413606567e+02;9.241554141e-01
6.415890503e+02;9.179527164e-01
6.418174438e+02;9.168843031e-01
6.420458984e+02;9.253876209e-01
6.422742920e+02;9.190203547e-01
6.425027466e+02;9.238970280e-01
6.427311401e+02;9.186983109e-01
6.429595947e+02;9.261711240e-01
6.431880493e+02;9.150044918e-01
6.434165649e+02;9.169346094e-01
6.436450195e+02;9.106190801e-01
6.438735352e+02;9.262402058e-01
6.441019897e+02;9.218801856e-01
6.443305054e+02;9.123141766e-01
6.445590210e+02;9.161127210e-01
6.447875977e+02;9.186371565e-01
6.450161133e+02;9.070437551e-01
6.452446899e+02;9.109193683e-01
6.454732056e+02;9.097431302e-01
6.457017822e+02;8.889814615e-01
6.459303589e+02;9.232795238e-01
6.461589966e+02;9.106784463e-01
6.463875732e+02;9.063426852e-01
6.466162109e+02;9.260438085e-01
6.468447876e+02;9.142671227e-01
6.470734253e+02;9.015898705e-01
6.473020630e+02;9.256767631e-01
6.475307617e+02;9.355842471e-01
6.477593994e+02;9.291142225e-01
6.479880981e+02;9.259127378e-01
6.482167358e+02;9.204508662e-01
6.484454346e+02;9.296832681e-01
6.486741333e+02;9.015775919e-01
6.489028320e+02;9.214316010e-01
6.491315918e+02;9.181960821e-01
6.493602905e+02;9.077895284e-01
6.495890503e+02;9.126926661e-01
6.498178101e+02;9.106442928e-01
6.500465698e+02;9.065741897e-01
6.502753296e+02;9.000833631e-01
6.505041504e+02;8.987532854e-01
6.507329102e+02;9.079043269e-01
6.509617310e+02;8.984606266e-01
6.511905518e+02;9.025307298e-01
6.514193726e+02;8.992055058e-01
6.516481934e+02;8.988064528e-01
6.518770142e+02;9.023445249e-01
6.521058960e+02;8.934860826e-01
6.523347778e+02;8.959600329e-01
6.525636597e+02;8.949491978e-01
6.527925415e+02;8.935924768e-01
6.530214233e+02;9.015996456e-01
6.532503052e+02;9.020785093e-01
6.534792480e+02;9.018656611e-01
6.537081299e+02;8.984606266e-01
6.539370728e+02;9.007217884e-01
6.541660156e+02;8.946565986e-01
6.543949585e+02;8.871814609e-01
6.546239624e+02;8.947629929e-01
6.548529053e+02;8.922889829e-01
6.550819092e+02;8.877933025e-01
6.553109131e+02;8.960930705e-01
6.555399170e+02;8.993119001e-01
6.557689209e+02;8.969975114e-01
6.559979248e+02;8.925018311e-01
6.562269897e+02;8.933796883e-01
6.564560547e+02;9.008015990e-01
6.566851196e+02;8.936457038e-01
6.569141846e+02;8.915441632e-01
6.571432495e+02;8.896288276e-01
6.573723145e+02;8.921294212e-01
6.576014404e+02;8.907727003e-01
6.578305054e+02;8.952684402e-01
6.580596313e+02;8.988064528e-01
6.582887573e+02;8.840424418e-01
6.585178833e+02;8.801053166e-01
6.587470703e+02;8.913047314e-01
6.589761963e+02;8.797329068e-01
6.592053833e+02;8.886977434e-01
6.594345703e+02;8.862769604e-01
6.596637573e+02;8.821004629e-01
6.598929443e+02;8.839892149e-01
6.601221313e+02;8.902140856e-01
6.603513794e+02;8.824197054e-01
6.605805664e+02;8.800255656e-01
6.608098145e+02;8.808236122e-01
6.610390625e+02;8.856917620e-01
6.612683105e+02;8.755032420e-01
6.614975586e+02;8.836699724e-01
6.617268677e+02;8.804777861e-01
6.619561768e+02;8.874474764e-01
6.621854248e+02;8.753702044e-01
6.624147339e+02;8.707149029e-01
6.626441040e+02;8.835104108e-01
6.628734131e+02;8.803447485e-01
6.631027222e+02;8.773919344e-01
6.633320923e+02;8.758490682e-01
6.635614624e+02;8.739868999e-01
6.637908325e+02;8.821004629e-01
6.640202026e+02;8.738805056e-01
6.642495728e+02;8.776579499e-01
6.644790039e+02;8.733750582e-01
6.647083740e+02;8.808236122e-01
6.649378052e+02;8.725770116e-01
6.651672363e+02;8.803979754e-01
6.653966675e+02;8.726568222e-01
6.656260986e+02;8.785624504e-01
6.658555908e+02;8.755032420e-01
6.660850220e+02;8.719651699e-01
6.663145142e+02;8.713799119e-01
6.665440063e+02;8.762480617e-01
6.667734985e+02;8.650487065e-01
6.670030518e+02;8.680546880e-01
6.672325439e+02;8.657137156e-01
6.674620972e+02;8.737208843e-01
6.676915894e+02;8.686133623e-01
6.679211426e+02;8.741731048e-01
6.681506958e+02;8.692252040e-01
6.683803101e+02;8.646230698e-01
6.686098633e+02;8.661127687e-01
6.688394775e+02;8.657669425e-01
6.690690308e+02;8.664053679e-01
6.692986450e+02;8.659265637e-01
6.695282593e+02;8.726568222e-01
6.697579346e+02;8.760086298e-01
6.699875488e+02;8.688793778e-01
6.702172241e+02;8.713799119e-01
6.704468384e+02;8.632929325e-01
6.706765137e+02;8.661659360e-01
6.709061890e+02;8.739070892e-01
6.711359253e+02;8.682408929e-01
6.713656006e+02;8.572010994e-01
6.715953369e+02;8.633993864e-01
6.718250122e+02;8.622820973e-01
6.720547485e+02;8.672566414e-01
6.722844849e+02;8.587174416e-01
6.725142822e+02;8.560306430e-01
6.727440186e+02;8.628141284e-01
6.729738159e+02;8.671236038e-01
6.732035522e+02;8.560040593e-01
6.734333496e+02;8.608189821e-01
6.736631470e+02;8.658467531e-01
6.738929443e+02;8.599677086e-01
6.741228027e+02;8.642506003e-01
6.743526001e+02;8.598347306e-01
6.745824585e+02;8.568021059e-01
6.748123169e+02;8.637185693e-01
6.750421753e+02;8.504442573e-01
6.752720337e+02;8.601273298e-01
6.755019531e+02;8.547537327e-01
6.757318115e+02;8.598347306e-01
6.759617310e+02;8.639314175e-01
6.761916504e+02;8.646496534e-01
6.764215698e+02;8.532640338e-01
6.766514893e+02;8.574405313e-01
6.768814087e+02;8.505772352e-01
6.771113892e+02;8.607125878e-01
6.773413696e+02;8.620160818e-01
6.775712891e+02;8.576001525e-01
6.778012695e+02;8.598080873e-01
6.780313110e+02;8.637452126e-01
6.782612915e+02;8.553655744e-01
6.784912720e+02;8.605263829e-01
6.787213135e+02;8.632131815e-01
6.789513550e+02;8.598613143e-01
6.791813965e+02;8.553922176e-01
6.794114380e+02;8.570148945e-01
6.796415405e+02;8.506038785e-01
6.798715820e+02;8.582119942e-01
6.801016846e+02;8.511624932e-01
6.803317871e+02;8.575735688e-01
6.805618896e+02;8.575203419e-01
6.807919922e+02;8.576533794e-01
6.810220947e+02;8.498324156e-01
6.812522583e+02;8.542749286e-01
6.814823608e+02;8.474648595e-01
6.817125244e+02;8.528650403e-01
6.819426880e+02;8.573075533e-01
6.821728516e+02;8.508432508e-01
6.824030151e+02;8.628407121e-01
6.826332397e+02;8.552325964e-01
6.828634644e+02;8.590100408e-01
6.830936279e+02;8.517743349e-01
6.833238525e+02;8.593558669e-01
6.835540771e+02;8.569085002e-01
6.837843628e+02;8.524659872e-01
6.840145874e+02;8.545143604e-01
6.842448730e+02;8.541685343e-01
6.844751587e+02;8.564030528e-01
6.847054443e+02;8.511359096e-01
6.849357300e+02;8.481830955e-01
6.851660156e+02;8.557646275e-01
6.853963623e+02;8.605795503e-01
6.856266479e+02;8.543280959e-01
6.858569946e+02;8.460283279e-01
6.860873413e+02;8.532640338e-01
6.863176880e+02;8.503112197e-01
6.865480347e+02;8.554986119e-01
6.867784424e+02;8.505240679e-01
6.870087891e+02;8.512157202e-01
6.872391968e+02;8.465337753e-01
6.874696045e+02;8.416922092e-01
6.877000122e+02;8.462943435e-01
6.879304199e+02;8.449642658e-01
6.881608887e+02;8.480500579e-01
6.883912964e+02;8.410803676e-01
6.886217651e+02;8.411070108e-01
6.888522339e+02;8.398566842e-01
6.890827026e+02;8.408675790e-01
6.893131714e+02;8.362654448e-01
6.895437012e+02;8.434745669e-01
6.897741699e+02;8.328338265e-01
6.900046997e+02;8.464007378e-01
6.902352295e+02;8.306790590e-01
6.904657593e+02;8.346161246e-01
6.906962891e+02;8.292691708e-01
6.909268799e+02;8.334988356e-01
6.911574097e+02;8.368507028e-01
6.913880005e+02;8.413463831e-01
6.916185913e+02;8.350417614e-01
6.918491821e+02;8.337116838e-01
6.920797729e+02;8.291095495e-01
6.923104248e+02;8.323283792e-01
6.925410156e+02;8.332062364e-01
6.927716675e+02;8.333924413e-01
6.930023193e+02;8.324081898e-01
6.932329712e+02;8.367176652e-01
6.934636230e+02;8.340042830e-01
6.936942749e+02;8.290031552e-01
6.939249878e+02;8.347757459e-01
6.941557007e+02;8.264493346e-01
6.943864136e+02;8.317165375e-01
6.946171265e+02;8.250926733e-01
6.948478394e+02;8.268218040e-01
6.950785522e+02;8.261301517e-01
6.953093262e+02;8.287104964e-01
6.955400391e+02;8.299075961e-01
6.957708130e+02;8.238689899e-01
6.960015869e+02;8.308386803e-01
6.962323608e+02;8.192136288e-01
6.964631958e+02;8.079078794e-01
6.966939697e+02;8.187348247e-01
6.969248047e+02;8.261035085e-01
6.971556396e+02;8.251724839e-01
6.973864746e+02;8.155425787e-01
6.976173096e+02;8.247468472e-01
6.978481445e+02;8.206501603e-01
6.980790405e+02;8.199585080e-01
6.983099365e+02;8.173249364e-01
6.985407715e+02;8.269814253e-01
6.987716675e+02;8.108074665e-01
6.990025635e+02;8.179633617e-01
6.992335205e+02;8.102222085e-01
6.994644165e+02;8.259439468e-01
6.996953735e+02;8.141859174e-01
6.999263306e+02;8.121109605e-01
7.001572876e+02;8.163672686e-01
7.003882446e+02;8.227517009e-01
7.006192017e+02;8.257576823e-01
7.008502197e+02;8.234965801e-01
7.010811768e+02;8.062053323e-01
7.013121948e+02;8.192136288e-01
7.015432129e+02;8.150371313e-01
7.017742310e+02;8.181761503e-01
7.020052490e+02;8.125365973e-01
7.022363281e+02;8.158884048e-01
7.024674072e+02;8.109138608e-01
7.026984253e+02;8.178835511e-01
7.029295044e+02;8.156756163e-01
7.031605835e+02;8.187082410e-01
7.033917236e+02;8.230709434e-01
7.036228027e+02;8.159947991e-01
7.038539429e+02;8.129622340e-01
7.040850220e+02;8.100094199e-01
7.043161621e+02;8.115789294e-01
7.045473022e+02;8.104882240e-01
7.047785034e+02;8.112596869e-01
7.050096436e+02;8.129622340e-01
7.052408447e+02;8.126695752e-01
7.054719849e+02;8.166332841e-01
7.057031860e+02;8.070566058e-01
7.059343872e+02;8.104882240e-01
7.061656494e+02;8.176973462e-01
7.063968506e+02;8.142923117e-01
7.066281128e+02;8.005125523e-01
7.068593140e+02;8.174579144e-01
7.070905762e+02;8.143987060e-01
7.073218384e+02;8.136006594e-01
7.075531616e+02;8.201181293e-01
7.077844238e+02;8.132814169e-01
7.080157471e+02;8.168726563e-01
7.082470093e+02;8.187082410e-01
7.084783325e+02;8.162342310e-01
7.087096558e+02;8.147711158e-01
7.089409790e+02;8.107276559e-01
7.091723633e+02;8.108606339e-01
7.094036865e+02;8.103552461e-01
7.096350708e+02;8.095837831e-01
7.098664551e+02;8.185752034e-01
7.100978394e+02;8.076418042e-01
7.103292236e+02;8.112331033e-01
7.105606689e+02;8.208097816e-01
7.107920532e+02;8.143721223e-01
7.110234985e+02;8.142390847e-01
7.112549438e+02;8.065245748e-01
7.114863892e+02;8.139464855e-01
7.117178345e+02;8.055669069e-01
7.119492798e+02;8.088389039e-01
7.121807861e+02;8.009913564e-01
7.124122314e+02;7.963892221e-01
7.126437378e+02;7.976927161e-01
7.128752441e+02;8.021086454e-01
7.131067505e+02;7.966552377e-01
7.133383179e+02;8.043165803e-01
7.135698242e+02;7.937556505e-01
7.138013916e+02;7.971341014e-01
7.140329590e+02;8.009115458e-01
7.142645264e+02;7.988898158e-01
7.144960938e+02;7.965222597e-01
7.147276611e+02;7.984375954e-01
7.149592896e+02;7.902973890e-01
7.151908569e+02;7.918403149e-01
7.154224854e+02;7.906964421e-01
7.156541138e+02;7.814123631e-01
7.158857422e+02;7.817848325e-01
7.161173706e+02;7.854026556e-01
7.163490601e+02;7.744958997e-01
7.165806885e+02;7.792310119e-01
7.168123779e+02;7.777945399e-01
7.170440674e+02;7.800557017e-01
7.172757568e+02;7.696809769e-01
7.175075073e+02;7.774221301e-01
7.177391968e+02;7.741234899e-01
7.179709473e+02;7.776615024e-01
7.182026367e+02;7.707184553e-01
7.184343872e+02;7.617536187e-01
7.186661377e+02;7.751609683e-01
7.188979492e+02;7.688031197e-01
7.191296997e+02;7.569386363e-01
7.193615112e+02;7.644137740e-01
7.195933228e+02;7.508468032e-01
7.198250732e+02;7.614876032e-01
7.200569458e+02;7.617802024e-01
7.202887573e+02;7.547572851e-01
7.205205688e+02;7.458722591e-01
7.207524414e+02;7.534804344e-01
7.209842529e+02;7.464309335e-01
7.212161255e+02;7.558479905e-01
7.214479980e+02;7.400198579e-01
7.216799316e+02;7.435579300e-01
7.219118042e+02;7.464042902e-01
7.221437378e+02;7.484526634e-01
7.223756104e+02;7.356837392e-01
7.226075439e+02;7.337684035e-01
7.228394775e+02;7.344866991e-01
7.230714111e+02;7.479737997e-01
7.233034058e+02;7.306293845e-01
7.235353394e+02;7.324915528e-01
7.237673340e+02;7.369340658e-01
7.239993286e+02;7.377321124e-01
7.242313232e+02;7.231010795e-01
7.244633179e+02;7.292194963e-01
7.246953735e+02;7.287938595e-01
7.249273682e+02;7.246705890e-01
7.251594238e+02;7.244577408e-01
7.253914795e+02;7.216911912e-01
7.256235352e+02;7.231010795e-01
7.258555908e+02;7.159983516e-01
7.260876465e+02;7.178072929e-01
7.263197632e+02;7.238991261e-01
7.265518188e+02;7.178072929e-01
7.267839355e+02;7.202280760e-01
7.270160522e+02;7.137371898e-01
7.272481689e+02;7.155461311e-01
7.274803467e+02;7.160781622e-01
7.277124634e+02;7.087626457e-01
7.279446411e+02;7.093744874e-01
7.281768188e+02;7.063418627e-01
7.284089355e+02;7.016599774e-01
7.286411743e+02;7.031762600e-01
7.288733521e+02;6.967918277e-01
7.291055298e+02;7.035753131e-01
7.293377686e+02;6.989199519e-01
7.295700073e+02;6.957543492e-01
7.298022461e+02;6.975366473e-01
7.300344849e+02;7.021920085e-01
7.302667236e+02;6.986805201e-01
7.304990234e+02;6.934133768e-01
7.307312622e+02;6.897689104e-01
7.309635620e+02;6.945306659e-01
7.311958618e+02;6.867629290e-01
7.314281616e+02;6.886782646e-01
7.316604614e+02;6.822406054e-01
7.318928223e+02;6.819479465e-01
7.321251221e+02;6.781172752e-01
7.323574829e+02;6.910989881e-01
7.325898438e+02;6.820544004e-01
7.328222046e+02;6.841825247e-01
7.330545654e+02;6.805380583e-01
7.332869873e+02;6.747388840e-01
7.335193481e+02;6.689396501e-01
7.337517700e+02;6.750048995e-01
7.339841919e+02;6.656410098e-01
7.342166138e+02;6.719722748e-01
7.344490356e+02;6.628744006e-01
7.346815186e+02;6.737545729e-01
7.349139404e+02;6.693652868e-01
7.351464233e+02;6.637789011e-01
7.353789062e+02;6.619167328e-01
7.356113892e+02;6.600812078e-01
7.358438721e+02;6.623690128e-01
7.360763550e+02;6.669179201e-01
7.363088989e+02;6.550800800e-01
7.365414429e+02;6.559047103e-01
7.367739258e+02;6.550534964e-01
7.370065308e+02;6.519942284e-01
7.372390747e+02;6.476049423e-01
7.374716187e+02;6.501055360e-01
7.377042236e+02;6.469132900e-01
7.379367676e+02;6.433486342e-01
7.381693726e+02;6.450511813e-01
7.384019775e+02;6.409012675e-01
7.386345825e+02;6.375228167e-01
7.388672485e+02;6.368578076e-01
7.390998535e+02;6.382676959e-01
7.393325195e+02;6.339049935e-01
7.395651855e+02;6.329473257e-01
7.397978516e+02;6.388263106e-01
7.400305176e+02;6.336123347e-01
7.402631836e+02;6.292230487e-01
7.404959106e+02;6.286112070e-01
7.407285767e+02;6.224927902e-01
7.409613037e+02;6.249135733e-01
7.411940308e+02;6.242750883e-01
7.414267578e+02;6.263766289e-01
7.416594849e+02;6.214020848e-01
7.418922729e+02;6.216681004e-01
7.421250000e+02;6.223331690e-01
7.423577881e+02;6.132885218e-01
7.425905762e+02;6.226524115e-01
7.428233643e+02;6.207636595e-01
7.430562134e+02;6.122510433e-01
7.432890015e+02;6.063454151e-01
7.435218506e+02;6.110539436e-01
7.437546387e+02;6.075159311e-01
7.439874878e+02;6.091918349e-01
7.442203369e+02;6.013177037e-01
7.444532471e+02;6.079947352e-01
7.446860962e+02;5.971145630e-01
7.449190063e+02;5.921932459e-01
7.451518555e+02;5.961303115e-01
7.453847656e+02;5.908897519e-01
7.456176758e+02;5.935499072e-01
7.458506470e+02;5.976465940e-01
7.460835571e+02;5.819249153e-01
7.463164673e+02;5.955450535e-01
7.465494385e+02;5.851969719e-01
7.467824097e+02;5.841860771e-01
7.470153809e+02;5.779080391e-01
7.472483521e+02;5.858353972e-01
7.474813843e+02;5.826697350e-01
7.477143555e+02;5.762853026e-01
7.479473877e+02;5.790253282e-01
7.481804199e+02;5.811002254e-01
7.484134521e+02;5.770567656e-01
7.486464844e+02;5.767109394e-01
7.488795166e+02;5.750882030e-01
7.491126099e+02;5.718693733e-01
7.493457031e+02;5.709915161e-01
7.495787354e+02;5.688633919e-01
7.498118286e+02;5.702201128e-01
7.500449829e+02;5.709117055e-01
7.502780762e+02;5.666554570e-01
7.505111694e+02;5.621064901e-01
7.507443237e+02;5.666022301e-01
7.509774780e+02;5.586216450e-01
7.512106323e+02;5.561476946e-01
7.514437866e+02;5.635696054e-01
7.516769409e+02;5.530884862e-01
7.519101562e+02;5.560413003e-01
7.521433105e+02;5.570787787e-01
7.523765259e+02;5.508805513e-01
7.526097412e+02;5.431127548e-01
7.528429565e+02;5.554294586e-01
7.530762329e+02;5.508007407e-01
7.533094482e+02;5.479010940e-01
7.535427246e+02;5.454537272e-01
7.537759399e+02;5.417826772e-01
7.540092163e+02;5.470498800e-01
7.542425537e+02;5.410112143e-01
7.544758301e+02;5.420221090e-01
7.547091064e+02;5.369943380e-01
7.549424438e+02;5.403462052e-01
7.551757812e+02;5.356110334e-01
7.554090576e+02;5.377125740e-01
7.556424561e+02;5.334829092e-01
7.558757935e+02;5.367017388e-01
7.561091309e+02;5.279496908e-01
7.563425293e+02;5.367815495e-01
7.565759277e+02;5.275772810e-01
7.568092651e+02;5.324985981e-01
7.570426636e+02;5.281625390e-01
7.572761230e+02;5.306099057e-01
7.575095215e+02;5.299182534e-01
7.577429810e+02;5.252363086e-01
7.579763794e+02;5.234805942e-01
7.582098389e+02;5.333498716e-01
7.584432983e+02;5.198627114e-01
7.586767578e+02;5.177611709e-01
7.589102783e+02;5.248904824e-01
7.591437378e+02;5.174685717e-01
7.593772583e+02;5.179207921e-01
7.596107788e+02;5.119353533e-01
7.598442993e+02;5.182932019e-01
7.600778198e+02;5.185592175e-01
7.603113403e+02;5.082909465e-01
7.605449219e+02;5.131590366e-01
7.607785034e+02;5.137442946e-01
7.610120239e+02;5.127600431e-01
7.612456055e+02;5.144625306e-01
7.614792480e+02;5.126270056e-01
7.617128296e+02;5.090357661e-01
7.619464111e+02;5.094348192e-01
7.621800537e+02;5.077854991e-01
7.624136963e+02;5.065085888e-01
7.626473389e+02;4.992196858e-01
7.628809814e+02;5.059765577e-01
7.631146240e+02;4.996985197e-01
7.633483276e+02;5.021458864e-01
7.635819702e+02;4.990600646e-01
7.638156738e+02;5.005763769e-01
7.640493774e+02;4.938993156e-01
7.642830811e+02;4.991398752e-01
7.645167847e+02;4.962402582e-01
7.647505493e+02;4.967457056e-01
7.649842529e+02;4.886055291e-01
7.652180176e+02;4.903612435e-01
7.654517822e+02;4.892173707e-01
7.656855469e+02;4.929150343e-01
7.659193726e+02;4.855197072e-01
7.661531372e+02;4.904144704e-01
7.663869019e+02;4.836841822e-01
7.666207275e+02;4.916115403e-01
7.668545532e+02;4.834447801e-01
7.670883789e+02;4.882065058e-01
7.673222046e+02;4.793746769e-01
7.675560913e+02;4.808909893e-01
7.677899170e+02;4.809175730e-01
7.680238037e+02;4.805717766e-01
7.682576904e+02;4.757302105e-01
7.684915771e+02;4.787362218e-01
7.687254639e+02;4.756770134e-01
7.689594116e+02;4.740011096e-01
7.691932983e+02;4.737882912e-01
7.694272461e+02;4.722985923e-01
7.696611938e+02;4.719793499e-01
7.698951416e+02;4.721123576e-01
7.701290894e+02;4.671112001e-01
7.703630371e+02;4.735222757e-01
7.705970459e+02;4.659673274e-01
7.708309937e+02;4.746927619e-01
7.710650024e+02;4.606203437e-01
7.712990112e+02;4.670314193e-01
7.715330200e+02;4.659407437e-01
7.717670898e+02;4.633603394e-01
7.720010986e+02;4.606203437e-01
7.722351685e+02;4.649032652e-01
7.724692383e+02;4.575877488e-01
7.727033081e+02;4.579601586e-01
7.729373779e+02;4.591040611e-01
7.731714478e+02;4.538102746e-01
7.734055176e+02;4.530388117e-01
7.736396484e+02;4.536772668e-01
7.738737793e+02;4.440207779e-01
7.741079102e+02;4.450582564e-01
7.743420410e+02;4.458829165e-01
7.745761719e+02;4.526397884e-01
7.748103638e+02;4.484367073e-01
7.750444946e+02;4.483036995e-01
7.752786865e+02;4.489687383e-01
7.755128784e+02;4.498997927e-01
7.757470703e+02;4.442867935e-01
7.759812622e+02;4.430897236e-01
7.762155151e+02;4.352953732e-01
7.764497070e+02;4.413073957e-01
7.766839600e+02;4.319435358e-01
7.769182129e+02;4.388866127e-01
7.771524658e+02;4.320499301e-01
7.773867188e+02;4.371042848e-01
7.776209717e+02;4.307996631e-01
7.778552856e+02;4.296025634e-01
7.780895996e+02;4.308262467e-01
7.783239136e+02;4.310390651e-01
7.785582275e+02;4.309326708e-01
7.787925415e+02;4.292301536e-01
7.790268555e+02;4.213825762e-01
7.792612305e+02;4.298419952e-01
7.794955444e+02;4.248674214e-01
7.797299194e+02;4.306666553e-01
7.799642944e+02;4.223934710e-01
7.801986694e+02;4.296823740e-01
7.804331055e+02;4.181903601e-01
7.806674805e+02;4.224200547e-01
7.809019165e+02;4.161952138e-01
7.811363525e+02;4.153971672e-01
7.813707886e+02;4.122049510e-01
7.816052246e+02;4.131626189e-01
7.818396606e+02;4.132690132e-01
7.820741577e+02;4.158760011e-01
7.823085938e+02;4.141202867e-01
7.825430908e+02;4.089329243e-01
7.827775879e+02;4.089063108e-01
7.830120850e+02;4.082944691e-01
7.832465820e+02;4.050224423e-01
7.834811401e+02;4.052352607e-01
7.837156372e+02;4.089063108e-01
7.839501953e+02;4.047298133e-01
7.841847534e+02;4.123113453e-01
7.844193115e+02;4.026282728e-01
7.846539307e+02;3.939560652e-01
7.848884888e+02;4.030804932e-01
7.851231079e+02;4.023622572e-01
7.853576660e+02;4.011917710e-01
7.855922852e+02;4.003671110e-01
7.858269043e+02;3.989039958e-01
7.860615845e+02;3.972546756e-01
7.862962036e+02;3.994892538e-01
7.865308228e+02;3.952595592e-01
7.867655029e+02;3.948073089e-01
7.870001831e+02;3.893273175e-01
7.872348633e+02;3.898061514e-01
7.874695435e+02;3.947009146e-01
7.877042847e+02;3.968024552e-01
7.879389648e+02;3.907638192e-01
7.881737061e+02;3.925461471e-01
7.884084473e+02;3.931579888e-01
7.886431885e+02;3.930781782e-01
7.888779297e+02;3.872789741e-01
7.891126709e+02;3.904978037e-01
7.893474731e+02;3.878642321e-01
7.895822144e+02;3.912692666e-01
7.898170166e+02;3.833684921e-01
7.900518188e+02;3.858690858e-01
7.902866211e+02;3.852306306e-01
7.905214844e+02;3.811073601e-01
7.907562866e+02;3.813733757e-01
7.909911499e+02;3.810275495e-01
7.912260132e+02;3.884494603e-01
7.914608765e+02;3.785801828e-01
7.916957397e+02;3.787929714e-01
7.919306030e+02;3.778353035e-01
7.921655273e+02;3.843793869e-01
7.924003906e+02;3.794580400e-01
7.926353149e+02;3.758135736e-01
7.928702393e+02;3.778087199e-01
7.931051636e+02;3.737652302e-01
7.933400879e+02;3.750687242e-01
7.935750732e+02;3.745366931e-01
7.938099976e+02;3.769574463e-01
7.940449829e+02;3.755741715e-01
7.942799683e+02;3.711050451e-01
7.945149536e+02;3.739780486e-01
7.947499390e+02;3.781279325e-01
7.949849854e+02;3.692429066e-01
7.952199707e+02;3.727277517e-01
7.954550171e+02;3.693227172e-01
7.956900635e+02;3.748027086e-01
7.959251099e+02;3.660772741e-01
7.961601562e+02;3.703867793e-01
7.963952026e+02;3.685778677e-01
7.966303101e+02;3.724883497e-01
7.968654175e+02;3.635235131e-01
7.971004639e+02;3.632042706e-01
7.973355713e+02;3.665561080e-01
7.975707397e+02;3.674871922e-01
7.978058472e+02;3.547448814e-01
7.980410156e+02;3.653058410e-01
7.982761230e+02;3.619008064e-01
7.985112915e+02;3.634968996e-01
7.987464600e+02;3.583893478e-01
7.989816284e+02;3.656250536e-01
7.992167969e+02;3.598258495e-01
7.994520264e+02;3.620338142e-01
7.996872559e+02;3.557823598e-01
7.999224243e+02;3.550375104e-01
8.001576538e+02;3.540798426e-01
8.003928833e+02;3.554099202e-01
8.006281738e+02;3.576444983e-01
8.008634033e+02;3.578573167e-01
8.010986938e+02;3.488924801e-01
8.013339844e+02;3.520846963e-01
8.015692749e+02;3.507546186e-01
8.018045654e+02;3.516856730e-01
8.020398560e+02;3.522177041e-01
8.022751465e+02;3.561281860e-01
8.025104980e+02;3.472431600e-01
8.027458496e+02;3.517654836e-01
8.029812012e+02;3.456736505e-01
8.032165527e+02;3.520581126e-01
8.034519043e+02;3.428538442e-01
8.036872559e+02;3.420823812e-01
8.039226685e+02;3.418163657e-01
8.041580811e+02;3.412843347e-01
8.043934326e+02;3.468441367e-01
8.046288452e+02;3.411247134e-01
8.048643188e+02;3.430400491e-01
8.050997314e+02;3.416567743e-01
8.053352051e+02;3.405660987e-01
8.055706177e+02;3.396616280e-01
8.058060913e+02;3.378793001e-01
8.060415649e+02;3.375068605e-01
8.062770386e+02;3.320534825e-01
8.065125732e+02;3.355117440e-01
8.067480469e+02;3.340220153e-01
8.069835815e+02;3.317076564e-01
8.072191162e+02;3.331441581e-01
8.074546509e+02;3.328249454e-01
8.076901855e+02;3.253232241e-01
8.079257202e+02;3.315746486e-01
8.081613159e+02;3.290208876e-01
8.083968506e+02;3.229290545e-01
8.086324463e+02;3.145760596e-01
8.088680420e+02;3.257488310e-01
8.091036377e+02;3.218383789e-01
8.093392334e+02;3.247645795e-01
8.095748901e+02;3.194974065e-01
8.098104858e+02;3.187525570e-01
8.100461426e+02;3.171032369e-01
8.102817993e+02;3.205880821e-01
8.105174561e+02;3.192845881e-01
8.107531128e+02;3.153209090e-01
8.109888306e+02;3.179810941e-01
8.112244873e+02;3.134321868e-01
8.114602051e+02;3.147888780e-01
8.116959229e+02;3.136183918e-01
8.119316406e+02;3.126341105e-01
8.121673584e+02;3.078457713e-01
8.124031372e+02;3.036958873e-01
8.126388550e+02;3.063826859e-01
8.128746338e+02;2.976306677e-01
8.131104126e+02;3.006366789e-01
8.133461914e+02;3.049461842e-01
8.135819702e+02;3.010888994e-01
8.138177490e+02;2.995460033e-01
8.140535889e+02;2.968060076e-01
8.142894287e+02;3.011420965e-01
8.145252075e+02;2.976306677e-01
8.147610474e+02;3.034298718e-01
8.149969482e+02;2.960345447e-01
8.152327881e+02;2.978168726e-01
8.154686279e+02;2.978434861e-01
8.157045288e+02;2.946512401e-01
8.159404297e+02;2.921506763e-01
8.161763306e+02;2.914856374e-01
8.164122314e+02;2.913260162e-01
8.166481323e+02;2.939330041e-01
8.168840942e+02;2.889850438e-01
8.171199951e+02;2.883998156e-01
8.173559570e+02;2.864046693e-01
8.175919189e+02;2.874421477e-01
8.178278809e+02;2.878411710e-01
8.180638428e+02;2.845691442e-01
8.182998657e+02;2.820153534e-01
8.185358276e+02;2.814301252e-01
8.187718506e+02;2.783708870e-01
8.190078735e+02;2.800734341e-01
8.192438965e+02;2.755511105e-01
8.194799194e+02;2.861918509e-01
8.197160034e+02;2.777058482e-01
8.199520264e+02;2.774132192e-01
8.201881104e+02;2.783708870e-01
8.204241943e+02;2.782911062e-01
8.206602783e+02;2.744338214e-01
8.208963623e+02;2.768279910e-01
8.211325073e+02;2.729175091e-01
8.213685913e+02;2.700711191e-01
8.216047363e+02;2.695656717e-01
8.218408813e+02;2.731303275e-01
8.220770264e+02;2.685548067e-01
8.223131714e+02;2.728376985e-01
8.225493164e+02;2.750456631e-01
8.227855225e+02;2.609998882e-01
8.230216675e+02;2.668522894e-01
8.232578735e+02;2.675439417e-01
8.234940796e+02;2.703105211e-01
8.237302856e+02;2.639260888e-01
8.239665527e+02;2.656019926e-01
8.242027588e+02;2.628619969e-01
8.244390259e+02;2.617447376e-01
8.246752930e+02;2.650699615e-01
8.249115601e+02;2.606806457e-01
8.251478271e+02;2.575150430e-01
8.253840942e+02;2.577544451e-01
8.256203613e+02;2.627289891e-01
8.258566895e+02;2.605476379e-01
8.260930176e+02;2.633142471e-01
8.263293457e+02;2.554400861e-01
8.265656738e+02;2.584992945e-01
8.268020020e+02;2.588185072e-01
8.270383301e+02;2.557061017e-01
8.272747192e+02;2.529661059e-01
8.275111084e+02;2.623299658e-01
8.277474976e+02;2.530193031e-01
8.279838867e+02;2.555464804e-01
8.282202759e+02;2.563179433e-01
8.284566650e+02;2.561051250e-01
8.286931152e+02;2.512103915e-01
8.289295044e+02;2.546952367e-01
8.291659546e+02;2.478053421e-01
8.294024048e+02;2.490822375e-01
8.296388550e+02;2.523010671e-01
8.298753662e+02;2.519286275e-01
8.301118164e+02;2.514764071e-01
8.303483276e+02;2.505453527e-01
8.305848389e+02;2.530991137e-01
8.308213501e+02;2.486566007e-01
8.310578613e+02;2.494014651e-01
8.312943726e+02;2.512369752e-01
8.315309448e+02;2.471136898e-01
8.317674561e+02;2.462358326e-01
8.320040283e+02;2.449855506e-01
8.322406006e+02;2.442672998e-01
8.324771729e+02;2.438416630e-01
8.327138062e+02;2.487896085e-01
8.329503784e+02;2.450387478e-01
8.331870117e+02;2.470338941e-01
8.334235840e+02;2.445067167e-01
8.336602173e+02;2.474595159e-01
8.338968506e+02;2.448525429e-01
8.341335449e+02;2.460496277e-01
8.343701782e+02;2.405962348e-01
8.346068726e+02;2.440544814e-01
8.348435059e+02;2.408622503e-01
8.350802002e+02;2.434958369e-01
8.353168945e+02;2.355418801e-01
8.355535889e+02;2.381754667e-01
8.357903442e+02;2.421125472e-01
8.360270386e+02;2.441342920e-01
8.362637939e+02;2.374838144e-01
8.365005493e+02;2.366857678e-01
8.367373047e+02;2.357280999e-01
8.369740601e+02;2.358877063e-01
8.372108765e+02;2.335733473e-01
8.374476318e+02;2.386808991e-01
8.376844482e+02;2.359941155e-01
8.379212646e+02;2.353024632e-01
8.381580200e+02;2.386808991e-01
8.383948975e+02;2.342383862e-01
8.386317139e+02;2.343447953e-01
8.388685303e+02;2.392927408e-01
8.391054077e+02;2.349034399e-01
8.393422852e+02;2.325092703e-01
8.395791626e+02;2.345044017e-01
8.398160400e+02;2.370581925e-01
8.400529175e+02;2.325358689e-01
8.402898560e+02;2.365527451e-01
8.405267334e+02;2.276677191e-01
8.407636719e+02;2.372443974e-01
8.410006104e+02;2.328284830e-01
8.412375488e+02;2.335733473e-01
8.414744873e+02;2.335733473e-01
8.417114868e+02;2.267632633e-01
8.419484253e+02;2.330147028e-01
8.421854248e+02;2.291308343e-01
8.424224243e+02;2.323496491e-01
8.426594238e+02;2.312855870e-01
8.428964233e+02;2.276943326e-01
8.431334839e+02;2.308067530e-01
8.433704834e+02;2.277209312e-01
8.436075439e+02;2.327752858e-01
8.438446045e+02;2.265504450e-01
8.440816650e+02;2.290776223e-01
8.443187256e+02;2.234912366e-01
8.445557861e+02;2.211502641e-01
8.447929077e+02;2.225867659e-01
8.450299683e+02;2.284657806e-01
8.452670898e+02;2.183038592e-01
8.455042114e+02;2.245021015e-01
8.457413330e+02;2.202990055e-01
8.459785156e+02;2.201127857e-01
8.462156372e+02;2.180112451e-01
8.464528198e+02;2.222409397e-01
8.466899414e+02;2.204852253e-01
8.469271240e+02;2.164949328e-01
8.471643677e+02;2.132495046e-01
8.474015503e+02;2.202724069e-01
8.476387329e+02;2.148722261e-01
8.478759766e+02;2.152446508e-01
8.481132202e+02;2.207778394e-01
8.483504639e+02;2.213896811e-01
8.485877075e+02;2.156170756e-01
8.488249512e+02;2.156436741e-01
8.490621948e+02;2.168407589e-01
8.492994995e+02;2.164151371e-01
8.495368042e+02;2.079025358e-01
8.497740479e+02;2.109883428e-01
8.500113525e+02;2.110947520e-01
8.502487183e+02;2.089932114e-01
8.504860229e+02;2.126110643e-01
8.507233887e+02;2.163885236e-01
8.509606934e+02;2.117065936e-01
8.511980591e+02;2.131164968e-01
8.514354248e+02;2.113341689e-01
8.516727905e+02;2.130632997e-01
8.519102173e+02;2.116533965e-01
8.521475830e+02;2.098710686e-01
8.523850098e+02;2.087803930e-01
8.526224365e+02;2.116267979e-01
8.528598633e+02;2.091528177e-01
8.530972900e+02;2.094454467e-01
8.533347168e+02;2.050029188e-01
8.535721436e+02;2.067852467e-01
8.538096313e+02;2.034334093e-01
8.540471191e+02;2.027683705e-01
8.542846069e+02;2.003209889e-01
8.545220947e+02;2.060403973e-01
8.547595825e+02;1.993633211e-01
8.549971313e+02;2.031673938e-01
8.552346191e+02;1.935375184e-01
8.554721680e+02;1.997889578e-01
8.557097168e+02;2.016776949e-01
8.559472656e+02;2.020235211e-01
8.561848145e+02;1.979268342e-01
8.564224243e+02;1.958518773e-01
8.566599731e+02;1.996825486e-01
8.568975830e+02;1.994697303e-01
8.571351929e+02;1.973681897e-01
8.573728027e+02;1.989111006e-01
8.576104126e+02;1.929256767e-01
8.578480225e+02;1.985386759e-01
8.580856934e+02;1.928990781e-01
8.583233032e+02;1.935907155e-01
8.585609741e+02;1.921808273e-01
8.587986450e+02;1.964637190e-01
8.590363159e+02;1.928192675e-01
8.592740479e+02;1.930054873e-01
8.595117188e+02;1.922606230e-01
8.597494507e+02;1.876053065e-01
8.599871826e+02;1.877649128e-01
8.602249146e+02;1.912497580e-01
8.604626465e+02;1.899196655e-01
8.607003784e+02;1.873924881e-01
8.609381714e+02;1.890684068e-01
8.611759033e+02;1.906379163e-01
8.614136963e+02;1.885895729e-01
8.616514893e+02;1.901324838e-01
8.618892822e+02;1.866210252e-01
8.621270752e+02;1.854505539e-01
8.623649292e+02;1.835086048e-01
8.626027222e+02;1.868338436e-01
8.628405762e+02;1.862220019e-01
8.630784302e+02;1.805292070e-01
8.633162842e+02;1.839342415e-01
8.635541382e+02;1.828967631e-01
8.637919922e+02;1.789596826e-01
8.640299072e+02;1.851579249e-01
8.642678223e+02;1.820189059e-01
8.645057373e+02;1.809016317e-01
8.647436523e+02;1.804759949e-01
8.649815674e+02;1.795449257e-01
8.652194824e+02;1.799173504e-01
8.654574585e+02;1.832958013e-01
8.656953735e+02;1.832691878e-01
8.659333496e+02;1.756610572e-01
8.661713257e+02;1.783212423e-01
8.664093018e+02;1.778956205e-01
8.666472778e+02;1.794119179e-01
8.668853149e+02;1.799439639e-01
8.671233521e+02;1.797843426e-01
8.673613281e+02;1.749162078e-01
8.675993652e+02;1.759802848e-01
8.678374023e+02;1.764325052e-01
8.680755005e+02;1.719899923e-01
8.683135376e+02;1.766187251e-01
8.685516357e+02;1.728944629e-01
8.687896729e+02;1.704470962e-01
8.690277710e+02;1.747299880e-01
8.692658691e+02;1.764059067e-01
8.695040283e+02;1.729210615e-01
8.697421265e+02;1.742245555e-01
8.699802856e+02;1.729742736e-01
8.702183838e+02;1.673080623e-01
8.704565430e+02;1.728412509e-01
8.706947021e+02;1.722294092e-01
8.709328613e+02;1.702874750e-01
8.711710815e+02;1.703140736e-01
8.714092407e+02;1.679997146e-01
8.716474609e+02;1.688243747e-01
8.718856812e+02;1.684785485e-01
8.721239014e+02;1.675474793e-01
8.723621216e+02;1.611364335e-01
8.726003418e+02;1.627591401e-01
8.728386230e+02;1.599659473e-01
8.730768433e+02;1.673612744e-01
8.733151245e+02;1.648872942e-01
8.735534058e+02;1.655257344e-01
8.737916870e+02;1.625463367e-01
8.740299683e+02;1.626261324e-01
8.742683105e+02;1.610300243e-01
8.745066528e+02;1.611364335e-01
8.747449341e+02;1.598063409e-01
8.749832764e+02;1.588220745e-01
8.752216187e+02;1.599659473e-01
8.754600220e+02;1.583964378e-01
8.756983643e+02;1.586358547e-01
8.759367065e+02;1.600723565e-01
8.761751099e+02;1.608438045e-01
8.764135132e+02;1.534484923e-01
8.766519165e+02;1.602319628e-01
8.768903198e+02;1.514799446e-01
8.771287842e+02;1.545125693e-01
8.773671875e+02;1.570929438e-01
8.776056519e+02;1.532090753e-01
8.778441162e+02;1.521183997e-01
8.780825806e+02;1.544859558e-01
8.783210449e+02;1.514267474e-01
8.785595093e+02;1.526238322e-01
8.787980347e+02;1.484207362e-01
8.790364990e+02;1.511075199e-01
8.792750244e+02;1.514799446e-01
8.795135498e+02;1.494050026e-01
8.797520752e+02;1.458669603e-01
8.799906616e+02;1.489261687e-01
8.802291870e+02;1.508149058e-01
8.804677734e+02;1.501232535e-01
8.807062988e+02;1.481547207e-01
8.809448853e+02;1.442708373e-01
8.811834717e+02;1.476226747e-01
8.814221191e+02;1.456807405e-01
8.816607056e+02;1.426747292e-01
8.818993530e+02;1.481015086e-01
8.821379395e+02;1.436323971e-01
8.823765869e+02;1.408126056e-01
8.826152344e+02;1.454147249e-01
8.828539429e+02;1.437654048e-01
8.830925903e+02;1.474364698e-01
8.833312988e+02;1.430737525e-01
8.835699463e+02;1.404401660e-01
8.838086548e+02;1.399613321e-01
8.840473633e+02;1.419564784e-01
8.842860718e+02;1.394293010e-01
8.845248413e+02;1.410520226e-01
8.847635498e+02;1.380193979e-01
8.850023193e+02;1.404401660e-01
8.852410889e+02;1.346409619e-01
8.854798584e+02;1.384184361e-01
8.857186279e+02;1.371681392e-01
8.859573975e+02;1.353060156e-01
8.861961670e+02;1.401209533e-01
8.864349976e+02;1.368223131e-01
8.866738281e+02;1.378863901e-01
8.869126587e+02;1.356252283e-01
8.871514893e+02;1.348005682e-01
8.873903198e+02;1.359444559e-01
8.876292114e+02;1.354922205e-01
8.878680420e+02;1.350931972e-01
8.881069336e+02;1.332576722e-01
8.883458252e+02;1.336300969e-01
8.885847168e+02;1.311029196e-01
8.888236084e+02;1.311827153e-01
8.890625000e+02;1.353060156e-01
8.893014526e+02;1.328586340e-01
8.895404053e+02;1.320605874e-01
8.897793579e+02;1.268732101e-01
8.900183105e+02;1.307836920e-01
8.902572632e+02;1.289481670e-01
8.904962158e+02;1.279372871e-01
8.907352295e+02;1.333374679e-01
8.909741821e+02;1.282299161e-01
8.912131958e+02;1.259953529e-01
8.914522095e+02;1.277776808e-01
8.916912231e+02;1.255431175e-01
8.919302368e+02;1.257825345e-01
8.921693115e+02;1.242928356e-01
8.924083862e+02;1.268732101e-01
8.926473999e+02;1.268732101e-01
8.928864746e+02;1.242396310e-01
8.931255493e+02;1.244790480e-01
8.933646851e+02;1.224040985e-01
8.936037598e+02;1.295600086e-01
8.938428955e+02;1.253303140e-01
8.940819702e+02;1.236011833e-01
8.943211060e+02;1.225371063e-01
8.945602417e+02;1.267402023e-01
8.947994385e+02;1.234415770e-01
8.950385742e+02;1.235479787e-01
8.952777100e+02;1.195577011e-01
8.955169067e+02;1.194246933e-01
8.957561035e+02;1.213400215e-01
8.959953003e+02;1.186000332e-01
8.962344971e+02;1.226435155e-01
8.964737549e+02;1.202493459e-01
8.967129517e+02;1.207015812e-01
8.969522095e+02;1.172965392e-01
8.971914673e+02;1.191586703e-01
8.974307251e+02;1.205153689e-01
8.976699829e+02;1.194512919e-01
8.979092407e+02;1.222444922e-01
8.981484985e+02;1.163122728e-01
8.983878174e+02;1.207281798e-01
8.986271362e+02;1.174561530e-01
8.988664551e+02;1.179083809e-01
8.991057739e+02;1.184138209e-01
8.993450928e+02;1.154610142e-01
8.995844727e+02;1.187596396e-01
8.998237915e+02;1.143437326e-01
9.000631714e+02;1.159664467e-01
9.003025513e+02;1.151949912e-01
9.005419312e+02;1.120027676e-01
9.007813110e+02;1.155408174e-01
9.010206909e+02;1.123751923e-01
9.012601318e+02;1.144501418e-01
9.014995728e+02;1.140245125e-01
9.017390137e+02;1.147427633e-01
9.019784546e+02;1.145565435e-01
9.022178955e+02;1.108854860e-01
9.024573364e+02;1.135190725e-01
9.026968384e+02;1.123751923e-01
9.029362793e+02;1.104598567e-01
9.031757812e+02;1.088371426e-01
9.034152832e+02;1.154344082e-01
9.036547852e+02;1.088105440e-01
9.038943481e+02;1.078794748e-01
9.041338501e+02;1.073208377e-01
9.043734131e+02;1.083051041e-01
9.046129150e+02;1.056715176e-01
9.048524780e+02;1.065759808e-01
9.050920410e+02;1.067089960e-01
9.053316650e+02;1.095553935e-01
9.055712280e+02;1.086243317e-01
9.058108521e+02;1.062833667e-01
9.060504150e+02;1.060439497e-01
9.062900391e+02;1.057247221e-01
9.065296631e+02;1.072676331e-01
9.067693481e+02;1.089967564e-01
9.070089722e+02;1.046606451e-01
9.072486572e+02;1.044478342e-01
9.074882812e+02;1.072942317e-01
9.077279663e+02;1.051926836e-01
9.079676514e+02;1.031709462e-01
9.082073364e+02;1.037561819e-01
9.084470825e+02;1.013354138e-01
9.086867676e+02;1.031709462e-01
9.089265137e+02;1.004043519e-01
9.091662598e+02;1.035965756e-01
9.094060059e+02;1.013354138e-01
9.096457520e+02;1.014418229e-01
9.098854980e+02;1.017610431e-01
9.101252441e+02;9.936687350e-02
9.103650513e+02;9.854222089e-02
9.106048584e+02;9.875503182e-02
9.108446655e+02;1.008033752e-01
9.110844727e+02;9.846241027e-02
9.113242798e+02;9.971269965e-02
9.115641479e+02;1.001117304e-01
9.118039551e+02;9.652047604e-02
9.120438232e+02;9.931366891e-02
9.122836914e+02;9.742493927e-02
9.125235596e+02;9.891464561e-02
9.127634277e+02;9.851561487e-02
9.130032959e+02;9.790377319e-02
9.132432251e+02;9.654707462e-02
9.134831543e+02;9.354106337e-02
9.137230225e+02;9.261000156e-02
9.139629517e+02;9.412630647e-02
9.142029419e+02;9.303563088e-02
9.144428711e+02;9.261000156e-02
9.146828003e+02;9.162572771e-02
9.149227905e+02;9.686630219e-02
9.151627808e+02;9.261000156e-02
9.154027710e+02;9.322184324e-02
9.156427612e+02;9.210456163e-02
9.158827515e+02;9.412630647e-02
9.161228027e+02;9.162572771e-02
9.163627930e+02;9.867522866e-02
9.166028442e+02;9.130650759e-02
9.168428955e+02;9.322184324e-02
9.170829468e+02;9.258339554e-02
9.173229980e+02;9.202475846e-02
9.175631104e+02;9.125330299e-02
9.178031616e+02;9.053505212e-02
9.180432739e+02;9.018922597e-02
9.182833862e+02;9.082767367e-02
9.185234985e+02;8.941777050e-02
9.187636108e+02;8.901874721e-02
9.190037231e+02;8.726302534e-02
9.192438965e+02;8.694379777e-02
9.194840698e+02;8.657137305e-02
9.197241821e+02;8.987000585e-02
9.199643555e+02;8.734282851e-02
9.202045898e+02;8.824729174e-02
9.204447632e+02;8.824729174e-02
9.206849365e+02;8.915175498e-02
9.209251709e+02;8.431021124e-02
9.211654053e+02;8.864632249e-02
9.214056396e+02;8.750243485e-02
9.216458740e+02;8.343235403e-02
9.218861084e+02;9.010942280e-02
9.221264038e+02;8.883253485e-02
9.223666382e+02;8.425700665e-02
9.226069336e+02;8.505506814e-02
9.228472290e+02;8.348555863e-02
9.230875244e+02;8.282050490e-02
9.233278198e+02;8.388458192e-02
9.235681763e+02;8.117119223e-02
9.238084717e+02;8.606594056e-02
9.240488281e+02;8.308652788e-02
9.242891846e+02;8.399099112e-02
9.245295410e+02;8.196924627e-02
9.247698975e+02;8.271410316e-02
9.250102539e+02;8.337914944e-02
9.252506714e+02;8.026672900e-02
9.254910278e+02;8.239487559e-02
9.257314453e+02;8.101157844e-02
9.259718628e+02;8.290031552e-02
9.262122803e+02;8.085197210e-02
9.264527588e+02;8.101157844e-02
9.266931763e+02;8.226186782e-02
9.269336548e+02;8.042634279e-02
9.271741333e+02;7.853760570e-02
9.274146118e+02;7.510596514e-02
9.276550903e+02;7.728731632e-02
9.278955688e+02;7.337684184e-02
9.281360474e+02;7.893663645e-02
9.283765869e+02;7.606363297e-02
9.286171265e+02;7.752673328e-02
9.288576660e+02;7.614343613e-02
9.290982056e+02;7.430791110e-02
9.293387451e+02;7.603702694e-02
9.295792847e+02;7.422810048e-02
9.298198853e+02;7.624984533e-02
9.300604248e+02;7.723411173e-02
9.303010254e+02;7.672867924e-02
9.305416260e+02;7.247237861e-02
9.307822266e+02;7.598382235e-02
9.310228882e+02;7.534538209e-02
9.312634888e+02;7.513256371e-02
9.315041504e+02;7.284480333e-02
9.317448120e+02;7.319062948e-02
9.319854736e+02;7.156791538e-02
9.322261353e+02;7.358966023e-02
9.324667969e+02;6.906733662e-02
9.327075195e+02;7.233937085e-02
9.329481812e+02;7.087626308e-02
9.331889038e+02;7.053044438e-02
9.334296265e+02;7.287140936e-02
9.336703491e+02;7.377587259e-02
9.339110718e+02;7.050383836e-02
9.341518555e+02;7.146150619e-02
9.343925781e+02;6.701899320e-02
9.346333618e+02;7.196694613e-02
9.348741455e+02;6.959937513e-02
9.351149292e+02;6.869491190e-02
9.353557129e+02;6.792345643e-02
9.355964966e+02;6.997179985e-02
9.358373413e+02;6.590171158e-02
9.360781250e+02;6.768403947e-02
9.363189697e+02;6.574210525e-02
9.365598145e+02;6.675297767e-02
9.368006592e+02;6.608793139e-02
9.370415649e+02;6.334793568e-02
9.372824097e+02;6.486424059e-02
9.375233154e+02;6.624753773e-02
9.377642212e+02;6.579530984e-02
9.380051270e+02;6.523666531e-02
9.382460327e+02;6.544948369e-02
9.384869385e+02;6.497064978e-02
9.387278442e+02;6.600812078e-02
9.389688110e+02;6.499724835e-02
9.392097778e+02;6.393317878e-02
9.394507446e+02;6.297551095e-02
9.396917114e+02;6.398638338e-02
9.399326782e+02;6.270948797e-02
9.401736450e+02;6.082075834e-02
9.404146729e+02;6.247007474e-02
9.406556396e+02;5.938425660e-02
9.408966675e+02;6.023551524e-02
9.411376953e+02;6.188483164e-02
9.413787842e+02;5.927784741e-02
9.416198120e+02;5.890542269e-02
9.418608398e+02;6.082075834e-02
9.421019287e+02;6.052813679e-02
9.423430176e+02;5.949066207e-02
9.425841064e+02;6.127298996e-02
9.428251953e+02;6.004930288e-02
9.430662842e+02;5.741571635e-02
9.433074341e+02;5.770833790e-02
9.435485229e+02;5.786794797e-02
9.437896729e+02;5.983648822e-02
9.440308228e+02;5.613882467e-02
9.442719727e+02;5.813396722e-02
9.445131226e+02;5.882561579e-02
9.447543335e+02;5.496834219e-02
9.449954834e+02;5.701668933e-02
9.452366943e+02;5.542057753e-02
9.454779053e+02;5.342543498e-02
9.457191162e+02;5.523436144e-02
9.459603271e+02;5.576639995e-02
9.462015381e+02;5.752212554e-02
9.464428101e+02;5.491514131e-02
9.466840820e+02;5.422349274e-02
9.469252930e+02;5.808076262e-02
9.471665649e+02;5.385106429e-02
9.474078979e+02;5.911823735e-02
9.476491699e+02;5.198893324e-02
9.478904419e+02;5.252097175e-02
9.481317749e+02;5.257417634e-02
9.483731079e+02;5.432989821e-02
9.486144409e+02;5.326582491e-02
9.488557739e+02;5.310621113e-02
9.490971069e+02;5.041942373e-02
9.493384399e+02;5.193572864e-02
9.495798340e+02;5.020660907e-02
9.498212280e+02;5.119087547e-02
9.500626221e+02;5.116427690e-02
9.503040161e+02;5.025980994e-02
9.505454102e+02;5.028641224e-02
9.507868042e+02;4.983418062e-02
9.510282593e+02;4.794544727e-02
9.512697144e+02;5.087165534e-02
9.515111084e+02;4.927554354e-02
9.517525635e+02;4.932874441e-02
9.519940796e+02;5.209534243e-02
9.522355347e+02;4.999379441e-02
9.524769897e+02;5.073864385e-02
9.527185059e+02;4.850408807e-02
9.529600220e+02;4.733360559e-02
9.532015381e+02;4.916913435e-02
9.534430542e+02;4.741341248e-02
9.536845703e+02;4.983418062e-02
9.539261475e+02;4.448720440e-02
9.541676636e+02;4.924894124e-02
9.544092407e+02;4.613652080e-02
9.546508179e+02;4.499264061e-02
9.548923950e+02;4.477982596e-02
9.551339722e+02;4.528526217e-02
9.553756104e+02;4.336992651e-02
9.556171875e+02;4.352953658e-02
9.558588257e+02;4.278468341e-02
9.561004639e+02;4.491283372e-02
9.563421021e+02;4.544487223e-02
9.565837402e+02;4.491283372e-02
9.568253784e+02;4.326351732e-02
9.570670776e+02;4.395516589e-02
9.573087158e+02;4.363594577e-02
9.575504150e+02;4.355613887e-02
9.577921143e+02;4.344972968e-02
9.580338135e+02;4.235905409e-02
9.582755737e+02;4.329011962e-02
9.585172729e+02;4.438079521e-02
9.587590332e+02;3.929983824e-02
9.590007324e+02;4.017769918e-02
9.592424927e+02;3.812935576e-02
9.594843140e+02;3.959245980e-02
9.597260742e+02;4.023090377e-02
9.599678345e+02;3.948605061e-02
9.602096558e+02;4.227924719e-02
9.604514160e+02;3.935304284e-02
9.606932373e+02;3.890081123e-02
9.609350586e+02;3.794314340e-02
9.611769409e+02;4.294429719e-02
9.614187622e+02;3.922003135e-02
9.616605835e+02;4.057672992e-02
9.619024658e+02;3.839537501e-02
9.621443481e+02;3.953925520e-02
9.623862305e+02;3.975206986e-02
9.626281128e+02;4.023090377e-02
9.628699951e+02;3.929983824e-02
9.631119385e+02;3.900721669e-02
9.633538818e+02;3.690566868e-02
9.635957642e+02;3.778353333e-02
9.638377075e+02;3.823576495e-02
9.640796509e+02;3.472431749e-02
9.643216553e+02;3.709188104e-02
9.645635986e+02;3.302179649e-02
9.648056030e+02;3.514994681e-02
9.650475464e+02;3.560217842e-02
9.652895508e+02;3.570858389e-02
9.655315552e+02;3.679926321e-02
9.657735596e+02;3.735790029e-02
9.660156250e+02;3.432528675e-02
9.662576294e+02;3.637363389e-02
9.664996948e+02;3.703868017e-02
9.667417603e+02;3.682586551e-02
9.669838257e+02;3.775693104e-02
9.672258911e+02;3.464451060e-02
9.674679565e+02;3.496373445e-02
9.677100830e+02;3.496373445e-02
9.679522095e+02;3.389965743e-02
9.681942749e+02;3.217053413e-02
9.684364014e+02;3.227694333e-02
9.686785278e+02;3.256956488e-02
9.689207153e+02;2.972316369e-02
9.691628418e+02;3.179810941e-02
9.694050293e+02;3.190451860e-02
9.696471558e+02;3.211733326e-02
9.698893433e+02;3.238335252e-02
9.701315308e+02;3.413907439e-02
9.703737793e+02;3.419227898e-02
9.706159668e+02;3.331441805e-02
9.708582153e+02;3.230354562e-02
9.711004028e+02;3.209073097e-02
9.713426514e+02;3.307500109e-02
9.715848999e+02;3.225034103e-02
9.718271484e+02;3.118626587e-02
9.720694580e+02;3.288878500e-02
9.723117065e+02;3.288878500e-02
9.725540161e+02;2.895170823e-02
9.727963257e+02;3.179810941e-02
9.730386353e+02;3.163849935e-02
9.732809448e+02;3.020199761e-02
9.735232544e+02;3.187791631e-02
9.737655640e+02;2.969656140e-02
9.740079346e+02;2.959015407e-02
9.742503052e+02;3.139908239e-02
9.744926758e+02;2.935073711e-02
9.747350464e+02;3.036160767e-02
9.749774170e+02;3.193111718e-02
9.752197876e+02;3.110646084e-02
9.754622192e+02;3.044141456e-02
9.757046509e+02;2.839306928e-02
9.759470825e+02;3.145228326e-02
9.761895142e+02;2.935073711e-02
9.764319458e+02;2.998918109e-02
9.766743774e+02;3.076063655e-02
9.769168701e+02;2.764821611e-02
9.771593018e+02;2.897831053e-02
9.774017944e+02;2.833986469e-02
9.776442871e+02;2.959015407e-02
9.778867798e+02;2.754180878e-02
9.781292725e+02;2.722258680e-02
9.783718262e+02;2.583928965e-02
9.786143799e+02;2.647773363e-02
9.788568726e+02;2.413676865e-02
9.790994263e+02;2.791423537e-02
9.793419800e+02;2.677035518e-02
9.795845947e+02;2.573288232e-02
9.798271484e+02;2.538705803e-02
9.800697021e+02;2.892510593e-02
9.803123169e+02;2.522744611e-02
9.805549316e+02;2.849947661e-02
9.807975464e+02;2.727579139e-02
9.810401611e+02;2.692996524e-02
9.812828369e+02;2.873889357e-02
9.815254517e+02;2.655754052e-02
9.817681274e+02;2.533385344e-02
9.820108032e+02;2.706297487e-02
9.822534790e+02;2.387075126e-02
9.824961548e+02;2.352492511e-02
9.827388306e+02;2.525404841e-02
9.829815674e+02;2.536045574e-02
9.832242432e+02;2.456239983e-02
9.834669800e+02;2.392395400e-02
9.837097168e+02;2.384414896e-02
9.839524536e+02;2.426977828e-02
9.841951904e+02;2.275347151e-02
9.844379883e+02;2.591909468e-02
9.846807251e+02;2.485501952e-02
9.849235229e+02;2.666394785e-02
9.851663208e+02;2.363133430e-02
9.854091187e+02;2.687676251e-02
9.856519165e+02;2.485501952e-02
9.858947144e+02;2.602550201e-02
9.861375732e+02;2.363133430e-02
9.863804321e+02;2.626491897e-02
9.866232300e+02;2.123716474e-02
9.868660889e+02;2.184900828e-02
9.871089478e+02;2.278007381e-02
9.873518677e+02;2.243424952e-02
9.875947266e+02;2.147658169e-02
9.878376465e+02;2.179580368e-02
9.880805664e+02;2.203522064e-02
9.883234863e+02;2.533385344e-02
9.885664062e+02;2.131696977e-02
9.888093262e+02;2.347172238e-02
9.890522461e+02;2.160959132e-02
9.892952271e+02;2.554666810e-02
9.895382080e+02;2.246085182e-02
9.897811279e+02;2.325890772e-02
9.900241699e+02;2.336531505e-02
9.902671509e+02;2.291308343e-02
9.905101318e+02;2.240764722e-02
9.907531738e+02;2.395055629e-02
9.909961548e+02;2.296628617e-02
9.912391968e+02;2.254065685e-02
9.914822388e+02;2.041250654e-02
9.917252808e+02;2.089134045e-02
9.919683838e+02;2.408356592e-02
9.922114258e+02;2.230123989e-02
9.924545288e+02;1.958784834e-02
9.926975708e+02;1.972085796e-02
9.929406738e+02;1.932182908e-02
9.931837769e+02;2.110415511e-02
9.934269409e+02;2.254065685e-02
9.936700439e+02;2.110415511e-02
9.939132080e+02;2.312589809e-02
9.941563110e+02;2.240764722e-02
9.943994751e+02;2.033270150e-02
9.946426392e+02;2.184900828e-02
9.948858643e+02;1.964105293e-02
9.951290283e+02;1.937503368e-02
9.953721924e+02;2.113075741e-02
9.956154175e+02;2.033270150e-02
9.958586426e+02;1.868338510e-02
9.961018677e+02;1.868338510e-02
9.963450928e+02;1.690105908e-02
9.965883179e+02;1.775231957e-02
9.968316040e+02;1.767251268e-02
9.970748291e+02;1.884299517e-02
9.973181152e+02;2.126376703e-02
9.975614014e+02;2.004007995e-02
9.978046875e+02;2.011988498e-02
9.980480347e+02;1.828435622e-02
9.982913208e+02;1.769911498e-02
9.985346680e+02;1.759270765e-02
9.987779541e+02;2.033270150e-02
9.990213013e+02;1.937503368e-02
9.992646484e+02;1.849717088e-02
9.995079956e+02;1.956124604e-02
9.997514038e+02;1.817794889e-02
9.999947510e+02;1.839076355e-02
1.000238159e+03;1.674144715e-02
1.000481567e+03;1.596999355e-02
1.000724976e+03;1.716707833e-02
1.000968384e+03;1.615620591e-02
1.001211792e+03;1.501232572e-02
1.001455261e+03;1.730008610e-02
1.001698669e+03;1.764591038e-02
1.001942139e+03;1.783212461e-02
1.002185608e+03;1.559756696e-02
1.002429077e+03;1.607640088e-02
1.002672546e+03;2.054551616e-02
1.002916077e+03;1.756610535e-02
1.003159546e+03;1.748630032e-02
1.003403076e+03;1.724688336e-02
1.003646606e+03;1.916221902e-02
1.003890137e+03;1.873658784e-02
1.004133667e+03;1.889619976e-02
1.004377258e+03;1.602319628e-02
1.004620789e+03;1.591678895e-02
1.004864380e+03;1.583698392e-02
1.005107971e+03;1.655523479e-02
1.005351562e+03;1.551776100e-02
1.005595154e+03;1.471970510e-02
1.005838745e+03;1.583698392e-02
1.006082336e+03;1.607640088e-02
1.006325989e+03;1.448028814e-02
1.006569641e+03;1.849717088e-02
1.006813293e+03;1.618280821e-02
1.007056946e+03;1.426747255e-02
1.007300598e+03;1.557096466e-02
1.007544312e+03;1.628921553e-02
1.007787964e+03;1.785872690e-02
1.008031677e+03;1.796513423e-02
1.008275391e+03;1.756610535e-02
1.008519104e+03;1.650203019e-02
1.008762817e+03;1.666164212e-02
1.009006531e+03;1.527834404e-02
1.009250305e+03;1.296398137e-02
1.009494019e+03;1.575717889e-02
1.009737793e+03;1.418766752e-02
1.009981567e+03;1.543795597e-02
1.010225342e+03;1.299058273e-02
1.010469177e+03;1.485271472e-02
1.010712952e+03;1.384184323e-02
1.010956787e+03;1.349601895e-02
1.011200623e+03;1.368223131e-02
1.011444397e+03;1.421426889e-02
1.011688293e+03;1.461329777e-02
1.011932129e+03;1.535815001e-02
1.012175964e+03;1.479951013e-02
1.012419861e+03;1.237874012e-02
1.012663696e+03;1.280436944e-02
1.012907593e+03;1.615620591e-02
1.013151489e+03;1.474630646e-02
1.013395447e+03;1.573057659e-02
1.013639343e+03;1.394825056e-02
1.013883240e+03;1.285757311e-02
1.014127197e+03;1.352262031e-02
1.014371155e+03;1.301718503e-02
1.014615112e+03;1.166048925e-02
1.014859070e+03;1.312359236e-02
1.015103027e+03;1.216592453e-02
1.015347046e+03;1.064961776e-02
1.015591003e+03;1.378863957e-02
1.015835022e+03;1.144767366e-02
1.016079041e+03;1.192650758e-02
1.016323059e+03;1.408126019e-02
1.016567078e+03;1.112845168e-02
1.016811157e+03;1.426747255e-02
1.017055176e+03;1.139447000e-02
1.017299255e+03;1.307038870e-02
1.017543335e+03;1.479951013e-02
1.017787415e+03;1.586358622e-02
1.018031494e+03;1.275116578e-02
1.018275574e+03;1.285757311e-02
1.018519714e+03;1.139447000e-02
1.018763855e+03;7.723411545e-03
1.019007935e+03;-1.241420832e-04
1.019252075e+03;7.803217159e-04
1.019496216e+03;-1.773458462e-05
1.019740417e+03;1.578378025e-03
1.019984558e+03;-2.039477113e-04
1.020228760e+03;4.344973131e-04
[EndOfFile]
