#Thorlabs FTS
[SpectrumHeader]
#Date;20251107
#Time;17560065
#GMTTime;20560065
#Instrument;0
#InstrModel;CCS200
#Series;0
#InterferometerSerial;M00311012
#Type;emission
#ChannelIndex;0
#XAxisUnit;nm_air
#YAxisUnit;intensity
#Average;1
#RollingAverage;0
#SpectrumSmooth;0
#SSmoothParam1;0
#SSmoothParam2;0
#SSmoothParam3;0
#SSmoothParam4;0
#IntegrationTime;0.145000
#TriggerMode;0
#AirMeasureOpt;0
#AirTemp;0.00
#AirPressure;0.00
#AirRelHum;0.00
#WnrMin;9799.037109
#WnrMax;50982.906250
#Length;3648
#Resolution;0.0000000000e+00
#ADC;0
#InstrStatus;0
#RefLaserLocked;0
#ChannelIndex;0
#AttenuationFilter;0
#Stitched;0
#ExcitationWavelength_nm;0
#SoftwareVersion;3.310000
#FirmwareVersion;
#Motor_FirmwareVersion;
#ReconstructionAlgorithms_SoftwareVersion;
#Sensor_FirmwareVersion;
#InstrSeriesIdentifier;MUN_CCS_SERIES
#RefGainIndex;0
#RefSignalInPerecent;0.0
#BBRefGainIndex;0
#BBRefSignalInPerecent;0.0
#AutogainStatus;0
#Name;
#Comment;""
#ExtComment;""
#Source;
[Data]
1.960870056e+02;4.518262576e-03
1.962940979e+02;2.096101176e-03
1.965012054e+02;3.080936149e-03
1.967083282e+02;5.523060681e-04
1.969154510e+02;1.111266436e-03
1.971225891e+02;4.192202468e-04
1.973297424e+02;1.004797756e-03
1.975368958e+02;7.652433123e-04
1.977440643e+02;1.936398330e-03
1.979512482e+02;1.084649237e-03
1.981584320e+02;1.856546849e-03
1.983656311e+02;1.350820763e-03
1.985728455e+02;3.134170547e-03
1.987800751e+02;2.867998788e-03
1.989873047e+02;5.210308824e-03
1.991945496e+02;2.867998788e-03
1.994018097e+02;4.864285700e-03
1.996090698e+02;3.852833761e-03
1.998163452e+02;4.784434102e-03
2.000236359e+02;3.453576239e-03
2.002309418e+02;3.240639111e-03
2.004382477e+02;4.438411444e-03
2.006455688e+02;2.788147423e-03
2.008528900e+02;1.616992406e-03
2.010602417e+02;2.548592864e-03
2.012675934e+02;6.055403501e-04
2.014749451e+02;1.989632612e-03
2.016823273e+02;8.717119345e-04
2.018897095e+02;5.256888689e-04
2.020971069e+02;6.587746902e-04
2.023045044e+02;2.362272935e-03
2.025119171e+02;2.521975897e-03
2.027193451e+02;2.628444461e-03
2.029267883e+02;3.267256310e-03
2.031342316e+02;5.023988895e-03
2.033416901e+02;2.548592864e-03
2.035491638e+02;2.521975897e-03
2.037566376e+02;1.829929650e-03
2.039641418e+02;3.320490476e-03
2.041716309e+02;2.628444461e-03
2.043791504e+02;6.301612128e-03
2.045866699e+02;3.267256310e-03
2.047942047e+02;3.267256310e-03
2.050017548e+02;3.027701750e-03
2.052093048e+02;3.560045036e-03
2.054168701e+02;-1.663572475e-04
2.056244507e+02;1.723461086e-03
2.058320312e+02;-7.519347128e-04
2.060396423e+02;2.096101176e-03
2.062472534e+02;1.616992406e-03
2.064548645e+02;3.160787513e-03
2.066624908e+02;7.918604533e-04
2.068701324e+02;3.214021912e-03
2.070777893e+02;1.031414955e-03
2.072854462e+02;2.814764623e-03
2.074931335e+02;2.681678860e-03
2.077008057e+02;5.210308824e-03
2.079085083e+02;3.054318950e-03
2.081162109e+02;4.331942648e-03
2.083239288e+02;5.476480350e-03
2.085316467e+02;3.293873509e-03
2.087393951e+02;2.761530224e-03
2.089471436e+02;4.145622253e-03
2.091548920e+02;1.989632612e-03
2.093626709e+02;3.586662235e-03
2.095704498e+02;5.523060681e-04
2.097782440e+02;7.120089722e-04
2.099860382e+02;1.670226688e-03
2.101938629e+02;2.575210063e-03
2.104016724e+02;4.458374169e-04
2.106095123e+02;-3.260601952e-04
2.108173523e+02;7.120089722e-04
2.110252075e+02;1.829929650e-03
2.112330780e+02;6.055403501e-04
2.114409637e+02;4.458374169e-04
2.116488495e+02;3.027701750e-03
2.118567505e+02;3.666513599e-03
2.120646515e+02;4.145622253e-03
2.122725677e+02;4.278708249e-03
2.124804993e+02;3.453576239e-03
2.126884460e+02;3.373724874e-03
2.128963928e+02;4.039153922e-03
2.131043549e+02;3.613279201e-03
2.133123322e+02;3.586662235e-03
2.135203094e+02;4.331942648e-03
2.137283173e+02;3.187404713e-03
2.139363098e+02;3.453576239e-03
2.141443329e+02;3.393687657e-04
2.143523560e+02;5.523060681e-04
2.145603943e+02;1.004797756e-03
2.147684479e+02;1.510523725e-03
2.149765015e+02;-4.059116764e-04
2.151845703e+02;3.320490476e-03
2.153926544e+02;2.415507101e-03
2.156007538e+02;5.742651876e-03
2.158088531e+02;3.666513599e-03
2.160169678e+02;2.788147423e-03
2.162250824e+02;1.670226688e-03
2.164332123e+02;5.077222828e-03
2.166413574e+02;1.670226688e-03
2.168495178e+02;3.560045036e-03
2.170576782e+02;3.080936149e-03
2.172658691e+02;4.704582971e-03
2.174740448e+02;3.214021912e-03
2.176822510e+02;5.636183545e-03
2.178904572e+02;1.324203680e-03
2.180986786e+02;1.963015413e-03
2.183069000e+02;4.990717280e-04
2.185151520e+02;2.947850386e-03
2.187234039e+02;-1.736769569e-03
2.189316559e+02;-1.397400774e-04
2.191399384e+02;2.788147423e-03
2.193482208e+02;2.841381589e-03
2.195565186e+02;8.450947935e-04
2.197648163e+02;2.096101176e-03
2.199731293e+02;2.894615987e-03
2.201814575e+02;3.054318950e-03
2.203898010e+02;3.107553348e-03
2.205981445e+02;2.708295826e-03
2.208065033e+02;3.107553348e-03
2.210148773e+02;5.263543222e-03
2.212232513e+02;5.183691625e-03
2.214316406e+02;4.518262576e-03
2.216400452e+02;3.160787513e-03
2.218484650e+02;4.039153922e-03
2.220568848e+02;-2.994430251e-04
2.222653198e+02;2.096101176e-03
2.224737549e+02;8.983291336e-04
2.226822205e+02;8.717119345e-04
2.228906860e+02;1.004797756e-03
2.230991516e+02;2.628444461e-03
2.233076477e+02;1.031414955e-03
2.235161438e+02;2.042867010e-03
2.237246552e+02;2.175952774e-03
2.239331665e+02;3.027701750e-03
2.241416931e+02;8.983291336e-04
2.243502350e+02;5.236926023e-03
2.245587921e+02;2.415507101e-03
2.247673492e+02;4.252091050e-03
2.249759216e+02;4.811051302e-03
2.251845093e+02;5.636183545e-03
2.253930969e+02;3.533427836e-03
2.256017151e+02;5.982206203e-03
2.258103180e+02;2.042867010e-03
2.260189514e+02;4.119005520e-03
2.262275848e+02;2.921233186e-03
2.264362335e+02;3.393687657e-04
2.266448975e+02;1.616992406e-03
2.268535614e+02;3.693130799e-03
2.270622406e+02;1.270969282e-03
2.272709351e+02;6.853918312e-04
2.274796295e+02;2.362272935e-03
2.276883392e+02;3.267256310e-03
2.278970642e+02;-1.097957836e-03
2.281058044e+02;2.601827262e-03
2.283145447e+02;1.909781131e-03
2.285233002e+02;1.723461086e-03
2.287320557e+02;4.624731373e-03
2.289408417e+02;3.719747998e-03
2.291496277e+02;3.613279201e-03
2.293584137e+02;5.556331947e-03
2.295672302e+02;2.974467585e-03
2.297760468e+02;3.240639111e-03
2.299848785e+02;4.119005520e-03
2.301937103e+02;2.734913025e-03
2.304025726e+02;1.936398330e-03
2.306114197e+02;1.084649237e-03
2.308202972e+02;1.264315069e-04
2.310291748e+02;3.214021912e-03
2.312380676e+02;-1.603683806e-03
2.314469757e+02;2.042867010e-03
2.316558990e+02;2.096101176e-03
2.318648224e+02;4.192202468e-04
2.320737610e+02;2.062829735e-04
2.322826996e+02;2.175952774e-03
2.324916534e+02;2.468741499e-03
2.327006226e+02;5.210308824e-03
2.329096069e+02;3.134170547e-03
2.331185913e+02;5.982206203e-03
2.333275909e+02;3.480193438e-03
2.335366058e+02;3.693130799e-03
2.337456207e+02;1.217735000e-03
2.339546661e+02;2.681678860e-03
2.341636963e+02;1.244352199e-03
2.343727570e+02;1.936398330e-03
2.345818176e+02;1.031414955e-03
2.347908936e+02;2.122718375e-03
2.349999847e+02;3.393687657e-04
2.352090759e+02;3.480193438e-03
2.354181824e+02;1.510523725e-03
2.356273041e+02;2.309038537e-03
2.358364258e+02;-1.131229219e-04
2.360455627e+02;2.788147423e-03
2.362547150e+02;1.430672244e-03
2.364638824e+02;2.096101176e-03
2.366730499e+02;2.734913025e-03
2.368822327e+02;8.184776525e-04
2.370914154e+02;2.229186939e-03
2.373006287e+02;5.023988895e-03
2.375098419e+02;4.704582971e-03
2.377190552e+02;3.400342073e-03
2.379282990e+02;2.175952774e-03
2.381375427e+02;2.734913025e-03
2.383468018e+02;1.164500718e-03
2.385560608e+02;1.137883519e-03
2.387653503e+02;9.781805566e-04
2.389746246e+02;2.096101176e-03
2.391839294e+02;1.031414955e-03
2.393932343e+02;1.297586481e-03
2.396025543e+02;2.814764623e-03
2.398118896e+02;4.491645377e-03
2.400212402e+02;1.510523725e-03
2.402305908e+02;1.217735000e-03
2.404399414e+02;7.918604533e-04
2.406493225e+02;2.495358698e-03
2.408587036e+02;2.042867010e-03
2.410681000e+02;3.613279201e-03
2.412775116e+02;2.122718375e-03
2.414869232e+02;2.681678860e-03
2.416963501e+02;1.963015413e-03
2.419057922e+02;3.879450960e-03
2.421152344e+02;3.426959272e-03
2.423246918e+02;1.643609605e-03
2.425341644e+02;3.719747998e-03
2.427436371e+02;2.628444461e-03
2.429531403e+02;1.563758124e-03
2.431626434e+02;3.134170547e-03
2.433721466e+02;1.350820763e-03
2.435816650e+02;3.187404713e-03
2.437911987e+02;1.324203680e-03
2.440007477e+02;3.533427836e-03
2.442103119e+02;2.761530224e-03
2.444198761e+02;2.841381589e-03
2.446294403e+02;2.814764623e-03
2.448390350e+02;2.894615987e-03
2.450486298e+02;2.442124300e-03
2.452582397e+02;3.772982163e-03
2.454678650e+02;2.947850386e-03
2.456774902e+02;3.054318950e-03
2.458871307e+02;3.214021912e-03
2.460967865e+02;4.757816903e-03
2.463064423e+02;6.321575493e-04
2.465161133e+02;1.883163932e-03
2.467257996e+02;2.655061660e-03
2.469354858e+02;2.229186939e-03
2.471451874e+02;1.696843887e-03
2.473549042e+02;1.750078169e-03
2.475646362e+02;1.723461086e-03
2.477743683e+02;2.601827262e-03
2.479841156e+02;2.042867010e-03
2.481938782e+02;1.264315069e-04
2.484036407e+02;1.616992406e-03
2.486134186e+02;3.506810637e-03
2.488232117e+02;3.160787513e-03
2.490330048e+02;4.252091050e-03
2.492428284e+02;1.909781131e-03
2.494526367e+02;5.928972270e-03
2.496624756e+02;3.852833761e-03
2.498723145e+02;5.023988895e-03
2.500821686e+02;1.963015413e-03
2.502920380e+02;2.708295826e-03
2.505019073e+02;3.240639111e-03
2.507117920e+02;1.616992406e-03
2.509216919e+02;1.430672244e-03
2.511315918e+02;2.096101176e-03
2.513415222e+02;1.483906643e-03
2.515514374e+02;3.719747998e-03
2.517613831e+02;9.249462746e-04
2.519713287e+02;3.506810637e-03
2.521812897e+02;6.055403501e-04
2.523912659e+02;1.883163932e-03
2.526012421e+02;2.841381589e-03
2.528112335e+02;5.849120673e-03
2.530212402e+02;2.388889901e-03
2.532312469e+02;2.841381589e-03
2.534412689e+02;1.350820763e-03
2.536513062e+02;3.666513599e-03
2.538613586e+02;2.841381589e-03
2.540714111e+02;6.328229327e-03
2.542814789e+02;2.974467585e-03
2.544915466e+02;3.613279201e-03
2.547016449e+02;8.717119345e-04
2.549117432e+02;2.708295826e-03
2.551218567e+02;5.523060681e-04
2.553319702e+02;3.001084551e-03
2.555420990e+02;8.717119345e-04
2.557522430e+02;2.628444461e-03
2.559623871e+02;-1.663572475e-04
2.561725464e+02;2.149335574e-03
2.563827209e+02;3.426959272e-03
2.565928955e+02;3.267256310e-03
2.568031006e+02;1.058032038e-03
2.570133057e+02;2.814764623e-03
2.572235107e+02;2.681678860e-03
2.574337463e+02;5.236926023e-03
2.576439819e+02;5.582949147e-03
2.578542480e+02;3.639896400e-03
2.580644836e+02;3.400342073e-03
2.582747498e+02;2.655061660e-03
2.584850464e+02;1.963015413e-03
2.586953430e+02;3.373724874e-03
2.589056396e+02;2.415507101e-03
2.591159363e+02;3.080936149e-03
2.593262634e+02;2.255804138e-03
2.595365906e+02;1.031414955e-03
2.597469482e+02;1.803312451e-03
2.599573059e+02;1.537140924e-03
2.601676636e+02;1.270969282e-03
2.603780212e+02;2.495358698e-03
2.605884094e+02;4.012536723e-03
2.607988281e+02;3.453576239e-03
2.610092163e+02;2.175952774e-03
2.612196350e+02;2.894615987e-03
2.614300842e+02;3.240639111e-03
2.616405029e+02;4.518262576e-03
2.618509521e+02;1.137883519e-03
2.620614319e+02;4.012536723e-03
2.622718811e+02;4.465028178e-03
2.624823608e+02;3.054318950e-03
2.626928711e+02;3.240639111e-03
2.629033508e+02;1.750078169e-03
2.631138916e+02;6.587746902e-04
2.633244019e+02;6.321575493e-04
2.635349426e+02;1.803312451e-03
2.637454834e+02;2.309038537e-03
2.639560242e+02;9.781805566e-04
2.641665955e+02;2.548592864e-03
2.643771973e+02;2.681678860e-03
2.645877686e+02;4.065771122e-03
2.647983704e+02;4.624731373e-03
2.650089722e+02;3.001084551e-03
2.652196045e+02;4.092388321e-03
2.654302368e+02;4.997371696e-03
2.656408691e+02;4.119005520e-03
2.658515320e+02;6.514549721e-03
2.660621948e+02;3.719747998e-03
2.662728577e+02;3.852833761e-03
2.664835510e+02;5.023988895e-03
2.666942444e+02;3.453576239e-03
2.669049377e+02;2.788147423e-03
2.671156616e+02;3.659859358e-04
2.673263855e+02;1.510523725e-03
2.675371094e+02;1.244352199e-03
2.677478638e+02;1.829929650e-03
2.679586182e+02;1.996286846e-05
2.681694031e+02;2.069483977e-03
2.683801575e+02;1.696843887e-03
2.685909729e+02;-2.195915586e-04
2.688017578e+02;4.198856652e-03
2.690125732e+02;2.814764623e-03
2.692233887e+02;2.442124300e-03
2.694342346e+02;2.761530224e-03
2.696450806e+02;3.480193438e-03
2.698559265e+02;4.358559847e-03
2.700667725e+02;3.693130799e-03
2.702776489e+02;1.776695368e-03
2.704885559e+02;2.708295826e-03
2.706994324e+02;1.883163932e-03
2.709103394e+02;2.042867010e-03
2.711212769e+02;8.983291336e-04
2.713321838e+02;2.202569973e-03
2.715431213e+02;1.111266436e-03
2.717540894e+02;2.042867010e-03
2.719650269e+02;1.723461086e-03
2.721760254e+02;1.350820763e-03
2.723869934e+02;1.936398330e-03
2.725979919e+02;3.613279201e-03
2.728089905e+02;1.803312451e-03
2.730199890e+02;3.187404713e-03
2.732310181e+02;3.985919524e-03
2.734420471e+02;4.890902899e-03
2.736531067e+02;2.362272935e-03
2.738641663e+02;3.826216562e-03
2.740752258e+02;1.058032038e-03
2.742862854e+02;4.571496975e-03
2.744973755e+02;3.533427836e-03
2.747084961e+02;3.560045036e-03
2.749195862e+02;4.278708249e-03
2.751307068e+02;2.681678860e-03
2.753418274e+02;-6.654289791e-06
2.755529785e+02;8.184776525e-04
2.757641296e+02;2.329001436e-04
2.759752808e+02;1.404055161e-03
2.761864624e+02;1.137883519e-03
2.763976440e+02;3.054318950e-03
2.766088562e+02;1.483906643e-03
2.768200378e+02;2.255804138e-03
2.770312500e+02;1.963015413e-03
2.772424927e+02;6.055403501e-04
2.774537354e+02;1.483906643e-03
2.776649780e+02;4.784434102e-03
2.778762207e+02;2.681678860e-03
2.780874939e+02;4.864285700e-03
2.782987671e+02;2.362272935e-03
2.785100708e+02;2.255804138e-03
2.787213745e+02;1.350820763e-03
2.789326782e+02;5.849120673e-03
2.791439819e+02;2.062829735e-04
2.793553162e+02;3.560045036e-03
2.795666504e+02;8.983291336e-04
2.797780151e+02;6.321575493e-04
2.799893799e+02;1.350820763e-03
2.802007446e+02;2.734913025e-03
2.804121399e+02;1.936398330e-03
2.806235352e+02;2.734913025e-03
2.808349304e+02;1.856546849e-03
2.810463562e+02;3.693130799e-03
2.812577820e+02;1.696843887e-03
2.814692078e+02;2.841381589e-03
2.816806641e+02;2.282421337e-03
2.818921204e+02;5.236926023e-03
2.821036072e+02;3.267256310e-03
2.823150635e+02;4.119005520e-03
2.825265808e+02;4.172239453e-03
2.827380676e+02;2.734913025e-03
2.829495850e+02;2.575210063e-03
2.831611023e+02;4.252091050e-03
2.833726501e+02;1.530486625e-04
2.835841675e+02;2.521975897e-03
2.837957458e+02;1.004797756e-03
2.840072937e+02;3.586662235e-03
2.842188721e+02;2.655061660e-03
2.844304504e+02;1.483906643e-03
2.846420593e+02;2.309038537e-03
2.848536682e+02;2.734913025e-03
2.850652771e+02;2.761530224e-03
2.852769165e+02;3.799599363e-03
2.854885559e+02;2.575210063e-03
2.857001953e+02;3.533427836e-03
2.859118652e+02;2.468741499e-03
2.861235352e+02;4.598114174e-03
2.863352051e+02;3.746365197e-03
2.865469055e+02;4.092388321e-03
2.867586060e+02;1.936398330e-03
2.869703064e+02;2.468741499e-03
2.871820374e+02;7.918604533e-04
2.873937683e+02;2.388889901e-03
2.876055298e+02;1.350820763e-03
2.878172913e+02;1.483906643e-03
2.880290527e+02;2.548592864e-03
2.882408142e+02;1.989632612e-03
2.884526062e+02;2.415507101e-03
2.886643982e+02;1.483906643e-03
2.888762207e+02;3.693130799e-03
2.890880432e+02;3.320490476e-03
2.892998657e+02;3.639896400e-03
2.895116882e+02;3.267256310e-03
2.897235413e+02;3.826216562e-03
2.899354248e+02;5.955589470e-03
2.901472778e+02;1.537140924e-03
2.903591614e+02;3.852833761e-03
2.905710754e+02;2.495358698e-03
2.907829590e+02;4.065771122e-03
2.909948730e+02;1.829929650e-03
2.912068176e+02;1.270969282e-03
2.914187317e+02;1.796658180e-04
2.916306763e+02;-4.325288173e-04
2.918426514e+02;6.055403501e-04
2.920546265e+02;1.996286846e-05
2.922666016e+02;2.149335574e-03
2.924785767e+02;2.628444461e-03
2.926905823e+02;1.137883519e-03
2.929025879e+02;3.906068159e-03
2.931146240e+02;3.160787513e-03
2.933266296e+02;3.506810637e-03
2.935386963e+02;2.974467585e-03
2.937507324e+02;4.784434102e-03
2.939627991e+02;4.119005520e-03
2.941748657e+02;3.985919524e-03
2.943869629e+02;2.575210063e-03
2.945990601e+02;3.746365197e-03
2.948111572e+02;2.628444461e-03
2.950232849e+02;2.016249811e-03
2.952354126e+02;1.217735000e-03
2.954475403e+02;1.963015413e-03
2.956596680e+02;7.319718861e-05
2.958718262e+02;1.404055161e-03
2.960840149e+02;-1.663572475e-04
2.962962036e+02;3.240639111e-03
2.965083923e+02;2.096101176e-03
2.967205811e+02;3.639896400e-03
2.969328003e+02;1.590375206e-03
2.971450195e+02;4.944137298e-03
2.973572388e+02;2.255804138e-03
2.975694885e+02;5.210308824e-03
2.977817383e+02;1.643609605e-03
2.979940186e+02;1.989632612e-03
2.982062683e+02;2.655061660e-03
2.984185791e+02;5.157074425e-03
2.986308594e+02;3.932685126e-03
2.988431702e+02;8.983291336e-04
2.990554810e+02;4.990717280e-04
2.992678223e+02;3.027701750e-03
2.994801636e+02;-5.922318087e-04
2.996925049e+02;3.293873509e-03
2.999048462e+02;1.723461086e-03
3.001172180e+02;2.229186939e-03
3.003296204e+02;1.137883519e-03
3.005419922e+02;1.856546849e-03
3.007543945e+02;3.560045036e-03
3.009668274e+02;2.175952774e-03
3.011792297e+02;3.533427836e-03
3.013916626e+02;2.575210063e-03
3.016041260e+02;4.385177046e-03
3.018165588e+02;3.240639111e-03
3.020290222e+02;1.829929650e-03
3.022415161e+02;2.388889901e-03
3.024539795e+02;3.134170547e-03
3.026665039e+02;3.240639111e-03
3.028789978e+02;8.184776525e-04
3.030915222e+02;2.069483977e-03
3.033040466e+02;1.750078169e-03
3.035165710e+02;2.841381589e-03
3.037291260e+02;1.883163932e-03
3.039416809e+02;5.523060681e-04
3.041542664e+02;1.244352199e-03
3.043668518e+02;2.628444461e-03
3.045794373e+02;1.963015413e-03
3.047920532e+02;4.385177046e-03
3.050046387e+02;2.708295826e-03
3.052172852e+02;3.985919524e-03
3.054299011e+02;3.214021912e-03
3.056425476e+02;4.917520098e-03
3.058552246e+02;2.894615987e-03
3.060678711e+02;3.693130799e-03
3.062805481e+02;3.613279201e-03
3.064932556e+02;4.784434102e-03
3.067059326e+02;6.055403501e-04
3.069186401e+02;3.426959272e-03
3.071313782e+02;1.404055161e-03
3.073440857e+02;1.696843887e-03
3.075568237e+02;1.324203680e-03
3.077695923e+02;1.883163932e-03
3.079823608e+02;2.069483977e-03
3.081951294e+02;4.331942648e-03
3.084078979e+02;1.137883519e-03
3.086206970e+02;2.814764623e-03
3.088334961e+02;1.563758124e-03
3.090463257e+02;2.388889901e-03
3.092591248e+02;4.651348572e-03
3.094719849e+02;5.529714748e-03
3.096848145e+02;2.814764623e-03
3.098976746e+02;3.586662235e-03
3.101105347e+02;5.263543222e-03
3.103234253e+02;1.776695368e-03
3.105363159e+02;3.240639111e-03
3.107492065e+02;3.453576239e-03
3.109621277e+02;1.996286846e-05
3.111750183e+02;1.856546849e-03
3.113879700e+02;-6.654289791e-06
3.116008911e+02;2.175952774e-03
3.118138428e+02;1.244352199e-03
3.120268250e+02;4.092388321e-03
3.122397766e+02;7.652433123e-04
3.124527588e+02;2.655061660e-03
3.126657715e+02;3.613279201e-03
3.128787842e+02;2.947850386e-03
3.130917969e+02;3.932685126e-03
3.133048096e+02;3.107553348e-03
3.135178528e+02;2.761530224e-03
3.137308960e+02;1.883163932e-03
3.139439392e+02;3.959302325e-03
3.141570129e+02;4.278708249e-03
3.143700867e+02;2.495358698e-03
3.145831909e+02;2.894615987e-03
3.147962952e+02;1.324203680e-03
3.150093994e+02;3.214021912e-03
3.152225037e+02;1.537140924e-03
3.154356384e+02;1.936398330e-03
3.156487732e+02;-2.462087141e-04
3.158619385e+02;1.457289443e-03
3.160751038e+02;1.989632612e-03
3.162882690e+02;1.643609605e-03
3.165014648e+02;1.031414955e-03
3.167146606e+02;1.776695368e-03
3.169278564e+02;1.058032038e-03
3.171410828e+02;2.309038537e-03
3.173543091e+02;3.267256310e-03
3.175675354e+02;1.883163932e-03
3.177807922e+02;4.651348572e-03
3.179940491e+02;3.293873509e-03
3.182073059e+02;4.145622253e-03
3.184205933e+02;2.495358698e-03
3.186338806e+02;2.415507101e-03
3.188471680e+02;2.548592864e-03
3.190604858e+02;1.590375206e-03
3.192738037e+02;3.426959272e-03
3.194871521e+02;-3.327144805e-05
3.197004700e+02;1.058032038e-03
3.199138184e+02;1.723461086e-03
3.201271973e+02;1.137883519e-03
3.203405762e+02;1.297586481e-03
3.205539551e+02;3.826216562e-03
3.207673340e+02;1.776695368e-03
3.209807434e+02;2.841381589e-03
3.211941833e+02;2.096101176e-03
3.214075928e+02;3.985919524e-03
3.216210327e+02;3.160787513e-03
3.218344727e+02;3.267256310e-03
3.220479431e+02;1.829929650e-03
3.222614136e+02;4.624731373e-03
3.224748840e+02;2.894615987e-03
3.226883850e+02;3.693130799e-03
3.229018860e+02;3.160787513e-03
3.231153870e+02;2.096101176e-03
3.233289185e+02;2.495358698e-03
3.235424500e+02;2.947850386e-03
3.237559814e+02;-5.656146095e-04
3.239695435e+02;2.042867010e-03
3.241831055e+02;4.990717280e-04
3.243966675e+02;2.442124300e-03
3.246102600e+02;2.362272935e-03
3.248238525e+02;3.639896400e-03
3.250374451e+02;3.906068159e-03
3.252510681e+02;2.175952774e-03
3.254646912e+02;4.172239453e-03
3.256783447e+02;5.556331947e-03
3.258919983e+02;1.058032038e-03
3.261056519e+02;3.879450960e-03
3.263193054e+02;3.400342073e-03
3.265329895e+02;4.278708249e-03
3.267466736e+02;3.799599363e-03
3.269603882e+02;3.613279201e-03
3.271741028e+02;2.202569973e-03
3.273878174e+02;1.297586481e-03
3.276015625e+02;1.217735000e-03
3.278152771e+02;6.321575493e-04
3.280290527e+02;8.983291336e-04
3.282427979e+02;2.415507101e-03
3.284565735e+02;1.563758124e-03
3.286703796e+02;2.362272935e-03
3.288841553e+02;2.096101176e-03
3.290979614e+02;2.362272935e-03
3.293117981e+02;2.655061660e-03
3.295256042e+02;3.613279201e-03
3.297394409e+02;3.666513599e-03
3.299533081e+02;3.347107675e-03
3.301671448e+02;4.491645377e-03
3.303810425e+02;3.453576239e-03
3.305949097e+02;4.092388321e-03
3.308088074e+02;4.012536723e-03
3.310227051e+02;2.468741499e-03
3.312366028e+02;2.255804138e-03
3.314505310e+02;6.055403501e-04
3.316644592e+02;3.533427836e-03
3.318784180e+02;1.563758124e-03
3.320923767e+02;7.386261714e-04
3.323063354e+02;2.229186939e-03
3.325202942e+02;4.012536723e-03
3.327342834e+02;1.883163932e-03
3.329482727e+02;2.575210063e-03
3.331622925e+02;2.761530224e-03
3.333763123e+02;4.252091050e-03
3.335903320e+02;2.575210063e-03
3.338043823e+02;2.628444461e-03
3.340184326e+02;3.826216562e-03
3.342324829e+02;3.001084551e-03
3.344465332e+02;5.556331947e-03
3.346606140e+02;2.788147423e-03
3.348747253e+02;3.187404713e-03
3.350888062e+02;1.989632612e-03
3.353029175e+02;2.042867010e-03
3.355170593e+02;2.814764623e-03
3.357311707e+02;7.386261714e-04
3.359453125e+02;2.788147423e-03
3.361594849e+02;1.530486625e-04
3.363736572e+02;3.080936149e-03
3.365878296e+02;1.244352199e-03
3.368020020e+02;2.575210063e-03
3.370162048e+02;1.776695368e-03
3.372304077e+02;3.560045036e-03
3.374446106e+02;2.947850386e-03
3.376588440e+02;2.362272935e-03
3.378730774e+02;1.723461086e-03
3.380873413e+02;3.533427836e-03
3.383016052e+02;1.297586481e-03
3.385158691e+02;4.784434102e-03
3.387301331e+02;1.670226688e-03
3.389444275e+02;2.575210063e-03
3.391587524e+02;2.255804138e-03
3.393730469e+02;3.533427836e-03
3.395873718e+02;1.270969282e-03
3.398016968e+02;1.483906643e-03
3.400160522e+02;2.628444461e-03
3.402304077e+02;3.586662235e-03
3.404447632e+02;7.386261714e-04
3.406591492e+02;2.655061660e-03
3.408735352e+02;2.335655736e-03
3.410879211e+02;2.175952774e-03
3.413023376e+02;2.628444461e-03
3.415167542e+02;3.959302325e-03
3.417311707e+02;2.947850386e-03
3.419456177e+02;3.160787513e-03
3.421600647e+02;3.746365197e-03
3.423745117e+02;5.370011553e-03
3.425889893e+02;3.746365197e-03
3.428034668e+02;3.985919524e-03
3.430179443e+02;1.989632612e-03
3.432324524e+02;3.480193438e-03
3.434469604e+02;1.856546849e-03
3.436614990e+02;1.377437962e-03
3.438760376e+02;1.297586481e-03
3.440905762e+02;1.883163932e-03
3.443051147e+02;-8.650576638e-05
3.445196838e+02;2.362272935e-03
3.447342529e+02;1.936398330e-03
3.449488525e+02;2.388889901e-03
3.451634521e+02;1.723461086e-03
3.453780518e+02;4.651348572e-03
3.455926514e+02;2.282421337e-03
3.458072815e+02;3.001084551e-03
3.460219116e+02;2.096101176e-03
3.462365723e+02;5.716034677e-03
3.464512329e+02;5.423245952e-03
3.466658936e+02;6.328229327e-03
3.468805847e+02;1.297586481e-03
3.470952759e+02;1.537140924e-03
3.473099670e+02;-5.922318087e-04
3.475246887e+02;2.761530224e-03
3.477394104e+02;1.563758124e-03
3.479541321e+02;2.122718375e-03
3.481688843e+02;3.586662235e-03
3.483836365e+02;7.652433123e-04
3.485983887e+02;2.096101176e-03
3.488131714e+02;3.693130799e-03
3.490279541e+02;1.856546849e-03
3.492427673e+02;3.214021912e-03
3.494575500e+02;2.282421337e-03
3.496723633e+02;2.734913025e-03
3.498872070e+02;4.305325449e-03
3.501020508e+02;4.012536723e-03
3.503168945e+02;5.982206203e-03
3.505317383e+02;1.856546849e-03
3.507466125e+02;2.442124300e-03
3.509614868e+02;3.693130799e-03
3.511763916e+02;2.442124300e-03
3.513912964e+02;3.799599363e-03
3.516062012e+02;1.883163932e-03
3.518211060e+02;1.829929650e-03
3.520360413e+02;2.362272935e-03
3.522509766e+02;6.321575493e-04
3.524659424e+02;1.996286846e-05
3.526809082e+02;3.480193438e-03
3.528958740e+02;1.404055161e-03
3.531108704e+02;1.909781131e-03
3.533258667e+02;1.563758124e-03
3.535408630e+02;3.214021912e-03
3.537558899e+02;3.506810637e-03
3.539709167e+02;5.103840027e-03
3.541859436e+02;4.411794245e-03
3.544010010e+02;4.704582971e-03
3.546160583e+02;9.781805566e-04
3.548311157e+02;3.666513599e-03
3.550462036e+02;1.989632612e-03
3.552612915e+02;3.453576239e-03
3.554763794e+02;3.373724874e-03
3.556914978e+02;2.362272935e-03
3.559066162e+02;1.563758124e-03
3.561217651e+02;1.530486625e-04
3.563368835e+02;8.717119345e-04
3.565520325e+02;1.457289443e-03
3.567672119e+02;9.515634156e-04
3.569823914e+02;1.750078169e-03
3.571975708e+02;2.175952774e-03
3.574127502e+02;4.172239453e-03
3.576279602e+02;3.187404713e-03
3.578431702e+02;3.985919524e-03
3.580584106e+02;3.453576239e-03
3.582736511e+02;3.719747998e-03
3.584888916e+02;2.947850386e-03
3.587041626e+02;2.894615987e-03
3.589194031e+02;3.772982163e-03
3.591347046e+02;3.293873509e-03
3.593499756e+02;3.906068159e-03
3.595652771e+02;1.829929650e-03
3.597806091e+02;1.244352199e-03
3.599959106e+02;3.852833761e-03
3.602112427e+02;1.563758124e-03
3.604265747e+02;2.921233186e-03
3.606419373e+02;2.362272935e-03
3.608572998e+02;1.590375206e-03
3.610726624e+02;1.324203680e-03
3.612880554e+02;4.039153922e-03
3.615034485e+02;2.814764623e-03
3.617188416e+02;5.050606094e-03
3.619342651e+02;4.571496975e-03
3.621496887e+02;4.491645377e-03
3.623651428e+02;2.761530224e-03
3.625805664e+02;3.693130799e-03
3.627960510e+02;4.411794245e-03
3.630115051e+02;4.491645377e-03
3.632269897e+02;2.947850386e-03
3.634424744e+02;3.826216562e-03
3.636579590e+02;1.750078169e-03
3.638734741e+02;1.377437962e-03
3.640889893e+02;6.321575493e-04
3.643045349e+02;2.921233186e-03
3.645200806e+02;6.587746902e-04
3.647356262e+02;3.506810637e-03
3.649511719e+02;5.050606094e-03
3.651667480e+02;2.362272935e-03
3.653823242e+02;3.926031059e-04
3.655979309e+02;3.533427836e-03
3.658135376e+02;5.023988895e-03
3.660291443e+02;1.963015413e-03
3.662447815e+02;4.784434102e-03
3.664604187e+02;4.624731373e-03
3.666760559e+02;3.799599363e-03
3.668917236e+02;6.833955646e-03
3.671073914e+02;5.902355071e-03
3.673230591e+02;5.423245952e-03
3.675387268e+02;3.267256310e-03
3.677544250e+02;1.297586481e-03
3.679701538e+02;2.388889901e-03
3.681858826e+02;2.362272935e-03
3.684016113e+02;2.229186939e-03
3.686173401e+02;2.788147423e-03
3.688330994e+02;3.320490476e-03
3.690488586e+02;3.639896400e-03
3.692646179e+02;4.724545579e-04
3.694804077e+02;3.320490476e-03
3.696961975e+02;3.027701750e-03
3.699119873e+02;4.598114174e-03
3.701278076e+02;4.651348572e-03
3.703436279e+02;4.598114174e-03
3.705594788e+02;3.187404713e-03
3.707752991e+02;5.023988895e-03
3.709911804e+02;3.746365197e-03
3.712070312e+02;5.503097549e-03
3.714229126e+02;3.852833761e-03
3.716387939e+02;4.358559847e-03
3.718547058e+02;2.814764623e-03
3.720706177e+02;4.465028178e-03
3.722865295e+02;3.533427836e-03
3.725024414e+02;3.293873509e-03
3.727183838e+02;3.320490476e-03
3.729343262e+02;2.655061660e-03
3.731502991e+02;2.681678860e-03
3.733662720e+02;3.693130799e-03
3.735822449e+02;4.864285700e-03
3.737982483e+02;3.187404713e-03
3.740142517e+02;4.518262576e-03
3.742302551e+02;4.731200170e-03
3.744462891e+02;3.799599363e-03
3.746623230e+02;4.944137298e-03
3.748783569e+02;4.571496975e-03
3.750944214e+02;4.944137298e-03
3.753104858e+02;4.970754497e-03
3.755265503e+02;6.195143797e-03
3.757426453e+02;3.320490476e-03
3.759587402e+02;5.050606094e-03
3.761748352e+02;2.575210063e-03
3.763909607e+02;5.263543222e-03
3.766070862e+02;4.331942648e-03
3.768232117e+02;4.331942648e-03
3.770393677e+02;4.065771122e-03
3.772555237e+02;5.103840027e-03
3.774717102e+02;3.560045036e-03
3.776878662e+02;5.263543222e-03
3.779040833e+02;5.556331947e-03
3.781202698e+02;7.073509973e-03
3.783364868e+02;6.195143797e-03
3.785527039e+02;6.913806777e-03
3.787689514e+02;3.826216562e-03
3.789851685e+02;6.754104048e-03
3.792014465e+02;4.651348572e-03
3.794176941e+02;8.005110547e-03
3.796339722e+02;3.214021912e-03
3.798502502e+02;6.967041176e-03
3.800665588e+02;4.784434102e-03
3.802828674e+02;6.248378195e-03
3.804991760e+02;3.852833761e-03
3.807154846e+02;3.639896400e-03
3.809318237e+02;2.681678860e-03
3.811481934e+02;4.890902899e-03
3.813645325e+02;4.571496975e-03
3.815809021e+02;5.263543222e-03
3.817973022e+02;6.274995394e-03
3.820136719e+02;6.594400853e-03
3.822300720e+02;4.784434102e-03
3.824465027e+02;5.875737872e-03
3.826629028e+02;5.529714748e-03
3.828793335e+02;5.849120673e-03
3.830957947e+02;6.700869650e-03
3.833122253e+02;7.552618627e-03
3.835286865e+02;6.913806777e-03
3.837451782e+02;8.856859989e-03
3.839616394e+02;6.381463725e-03
3.841781616e+02;7.286447100e-03
3.843946533e+02;4.624731373e-03
3.846111755e+02;6.008823402e-03
3.848276978e+02;4.358559847e-03
3.850442200e+02;7.179978769e-03
3.852607727e+02;6.195143797e-03
3.854773254e+02;3.560045036e-03
3.856939087e+02;6.035440601e-03
3.859104614e+02;6.354846526e-03
3.861270752e+02;6.993658375e-03
3.863436584e+02;7.685704622e-03
3.865602722e+02;6.700869650e-03
3.867768860e+02;8.138196543e-03
3.869935303e+02;5.077222828e-03
3.872101746e+02;7.339681499e-03
3.874268188e+02;8.989945054e-03
3.876434631e+02;7.818790153e-03
3.878601379e+02;6.035440601e-03
3.880768127e+02;7.605853025e-03
3.882935181e+02;5.716034677e-03
3.885102234e+02;4.944137298e-03
3.887269287e+02;6.035440601e-03
3.889436646e+02;5.902355071e-03
3.891604004e+02;6.674252450e-03
3.893771362e+02;6.913806777e-03
3.895939026e+02;7.100127172e-03
3.898106689e+02;7.499384694e-03
3.900274353e+02;5.742651876e-03
3.902442322e+02;6.354846526e-03
3.904610291e+02;7.366298698e-03
3.906778259e+02;8.404367603e-03
3.908946533e+02;6.434698123e-03
3.911114807e+02;7.339681499e-03
3.913283081e+02;1.029418595e-02
3.915451660e+02;1.000139769e-02
3.917620239e+02;6.833955646e-03
3.919788818e+02;9.815077297e-03
3.921957703e+02;7.712321822e-03
3.924126587e+02;1.072006114e-02
3.926295776e+02;7.100127172e-03
3.928464661e+02;1.018771715e-02
3.930634155e+02;5.822503474e-03
3.932803345e+02;8.271282539e-03
3.934972839e+02;7.499384694e-03
3.937142334e+02;9.548905306e-03
3.939311829e+02;7.765556220e-03
3.941481628e+02;8.777008392e-03
3.943651428e+02;1.117255259e-02
3.945821533e+02;9.362585843e-03
3.947991638e+02;1.087976340e-02
3.950161743e+02;1.194445044e-02
3.952332153e+02;8.910093457e-03
3.954502258e+02;1.045388915e-02
3.956672974e+02;7.339681499e-03
3.958843384e+02;1.268973015e-02
3.961014099e+02;9.123031050e-03
3.963184814e+02;1.194445044e-02
3.965355835e+02;1.050712354e-02
3.967526855e+02;1.173151284e-02
3.969697876e+02;9.123031050e-03
3.971869202e+02;9.096413851e-03
3.974040527e+02;1.050712354e-02
3.976211853e+02;8.218048140e-03
3.978383484e+02;8.457602002e-03
3.980555115e+02;1.191783324e-02
3.982726746e+02;1.016109996e-02
3.984898682e+02;1.322207320e-02
3.987070618e+02;1.090638060e-02
3.989242554e+02;1.050712354e-02
3.991414795e+02;1.122578699e-02
3.993587036e+02;1.109270100e-02
3.995759277e+02;1.375441719e-02
3.997931824e+02;1.064020954e-02
4.000104370e+02;1.205091830e-02
4.002276917e+02;1.101284940e-02
4.004449768e+02;1.348824520e-02
4.006622620e+02;1.159842685e-02
4.008795776e+02;1.095961500e-02
4.010968933e+02;1.050712354e-02
4.013142090e+02;1.194445044e-02
4.015315247e+02;1.250341069e-02
4.017488708e+02;9.548905306e-03
4.019662170e+02;1.210415270e-02
4.021835938e+02;1.093299780e-02
4.024009399e+02;1.575070433e-02
4.026183472e+02;1.234370749e-02
4.028357239e+02;1.359471399e-02
4.030531311e+02;1.418029144e-02
4.032705383e+02;1.452631410e-02
4.034879761e+02;1.455293130e-02
4.037054138e+02;1.410043985e-02
4.039228516e+02;1.375441719e-02
4.041402893e+02;1.221062150e-02
4.043577576e+02;1.591040753e-02
4.045752563e+02;1.338177640e-02
4.047927246e+02;1.569746993e-02
4.050102234e+02;1.250341069e-02
4.052277222e+02;1.268973015e-02
4.054452515e+02;1.308898814e-02
4.056627808e+02;1.175813004e-02
4.058803101e+02;1.077329461e-02
4.060978699e+02;1.322207320e-02
4.063154297e+02;1.487233769e-02
4.065329895e+02;1.157180965e-02
4.067505798e+02;1.455293130e-02
4.069681702e+02;1.777360775e-02
4.071857605e+02;1.620319486e-02
4.074033813e+02;1.591040753e-02
4.076210022e+02;1.729449816e-02
4.078386230e+02;1.633628085e-02
4.080562744e+02;1.750743575e-02
4.082739258e+02;1.854550466e-02
4.084915771e+02;1.575070433e-02
4.087092590e+02;1.593702473e-02
4.089269409e+02;1.540468074e-02
4.091446533e+02;1.745420136e-02
4.093623352e+02;1.394073665e-02
4.095800781e+02;1.686862484e-02
4.097977905e+02;1.724126376e-02
4.100155334e+02;1.614996046e-02
4.102332764e+02;1.702832803e-02
4.104510193e+02;1.766713895e-02
4.106687927e+02;1.785345934e-02
4.108865662e+02;1.873182505e-02
4.111043701e+02;1.724126376e-02
4.113221741e+02;1.819948293e-02
4.115399780e+02;1.849227026e-02
4.117577820e+02;1.798654534e-02
4.119756165e+02;1.894476265e-02
4.121934509e+02;2.043532394e-02
4.124113159e+02;1.921093464e-02
4.126291809e+02;2.131368965e-02
4.128470459e+02;1.945048943e-02
4.130649414e+02;2.040870674e-02
4.132828369e+02;2.099428326e-02
4.135007324e+02;2.046194114e-02
4.137186279e+02;1.854550466e-02
4.139365540e+02;1.963680796e-02
4.141545105e+02;1.955695823e-02
4.143724365e+02;2.016915195e-02
4.145903931e+02;2.096766606e-02
4.148083801e+02;2.197911963e-02
4.150263367e+02;1.950372383e-02
4.152443237e+02;1.937063783e-02
4.154623413e+02;2.147339284e-02
4.156803284e+02;2.368261665e-02
4.158983459e+02;2.072811313e-02
4.161163940e+02;2.312365733e-02
4.163344116e+02;2.307042293e-02
4.165524597e+02;2.197911963e-02
4.167705383e+02;2.253807895e-02
4.169885864e+02;2.535949834e-02
4.172066650e+02;2.333659306e-02
4.174247742e+02;2.211220376e-02
4.176428833e+02;2.373585105e-02
4.178609924e+02;2.024900354e-02
4.180791016e+02;2.259131335e-02
4.182972412e+02;2.307042293e-02
4.185153809e+02;2.163309604e-02
4.187335205e+02;2.346967906e-02
4.189516907e+02;2.509332635e-02
4.191698608e+02;2.285748534e-02
4.193880615e+02;2.511994354e-02
4.196062622e+02;2.464083396e-02
4.198244629e+02;2.527964674e-02
4.200426636e+02;2.658388764e-02
4.202608948e+02;2.530626394e-02
4.204791260e+02;2.647741884e-02
4.206973877e+02;2.637095004e-02
4.209156494e+02;2.738240175e-02
4.211339111e+02;2.543934993e-02
4.213521729e+02;2.602492645e-02
4.215704651e+02;2.599830925e-02
4.217887573e+02;2.663712204e-02
4.220070801e+02;2.429481223e-02
4.222254028e+02;2.527964674e-02
4.224437256e+02;2.767519094e-02
4.226620789e+02;2.775504254e-02
4.228804321e+02;2.629109845e-02
4.230987854e+02;2.775504254e-02
4.233171692e+02;2.748887055e-02
4.235355225e+02;2.746225335e-02
4.237539368e+02;2.810106613e-02
4.239723206e+02;2.895281464e-02
4.241907349e+02;2.836723626e-02
4.244091797e+02;2.884634584e-02
4.246275940e+02;3.302523866e-02
4.248460388e+02;2.956500836e-02
4.250645142e+02;2.999088354e-02
4.252829590e+02;2.975132875e-02
4.255014343e+02;2.828738466e-02
4.257199402e+02;3.044337593e-02
4.259384155e+02;2.919236943e-02
4.261569214e+02;2.908590063e-02
4.263754578e+02;3.044337593e-02
4.265939941e+02;2.858017385e-02
4.268125305e+02;3.174761683e-02
4.270310669e+02;3.004411794e-02
4.272496338e+02;3.004411794e-02
4.274682007e+02;3.084263206e-02
4.276867676e+02;3.031028993e-02
4.279053650e+02;3.699119762e-02
4.281239624e+02;3.377052024e-02
4.283425903e+02;3.222672641e-02
4.285611877e+02;3.289215267e-02
4.287798157e+02;3.502152488e-02
4.289984741e+02;3.470212221e-02
4.292171326e+02;3.259936348e-02
4.294357910e+02;3.302523866e-02
4.296544495e+02;3.342449665e-02
4.298731384e+02;3.427624702e-02
4.300918274e+02;3.294538707e-02
4.303105469e+02;3.438271582e-02
4.305292664e+02;3.483520821e-02
4.307479858e+02;3.528769687e-02
4.309667053e+02;3.251951188e-02
4.311854553e+02;3.558048606e-02
4.314042358e+02;3.544740006e-02
4.316229858e+02;3.568695486e-02
4.318417664e+02;3.778970987e-02
4.320605469e+02;3.653870523e-02
4.322793579e+02;3.789617866e-02
4.324981689e+02;3.800264746e-02
4.327169800e+02;3.797603026e-02
4.329358215e+02;3.659193963e-02
4.331546631e+02;3.861484304e-02
4.333735046e+02;3.770985827e-02
4.335923462e+02;3.552725166e-02
4.338112183e+02;3.776309267e-02
4.340301208e+02;3.850837424e-02
4.342489929e+02;3.922703862e-02
4.344678955e+02;3.765662387e-02
4.346868286e+02;3.882778063e-02
4.349057312e+02;4.005216807e-02
4.351246643e+02;3.794941306e-02
4.353436279e+02;3.920042142e-02
4.355625610e+02;4.050466046e-02
4.357815247e+02;4.066436365e-02
4.360005188e+02;4.231462628e-02
4.362194824e+02;4.316637665e-02
4.364384766e+02;4.156934842e-02
4.366575012e+02;4.324622825e-02
4.368765259e+02;4.210169241e-02
4.370955505e+02;4.569500685e-02
4.373145752e+02;4.510942847e-02
4.375336304e+02;4.409797862e-02
4.377526855e+02;4.247432947e-02
4.379717407e+02;4.172905162e-02
4.381908264e+02;4.151611403e-02
4.384099121e+02;4.537560046e-02
4.386290283e+02;4.550868645e-02
4.388481140e+02;4.180890322e-02
4.390672607e+02;4.340593144e-02
4.392863770e+02;4.471017420e-02
4.395055237e+02;4.175566882e-02
4.397246704e+02;4.460370541e-02
4.399438171e+02;4.324622825e-02
4.401629944e+02;4.771791026e-02
4.403821716e+02;4.878259823e-02
4.406013794e+02;4.803731665e-02
4.408205872e+02;4.633381963e-02
4.410397949e+02;4.899553582e-02
4.412590332e+02;4.518928006e-02
4.414782410e+02;4.742512107e-02
4.416975098e+02;4.723880067e-02
4.419167480e+02;4.936817661e-02
4.421360168e+02;4.963434860e-02
4.423552856e+02;4.899553582e-02
4.425745850e+02;4.742512107e-02
4.427938843e+02;4.675969481e-02
4.430131836e+02;5.125799403e-02
4.432325134e+02;4.638705403e-02
4.434518433e+02;4.899553582e-02
4.436711731e+02;5.032639205e-02
4.438905029e+02;4.766467586e-02
4.441098633e+02;5.083211884e-02
4.443292542e+02;5.131122842e-02
4.445486145e+02;5.242914706e-02
4.447680054e+02;5.261546746e-02
4.449874268e+02;5.498439446e-02
4.452068176e+02;5.208312720e-02
4.454262390e+02;5.551673844e-02
4.456456909e+02;5.501101166e-02
4.458651123e+02;5.543688685e-02
4.460845642e+02;5.498439446e-02
4.463040466e+02;5.551673844e-02
4.465234985e+02;5.426573381e-02
4.467429810e+02;5.349383503e-02
4.469624939e+02;5.407941341e-02
4.471819763e+02;5.368015543e-02
4.474014893e+02;5.509086326e-02
4.476210327e+02;5.572967604e-02
4.478405457e+02;5.562320724e-02
4.480601196e+02;5.804536864e-02
4.482796631e+02;5.708714947e-02
4.484992371e+02;5.743317306e-02
4.487188110e+02;5.958916247e-02
4.489383850e+02;6.089340523e-02
4.491579895e+02;5.932299420e-02
4.493775940e+02;6.113296002e-02
4.495972290e+02;6.227749586e-02
4.498168335e+02;6.275660545e-02
4.500364685e+02;6.113296002e-02
4.502561340e+02;6.286307424e-02
4.504757996e+02;6.092002243e-02
4.506954651e+02;6.182500720e-02
4.509151306e+02;6.113296002e-02
4.511348267e+02;6.057399884e-02
4.513545227e+02;6.331556290e-02
4.515742493e+02;6.246381626e-02
4.517939758e+02;6.092002243e-02
4.520137024e+02;6.544493884e-02
4.522334290e+02;6.323571503e-02
4.524531860e+02;6.238396466e-02
4.526729431e+02;6.312924623e-02
4.528927307e+02;6.453995407e-02
4.531125183e+02;6.627006829e-02
4.533323059e+02;6.989000738e-02
4.535521240e+02;6.549817324e-02
4.537719421e+02;6.640315801e-02
4.539917603e+02;6.616359949e-02
4.542115784e+02;6.746784598e-02
4.544314270e+02;6.701534986e-02
4.546513062e+02;7.106115669e-02
4.548711548e+02;7.004971057e-02
4.550910339e+02;6.802680343e-02
4.553109131e+02;6.797356904e-02
4.555308228e+02;6.531185657e-02
4.557507324e+02;6.887855381e-02
4.559706421e+02;7.162012160e-02
4.561905823e+02;7.071513683e-02
4.564105225e+02;7.420198619e-02
4.566304626e+02;6.855914742e-02
4.568504333e+02;6.986338645e-02
4.570704041e+02;7.103454322e-02
4.572903748e+02;7.311067730e-02
4.575103760e+02;7.385595888e-02
4.577303772e+02;7.518681884e-02
4.579503784e+02;7.736942917e-02
4.581704102e+02;7.486741245e-02
4.583904419e+02;7.518681884e-02
4.586104736e+02;7.617165148e-02
4.588305359e+02;7.619827241e-02
4.590505981e+02;7.774206996e-02
4.592706604e+02;7.720972598e-02
4.594907532e+02;7.742266357e-02
4.597108459e+02;7.332361490e-02
4.599309692e+02;8.040378243e-02
4.601510620e+02;8.090950549e-02
4.603711853e+02;8.051025122e-02
4.605913391e+02;8.205404878e-02
4.608114929e+02;8.106920868e-02
4.610316467e+02;8.093612641e-02
4.612518005e+02;8.282594383e-02
4.614719849e+02;8.327843249e-02
4.616921692e+02;8.540780842e-02
4.619123535e+02;8.428988606e-02
4.621325684e+02;8.583368361e-02
4.623527832e+02;8.455605805e-02
4.625730286e+02;8.753718436e-02
4.627932739e+02;8.216051757e-02
4.630135193e+02;8.609985560e-02
4.632337646e+02;8.692498505e-02
4.634540405e+02;8.705807477e-02
4.636743164e+02;8.567398041e-02
4.638946228e+02;8.894789219e-02
4.641149292e+02;9.102402627e-02
4.643352356e+02;8.956008404e-02
4.645555420e+02;8.945361525e-02
4.647758789e+02;9.083770961e-02
4.649962158e+02;8.894789219e-02
4.652165833e+02;8.908097446e-02
4.654369507e+02;9.339295328e-02
4.656573181e+02;9.286060929e-02
4.658777161e+02;9.408500046e-02
4.660980835e+02;9.304693341e-02
4.663185120e+02;9.318001568e-02
4.665389099e+02;9.307354689e-02
4.667593384e+02;9.368574619e-02
4.669797668e+02;9.280737489e-02
4.672002258e+02;9.427132457e-02
4.674206848e+02;9.600143880e-02
4.676411438e+02;9.485690296e-02
4.678616333e+02;9.522953629e-02
4.680821228e+02;9.687980264e-02
4.683026123e+02;9.501660615e-02
4.685231323e+02;9.672009945e-02
4.687436523e+02;1.004198864e-01
4.689641724e+02;9.682656825e-02
4.691847229e+02;9.890270978e-02
4.694052734e+02;9.908902645e-02
4.696258240e+02;1.029218957e-01
4.698464050e+02;1.020701528e-01
4.700669861e+02;9.855668247e-02
4.702875671e+02;1.001537144e-01
4.705081787e+02;1.013514847e-01
4.707287903e+02;1.027888134e-01
4.709494019e+02;9.892932326e-02
4.711700439e+02;1.000472456e-01
4.713906860e+02;1.002335623e-01
4.716113281e+02;1.011119336e-01
4.718320007e+02;1.015378088e-01
4.720526733e+02;1.021500006e-01
4.722733459e+02;1.023895591e-01
4.724940491e+02;1.039865837e-01
4.727147522e+02;9.938181937e-02
4.729354553e+02;1.012450159e-01
4.731561890e+02;1.030815989e-01
4.733769226e+02;1.031082198e-01
4.735976868e+02;1.041995212e-01
4.738184204e+02;1.051045060e-01
4.740391846e+02;1.073403433e-01
4.742599792e+02;1.063821316e-01
4.744807739e+02;1.053706780e-01
4.747015686e+02;1.053440571e-01
4.749223633e+02;1.054239124e-01
4.751431885e+02;1.053174436e-01
4.753640137e+02;1.094697192e-01
4.755848694e+02;1.103214696e-01
4.758056946e+02;1.059030220e-01
4.760265503e+02;1.096826568e-01
4.762474365e+02;1.064087451e-01
4.764683228e+02;1.091769338e-01
4.766892090e+02;1.045455486e-01
4.769100952e+02;1.065418348e-01
4.771310120e+02;1.059296355e-01
4.773519287e+02;1.115192398e-01
4.775728760e+02;1.105610207e-01
4.777938232e+02;1.099222079e-01
4.780147705e+02;1.109336615e-01
4.782357178e+02;1.104279384e-01
4.784566956e+02;1.096826568e-01
4.786777039e+02;1.137550846e-01
4.788986816e+02;1.109070480e-01
4.791196899e+02;1.111199856e-01
4.793406982e+02;1.144205108e-01
4.795617371e+02;1.135421470e-01
4.797827759e+02;1.133558229e-01
4.800038147e+02;1.109336615e-01
4.802248535e+02;1.067281514e-01
4.804459229e+02;1.148996204e-01
4.806670227e+02;1.108538136e-01
4.808880920e+02;1.162837148e-01
4.811091919e+02;1.117321774e-01
4.813302917e+02;1.149528548e-01
4.815514221e+02;1.148197651e-01
4.817725525e+02;1.154851988e-01
4.819936829e+02;1.180670634e-01
4.822148438e+02;1.170023754e-01
4.824360046e+02;1.163635626e-01
4.826571655e+02;1.178008914e-01
4.828783569e+02;1.168692932e-01
4.830995483e+02;1.155118123e-01
4.833207397e+02;1.162570938e-01
4.835419617e+02;1.228847653e-01
4.837631836e+02;1.226452142e-01
4.839844055e+02;1.201165840e-01
4.842056580e+02;1.192115992e-01
4.844269104e+02;1.205690727e-01
4.846481628e+02;1.190518960e-01
4.848694458e+02;1.227250621e-01
4.850907288e+02;1.223790422e-01
4.853120117e+02;1.198504120e-01
4.855333252e+02;1.205690727e-01
4.857546387e+02;1.225121245e-01
4.859759521e+02;1.233372614e-01
4.861972961e+02;1.229646206e-01
4.864186401e+02;1.191051304e-01
4.866399841e+02;1.245616451e-01
4.868613586e+02;1.246681139e-01
4.870827332e+02;1.274629235e-01
4.873041077e+02;1.278355569e-01
4.875255127e+02;1.245350316e-01
4.877469177e+02;1.238163710e-01
4.879683228e+02;1.269838065e-01
4.881897583e+02;1.252803057e-01
4.884111938e+02;1.274362952e-01
4.886326599e+02;1.247745827e-01
4.888540955e+02;1.273830682e-01
4.890755615e+02;1.252803057e-01
4.892970581e+02;1.277823299e-01
4.895185547e+02;1.248810515e-01
4.897400513e+02;1.255464852e-01
4.899615479e+02;1.249609068e-01
4.901830750e+02;1.240026876e-01
4.904046021e+02;1.265845597e-01
4.906261597e+02;1.311094761e-01
4.908476868e+02;1.294858158e-01
4.910692749e+02;1.274895370e-01
4.912908325e+02;1.279420257e-01
4.915124207e+02;1.300714016e-01
4.917340088e+02;1.295124441e-01
4.919555969e+02;1.304440349e-01
4.921772156e+02;1.272233576e-01
4.923988342e+02;1.327597350e-01
4.926204834e+02;1.269838065e-01
4.928421326e+02;1.302577257e-01
4.930637817e+02;1.285542250e-01
4.932854309e+02;1.266377866e-01
4.935071106e+02;1.291131824e-01
4.937287903e+02;1.315353513e-01
4.939505005e+02;1.285276115e-01
4.941722107e+02;1.301246285e-01
4.943939209e+02;1.294592023e-01
4.946156616e+02;1.314554960e-01
4.948373718e+02;1.313756406e-01
4.950591431e+02;1.295390576e-01
4.952808838e+02;1.316684335e-01
4.955026550e+02;1.308432966e-01
4.957244263e+02;1.323338598e-01
4.959462280e+02;1.334784031e-01
4.961680298e+02;1.303375661e-01
4.963898315e+02;1.305771321e-01
4.966116638e+02;1.315619648e-01
4.968334961e+02;1.323072463e-01
4.970553284e+02;1.292728931e-01
4.972771606e+02;1.323870867e-01
4.974990234e+02;1.326266527e-01
4.977209167e+02;1.277823299e-01
4.979427795e+02;1.327597350e-01
4.981646729e+02;1.276226193e-01
4.983865662e+02;1.279154122e-01
4.986084900e+02;1.303109527e-01
4.988304138e+02;1.274895370e-01
4.990523376e+02;1.281815767e-01
4.992742920e+02;1.284211427e-01
4.994962463e+02;1.278089434e-01
4.997182007e+02;1.295922846e-01
4.999401855e+02;1.286340803e-01
5.001621704e+02;1.300447881e-01
5.003841553e+02;1.306303591e-01
5.006061707e+02;1.264780909e-01
5.008281860e+02;1.263716221e-01
5.010502014e+02;1.269571930e-01
5.012722473e+02;1.266111732e-01
5.014942932e+02;1.274362952e-01
5.017163391e+02;1.257061809e-01
5.019384155e+02;1.246148795e-01
5.021604919e+02;1.261054426e-01
5.023825684e+02;1.265047044e-01
5.026046753e+02;1.267708689e-01
5.028267822e+02;1.222193390e-01
5.030488892e+02;1.255730987e-01
5.032710266e+02;1.220596358e-01
5.034931641e+02;1.248012036e-01
5.037153015e+02;1.257328093e-01
5.039374695e+02;1.258658916e-01
5.041596375e+02;1.250407547e-01
5.043818054e+02;1.269305795e-01
5.046040039e+02;1.216869950e-01
5.048262024e+02;1.254134029e-01
5.050484314e+02;1.224855110e-01
5.052706299e+02;1.234437302e-01
5.054928589e+02;1.168959066e-01
5.057151184e+02;1.195576265e-01
5.059373779e+02;1.178275049e-01
5.061596375e+02;1.201698184e-01
5.063818970e+02;1.130896509e-01
5.066041870e+02;1.133558229e-01
5.068264771e+02;1.167095900e-01
5.070487671e+02;1.133558229e-01
5.072710876e+02;1.152722612e-01
5.074934082e+02;1.145536005e-01
5.077157593e+02;1.108804271e-01
5.079380798e+02;1.162038594e-01
5.081604614e+02;1.105610207e-01
5.083828125e+02;1.136752293e-01
5.086051941e+02;1.137284636e-01
5.088275757e+02;1.148197651e-01
5.090499573e+02;1.108538136e-01
5.092723694e+02;1.084848866e-01
5.094947815e+02;1.087510586e-01
5.097172241e+02;1.085381210e-01
5.099396667e+02;1.090704650e-01
5.101621094e+02;1.045189276e-01
5.103845520e+02;1.062490419e-01
5.106070251e+02;1.084316522e-01
5.108294983e+02;1.066483036e-01
5.110520020e+02;1.093100160e-01
5.112745056e+02;1.058231667e-01
5.114970093e+02;1.027355790e-01
5.117195129e+02;1.092035472e-01
5.119420471e+02;1.033743918e-01
5.121646118e+02;1.063555107e-01
5.123871460e+02;1.107473448e-01
5.126096802e+02;1.051311195e-01
5.128322754e+02;1.108005792e-01
5.130548706e+02;1.047318652e-01
5.132774658e+02;1.043326110e-01
5.135000610e+02;1.046520174e-01
5.137226562e+02;1.035340950e-01
5.139452515e+02;1.013248712e-01
5.141679077e+02;1.004731208e-01
5.143905640e+02;1.012716368e-01
5.146132202e+02;1.007659063e-01
5.148358765e+02;9.863653779e-02
5.150585327e+02;1.002069488e-01
5.152812500e+02;1.034808606e-01
5.155039062e+02;1.023363248e-01
5.157266235e+02;9.794449061e-02
5.159493408e+02;1.017241254e-01
5.161720581e+02;9.972783923e-02
5.163947754e+02;1.042527556e-01
5.166175537e+02;1.043059900e-01
5.168402710e+02;9.871638566e-02
5.170630493e+02;1.035074741e-01
5.172858276e+02;9.815742821e-02
5.175086060e+02;1.040930524e-01
5.177314453e+02;1.022298560e-01
5.179542236e+02;9.512306750e-02
5.181770630e+02;9.829051048e-02
5.183999023e+02;1.005795896e-01
5.186227417e+02;9.637407959e-02
5.188455811e+02;9.573526680e-02
5.190684204e+02;9.970122576e-02
5.192912598e+02;1.003932655e-01
5.195141602e+02;9.903579205e-02
5.197370605e+02;1.025492549e-01
5.199599609e+02;9.892932326e-02
5.201828613e+02;9.876962006e-02
5.204057617e+02;9.906241298e-02
5.206287231e+02;9.906241298e-02
5.208516235e+02;1.002069488e-01
5.210745850e+02;9.991416335e-02
5.212975464e+02;1.036937982e-01
5.215205078e+02;1.001004800e-01
5.217435303e+02;9.924872965e-02
5.219664917e+02;9.813080728e-02
5.221895142e+02;9.860991687e-02
5.224125366e+02;9.664025158e-02
5.226355591e+02;9.911564738e-02
5.228585815e+02;1.004464999e-01
5.230816040e+02;1.008191407e-01
5.233046875e+02;9.916888177e-02
5.235277100e+02;9.725244343e-02
5.237507935e+02;9.972783923e-02
5.239738770e+02;9.605467319e-02
5.241969604e+02;1.003400311e-01
5.244201050e+02;9.781140089e-02
5.246431885e+02;1.008723751e-01
5.248663330e+02;9.999401122e-02
5.250894775e+02;1.025758758e-01
5.253126221e+02;1.055037603e-01
5.255357666e+02;1.005795896e-01
5.257589111e+02;1.002069488e-01
5.259821167e+02;1.020169184e-01
5.262053223e+02;9.829051048e-02
5.264285278e+02;9.940843284e-02
5.266517334e+02;9.983430803e-02
5.268749390e+02;9.618775547e-02
5.270981445e+02;9.903579205e-02
5.273214111e+02;9.991416335e-02
5.275446167e+02;9.642731398e-02
5.277678833e+02;9.879624099e-02
5.279911499e+02;1.010586992e-01
5.282144165e+02;1.000472456e-01
5.284377441e+02;9.701289237e-02
5.286610107e+02;9.826389700e-02
5.288843384e+02;1.009788439e-01
5.291076660e+02;1.036405638e-01
5.293309937e+02;9.802433848e-02
5.295543213e+02;9.666686505e-02
5.297777100e+02;9.834374487e-02
5.300010376e+02;1.001537144e-01
5.302244263e+02;9.948828816e-02
5.304478149e+02;9.826389700e-02
5.306712036e+02;9.898255765e-02
5.308945923e+02;9.887608886e-02
5.311179810e+02;9.653378278e-02
5.313414307e+02;9.336633980e-02
5.315648804e+02;9.400515258e-02
5.317883301e+02;9.488351643e-02
5.320117798e+02;9.240812063e-02
5.322352295e+02;9.043844789e-02
5.324586792e+02;9.296707809e-02
5.326821899e+02;9.248797596e-02
5.329057007e+02;9.355265647e-02
5.331291504e+02;9.184916317e-02
5.333527222e+02;8.854863048e-02
5.335762329e+02;9.025213122e-02
5.337997437e+02;9.147652239e-02
5.340233154e+02;9.062477201e-02
5.342468262e+02;8.889465779e-02
5.344703979e+02;8.415680379e-02
5.346939697e+02;8.716454357e-02
5.349176025e+02;8.269286156e-02
5.351411743e+02;8.101597428e-02
5.353648071e+02;8.442297578e-02
5.355883789e+02;8.146847039e-02
5.358120117e+02;8.178787678e-02
5.360356445e+02;8.314535022e-02
5.362593384e+02;7.835426182e-02
5.364829712e+02;7.736942917e-02
5.367066650e+02;8.056348562e-02
5.369302979e+02;7.470770925e-02
5.371539917e+02;7.449477166e-02
5.373776855e+02;7.271142304e-02
5.376014404e+02;7.928586006e-02
5.378251343e+02;7.398904860e-02
5.380488892e+02;7.207261026e-02
5.382726440e+02;7.265818864e-02
5.384963379e+02;7.215246558e-02
5.387201538e+02;6.813327223e-02
5.389439087e+02;6.786710024e-02
5.391676636e+02;6.560464203e-02
5.393914795e+02;6.549817324e-02
5.396152954e+02;6.477951258e-02
5.398391113e+02;6.296954304e-02
5.400629272e+02;6.174515560e-02
5.402867432e+02;5.876403302e-02
5.405105591e+02;6.177177280e-02
5.407344360e+02;6.105310842e-02
5.409583130e+02;5.836477503e-02
5.411821899e+02;5.817845464e-02
5.414060669e+02;5.538365245e-02
5.416299438e+02;5.644834042e-02
5.418538818e+02;5.652819201e-02
5.420777588e+02;5.825830624e-02
5.423016968e+02;5.391971022e-02
5.425256348e+02;5.298810825e-02
5.427495728e+02;5.570305884e-02
5.429735107e+02;4.979404807e-02
5.431975098e+02;4.851642624e-02
5.434214478e+02;4.755820706e-02
5.436454468e+02;4.726541787e-02
5.438694458e+02;4.974081367e-02
5.440934448e+02;4.609426484e-02
5.443174438e+02;4.625396803e-02
5.445415039e+02;4.425768182e-02
5.447655640e+02;4.316637665e-02
5.449895630e+02;4.140964523e-02
5.452136230e+02;4.127655923e-02
5.454376831e+02;4.298005626e-02
5.456618042e+02;4.132979363e-02
5.458858643e+02;4.162258282e-02
5.461099854e+02;3.928027302e-02
5.463341064e+02;3.861484304e-02
5.465582275e+02;3.912056983e-02
5.467823486e+02;3.786956146e-02
5.470064697e+02;3.837528825e-02
5.472306519e+02;3.720413521e-02
5.474547729e+02;3.720413521e-02
5.476789551e+02;3.568695486e-02
5.479031372e+02;3.424962983e-02
5.481273193e+02;3.190732002e-02
5.483515015e+02;3.297200426e-02
5.485757446e+02;3.182746843e-02
5.487999878e+02;3.126850724e-02
5.490241699e+02;3.238642961e-02
5.492484131e+02;3.177423403e-02
5.494726562e+02;2.996426634e-02
5.496969604e+02;3.241304681e-02
5.499212036e+02;3.126850724e-02
5.501455078e+02;3.251951188e-02
5.503698120e+02;3.025705554e-02
5.505941162e+02;3.073616326e-02
5.508184204e+02;2.932545543e-02
5.510427246e+02;3.270583227e-02
5.512670898e+02;2.929883823e-02
5.514913940e+02;3.214687482e-02
5.517157593e+02;2.812768333e-02
5.519401245e+02;2.818091772e-02
5.521644897e+02;2.716946416e-02
5.523889160e+02;2.711622976e-02
5.526132812e+02;2.722269855e-02
5.528377075e+02;2.581198886e-02
5.530621338e+02;2.887296304e-02
5.532865601e+02;2.732916735e-02
5.535109863e+02;2.605154365e-02
5.537354126e+02;2.972471155e-02
5.539598999e+02;2.687667683e-02
5.541843262e+02;2.581198886e-02
5.544088135e+02;2.626448125e-02
5.546333008e+02;2.783489414e-02
5.548577881e+02;2.586522326e-02
5.550823364e+02;2.810106613e-02
5.553068237e+02;2.767519094e-02
5.555313721e+02;3.068292886e-02
5.557559204e+02;2.685005963e-02
5.559804688e+02;2.847370505e-02
5.562050171e+02;2.690329403e-02
5.564295654e+02;2.751548775e-02
5.566541748e+02;2.892619744e-02
5.568787231e+02;2.892619744e-02
5.571033325e+02;2.426819503e-02
5.573279419e+02;2.754210494e-02
5.575525513e+02;2.730255015e-02
5.577772217e+02;2.674359083e-02
5.580018311e+02;2.788812853e-02
5.582265015e+02;2.839385346e-02
5.584511719e+02;2.858017385e-02
5.586758423e+02;3.153467923e-02
5.589005127e+02;3.182746843e-02
5.591251831e+02;3.270583227e-02
5.593499146e+02;3.025705554e-02
5.595745850e+02;3.496829048e-02
5.597993164e+02;3.398345783e-02
5.600240479e+02;3.643223643e-02
5.602488403e+02;3.534093127e-02
5.604735718e+02;3.528769687e-02
5.606983032e+02;3.462227061e-02
5.609230957e+02;3.802926466e-02
5.611478882e+02;3.408992663e-02
5.613726807e+02;3.765662387e-02
5.615974731e+02;3.669840842e-02
5.618223267e+02;4.058451205e-02
5.620471191e+02;4.031834006e-02
5.622719727e+02;4.071759805e-02
5.624968262e+02;4.329946265e-02
5.627216797e+02;4.247432947e-02
5.629465332e+02;4.409797862e-02
5.631713867e+02;4.923509061e-02
5.633963013e+02;4.827687144e-02
5.636211548e+02;4.883583263e-02
5.638460693e+02;5.376000702e-02
5.640709839e+02;5.551673844e-02
5.642958984e+02;5.594261363e-02
5.645208740e+02;5.815183744e-02
5.647457886e+02;5.916329101e-02
5.649707642e+02;6.060061604e-02
5.651957397e+02;5.993518606e-02
5.654207153e+02;6.416731328e-02
5.656456909e+02;6.531185657e-02
5.658707275e+02;6.525862217e-02
5.660957031e+02;6.834620982e-02
5.663207397e+02;7.356317341e-02
5.665457764e+02;7.364302129e-02
5.667708130e+02;8.085627109e-02
5.669958496e+02;7.931248099e-02
5.672208862e+02;8.394386619e-02
5.674459839e+02;8.644587547e-02
5.676710205e+02;9.160960466e-02
5.678961182e+02;9.373898059e-02
5.681212158e+02;9.533600509e-02
5.683463745e+02;9.988754243e-02
5.685714722e+02;1.026291102e-01
5.687966309e+02;1.063288972e-01
5.690217285e+02;1.079259217e-01
5.692468872e+02;1.101617664e-01
5.694720459e+02;1.168160588e-01
5.696972046e+02;1.181735322e-01
5.699224243e+02;1.256263405e-01
5.701475830e+02;1.236832812e-01
5.703728027e+02;1.327863485e-01
5.705980225e+02;1.346229315e-01
5.708232422e+02;1.407448798e-01
5.710484619e+02;1.473459303e-01
5.712736816e+02;1.544793397e-01
5.714989624e+02;1.610537767e-01
5.717242432e+02;1.632363796e-01
5.719495239e+02;1.690921485e-01
5.721748047e+02;1.742558777e-01
5.724000854e+02;1.771571487e-01
5.726253662e+02;1.871918291e-01
5.728507080e+02;1.930209845e-01
5.730760498e+02;1.948841810e-01
5.733013306e+02;2.042268068e-01
5.735266724e+02;2.084323168e-01
5.737520752e+02;2.144477963e-01
5.739774170e+02;2.204898894e-01
5.742028198e+02;2.199841589e-01
5.744281616e+02;2.377910465e-01
5.746535645e+02;2.366731167e-01
5.748789673e+02;2.441259325e-01
5.751043701e+02;2.533620894e-01
5.753298340e+02;2.593509257e-01
5.755552368e+02;2.697848678e-01
5.757807007e+02;2.716746926e-01
5.760061646e+02;2.837854922e-01
5.762316284e+02;2.808043659e-01
5.764570923e+02;2.868198454e-01
5.766826172e+02;3.017254472e-01
5.769080811e+02;3.102695644e-01
5.771336060e+02;3.203574717e-01
5.773591309e+02;3.262664676e-01
5.775846558e+02;3.332401812e-01
5.778101807e+02;3.382974267e-01
5.780357666e+02;3.488644361e-01
5.782612915e+02;3.542144895e-01
5.784868774e+02;3.625190556e-01
5.787124634e+02;3.713027239e-01
5.789380493e+02;3.728465140e-01
5.791636353e+02;3.735651672e-01
5.793892212e+02;3.891095817e-01
5.796148682e+02;3.951250613e-01
5.798405151e+02;4.003686607e-01
5.800661621e+02;4.064373672e-01
5.802918091e+02;4.122132957e-01
5.805174561e+02;4.162590802e-01
5.807431030e+02;4.257347882e-01
5.809688110e+02;4.334803820e-01
5.811944580e+02;4.427964091e-01
5.814201660e+02;4.391498566e-01
5.816458740e+02;4.564243853e-01
5.818716431e+02;4.558121860e-01
5.820973511e+02;4.677633047e-01
5.823231201e+02;4.701056182e-01
5.825488281e+02;4.704782367e-01
5.827745972e+02;4.803265929e-01
5.830003662e+02;4.849047363e-01
5.832261963e+02;4.936617911e-01
5.834519653e+02;4.956048429e-01
5.836777344e+02;5.111758709e-01
5.839035645e+02;5.151684284e-01
5.841293945e+02;5.186819434e-01
5.843552246e+02;5.202523470e-01
5.845810547e+02;5.158604980e-01
5.848069458e+02;5.227809548e-01
5.850327759e+02;5.426373482e-01
5.852586670e+02;5.393634439e-01
5.854845581e+02;5.441279411e-01
5.857104492e+02;5.545884371e-01
5.859363403e+02;5.512347221e-01
5.861622925e+02;5.623074174e-01
5.863881836e+02;5.702127218e-01
5.866141357e+02;5.719694495e-01
5.868400879e+02;5.775058270e-01
5.870660400e+02;5.762282014e-01
5.872919922e+02;5.809394717e-01
5.875180054e+02;5.862895250e-01
5.877439575e+02;5.870614052e-01
5.879699707e+02;5.946472883e-01
5.881959839e+02;5.945141912e-01
5.884219971e+02;6.011152864e-01
5.886480103e+02;6.036172509e-01
5.888740234e+02;6.059595942e-01
5.891000977e+02;6.090471745e-01
5.893261719e+02;6.238995194e-01
5.895522461e+02;6.198537350e-01
5.897783203e+02;6.199601889e-01
5.900043945e+02;6.298884153e-01
5.902304688e+02;6.316451430e-01
5.904566040e+02;6.315120459e-01
5.906827393e+02;6.373412013e-01
5.909088135e+02;6.454328299e-01
5.911350098e+02;6.445012093e-01
5.913611450e+02;6.491858363e-01
5.915872803e+02;6.514216661e-01
5.918134766e+02;6.550948620e-01
5.920396118e+02;6.521936059e-01
5.922658081e+02;6.540301442e-01
5.924920044e+02;6.620419621e-01
5.927182617e+02;6.615362167e-01
5.929444580e+02;6.654755473e-01
5.931707153e+02;6.730348468e-01
5.933969116e+02;6.674984694e-01
5.936231689e+02;6.680041552e-01
5.938494263e+02;6.776661873e-01
5.940757446e+02;6.819249392e-01
5.943020020e+02;6.813926101e-01
5.945282593e+02;6.760425568e-01
5.947545776e+02;6.817120314e-01
5.949808960e+02;6.902561188e-01
5.952072144e+02;6.897503734e-01
5.954335327e+02;6.898302436e-01
5.956599121e+02;6.931573749e-01
5.958862305e+02;6.953932643e-01
5.961126099e+02;6.929976940e-01
5.963389893e+02;6.988002062e-01
5.965653687e+02;7.065191865e-01
5.967917480e+02;7.026064992e-01
5.970181885e+02;7.100060582e-01
5.972445679e+02;7.133066058e-01
5.974710083e+02;7.095535398e-01
5.976974487e+02;7.159150839e-01
5.979238892e+02;7.173523903e-01
5.981503296e+02;7.072911263e-01
5.983768311e+02;7.189494371e-01
5.986032715e+02;7.220103741e-01
5.988297729e+02;7.265086770e-01
5.990562744e+02;7.362771630e-01
5.992827759e+02;7.327371240e-01
5.995092773e+02;7.266417742e-01
5.997357788e+02;7.293833494e-01
5.999623413e+02;7.332694530e-01
6.001889038e+02;7.376080751e-01
6.004154663e+02;7.395511270e-01
6.006420288e+02;7.480419874e-01
6.008685913e+02;7.495591640e-01
6.010951538e+02;7.438631058e-01
6.013217773e+02;7.493461967e-01
6.015484009e+02;7.452737689e-01
6.017749634e+02;7.511029243e-01
6.020015869e+02;7.496922612e-01
6.022282715e+02;7.510496974e-01
6.024548950e+02;7.527798414e-01
6.026815796e+02;7.601261735e-01
6.029082031e+02;7.622289062e-01
6.031348877e+02;7.565594912e-01
6.033615723e+02;7.636396289e-01
6.035883179e+02;7.641453743e-01
6.038150024e+02;7.769215703e-01
6.040416870e+02;7.668336630e-01
6.042684326e+02;7.667006254e-01
6.044951782e+02;7.692558765e-01
6.047219238e+02;7.747656107e-01
6.049486694e+02;7.726095915e-01
6.051754761e+02;7.673926353e-01
6.054022217e+02;7.775071859e-01
6.056290283e+02;7.752447128e-01
6.058558350e+02;7.793703675e-01
6.060826416e+02;7.817392945e-01
6.063094482e+02;7.828305960e-01
6.065363159e+02;7.820320725e-01
6.067631226e+02;7.855721712e-01
6.069899902e+02;7.838953137e-01
6.072168579e+02;7.892985940e-01
6.074437256e+02;7.828040123e-01
6.076705933e+02;7.949414253e-01
6.078974609e+02;7.968046069e-01
6.081243896e+02;7.914545536e-01
6.083513184e+02;7.983484268e-01
6.085781860e+02;7.993066311e-01
6.088051147e+02;8.017554283e-01
6.090321045e+02;8.041775823e-01
6.092590332e+02;7.970708013e-01
6.094860229e+02;8.027934432e-01
6.097129517e+02;8.072917461e-01
6.099399414e+02;8.162351251e-01
6.101669312e+02;8.149309158e-01
6.103939209e+02;8.120296001e-01
6.106209717e+02;8.119497895e-01
6.108479614e+02;8.136532903e-01
6.110750122e+02;8.195622563e-01
6.113020630e+02;8.176990747e-01
6.115291138e+02;8.180983663e-01
6.117561646e+02;8.221175075e-01
6.119832764e+02;8.186040521e-01
6.122103271e+02;8.182846308e-01
6.124374390e+02;8.273611069e-01
6.126645508e+02;8.243267536e-01
6.128916626e+02;8.339089155e-01
6.131187744e+02;8.287984133e-01
6.133458862e+02;8.333233595e-01
6.135730591e+02;8.283193111e-01
6.138002319e+02;8.353728652e-01
6.140273438e+02;8.262431622e-01
6.142545166e+02;8.267489076e-01
6.144817505e+02;8.383806348e-01
6.147089233e+02;8.483088017e-01
6.149361572e+02;8.382475376e-01
6.151633301e+02;8.378216624e-01
6.153905640e+02;8.403502703e-01
6.156177979e+02;8.473239541e-01
6.158450317e+02;8.428256512e-01
6.160723267e+02;8.394187093e-01
6.162995605e+02;8.416545391e-01
6.165268555e+02;8.448219895e-01
6.167541504e+02;8.498526216e-01
6.169814453e+02;8.457801938e-01
6.172087402e+02;8.414682150e-01
6.174360352e+02;8.524610996e-01
6.176633911e+02;8.461794257e-01
6.178907471e+02;8.547501564e-01
6.181180420e+02;8.592484593e-01
6.183453979e+02;8.493735194e-01
6.185728149e+02;8.567730784e-01
6.188001709e+02;8.577312827e-01
6.190275879e+02;8.603131771e-01
6.192549438e+02;8.622562289e-01
6.194823608e+02;8.479627967e-01
6.197097778e+02;8.617238402e-01
6.199371948e+02;8.570924997e-01
6.201646729e+02;8.602865338e-01
6.203920898e+02;8.587693572e-01
6.206195679e+02;8.505978584e-01
6.208470459e+02;8.624691367e-01
6.210745239e+02;8.673666716e-01
6.213020020e+02;8.698953390e-01
6.215294800e+02;8.718117476e-01
6.217570190e+02;8.628950119e-01
6.219844971e+02;8.698686957e-01
6.222120361e+02;8.656365871e-01
6.224395752e+02;8.644121885e-01
6.226671143e+02;8.664084673e-01
6.228947144e+02;8.632144332e-01
6.231222534e+02;8.653970361e-01
6.233498535e+02;8.653703928e-01
6.235774536e+02;8.673933148e-01
6.238050537e+02;8.688838482e-01
6.240326538e+02;8.579442501e-01
6.242602539e+02;8.701614738e-01
6.244879150e+02;8.797969222e-01
6.247155762e+02;8.768956661e-01
6.249431763e+02;8.788387179e-01
6.251708374e+02;8.693363667e-01
6.253985596e+02;8.706406355e-01
6.256262207e+02;8.706672192e-01
6.258538818e+02;8.710132241e-01
6.260816040e+02;8.771352172e-01
6.263093262e+02;8.819528818e-01
6.265370483e+02;8.745799661e-01
6.267647705e+02;8.814737797e-01
6.269924927e+02;8.901509643e-01
6.272202759e+02;8.751388788e-01
6.274480591e+02;8.768157959e-01
6.276757812e+02;8.812608719e-01
6.279035645e+02;8.833103776e-01
6.281314087e+02;8.771618009e-01
6.283591919e+02;8.915084600e-01
6.285869751e+02;8.798767328e-01
6.288148193e+02;8.867439628e-01
6.290426636e+02;8.769222498e-01
6.292705078e+02;8.841621280e-01
6.294983521e+02;8.807551265e-01
6.297261963e+02;8.829643726e-01
6.299541016e+02;8.816335201e-01
6.301819458e+02;8.807018995e-01
6.304098511e+02;8.812874556e-01
6.306377563e+02;8.844815493e-01
6.308656616e+02;8.829909563e-01
6.310936279e+02;8.928393126e-01
6.313215332e+02;8.902041912e-01
6.315494995e+02;8.889266253e-01
6.317774658e+02;8.945162296e-01
6.320054321e+02;8.974440694e-01
6.322333984e+02;8.818464279e-01
6.324613647e+02;8.900445104e-01
6.326893921e+02;9.000791907e-01
6.329173584e+02;8.969117403e-01
6.331453857e+02;8.957405686e-01
6.333734131e+02;8.885539770e-01
6.336014404e+02;9.043112993e-01
6.338294678e+02;8.969916105e-01
6.340575562e+02;8.971247077e-01
6.342855835e+02;8.970980644e-01
6.345136719e+02;8.931320906e-01
6.347417603e+02;9.003187418e-01
6.349698486e+02;8.979498148e-01
6.351979980e+02;8.928659558e-01
6.354260864e+02;9.002920985e-01
6.356542358e+02;8.996000886e-01
6.358823853e+02;8.996000886e-01
6.361105347e+02;8.977901340e-01
6.363386841e+02;8.999460936e-01
6.365668335e+02;9.011172652e-01
6.367949829e+02;9.103001952e-01
6.370231934e+02;9.109389782e-01
6.372514038e+02;9.080643058e-01
6.374796143e+02;9.130417705e-01
6.377078247e+02;9.018891454e-01
6.379360352e+02;8.980296850e-01
6.381643066e+02;9.059349895e-01
6.383925171e+02;9.151178598e-01
6.386207886e+02;8.978965878e-01
6.388490601e+02;9.113116264e-01
6.390773315e+02;9.124295712e-01
6.393056030e+02;9.097944498e-01
6.395339355e+02;9.117907286e-01
6.397622070e+02;9.133345485e-01
6.399905396e+02;9.219654799e-01
6.402188721e+02;9.120588899e-01
6.404472046e+02;9.148320556e-01
6.406755371e+02;9.145178199e-01
6.409039307e+02;9.240257144e-01
6.411323242e+02;9.269053340e-01
6.413606567e+02;9.264646173e-01
6.415890503e+02;9.189679623e-01
6.418174438e+02;9.153406620e-01
6.420458984e+02;9.206970930e-01
6.422742920e+02;9.207057357e-01
6.425027466e+02;9.302449822e-01
6.427311401e+02;9.194515347e-01
6.429595947e+02;9.166119695e-01
6.431880493e+02;9.205418825e-01
6.434165649e+02;9.036690593e-01
6.436450195e+02;9.144363999e-01
6.438735352e+02;9.279478788e-01
6.441019897e+02;9.303054810e-01
6.443305054e+02;9.075349569e-01
6.445590210e+02;9.021496177e-01
6.447875977e+02;9.132503271e-01
6.450161133e+02;9.094119072e-01
6.452446899e+02;9.088529348e-01
6.454732056e+02;9.082132578e-01
6.457017822e+02;8.962507844e-01
6.459303589e+02;9.207444787e-01
6.461589966e+02;9.094359875e-01
6.463875732e+02;9.038509727e-01
6.466162109e+02;9.232261777e-01
6.468447876e+02;9.139618278e-01
6.470734253e+02;8.982278705e-01
6.473020630e+02;9.139283299e-01
6.475307617e+02;9.231458306e-01
6.477593994e+02;9.253822565e-01
6.479880981e+02;9.253031015e-01
6.482167358e+02;9.262804985e-01
6.484454346e+02;9.263343215e-01
6.486741333e+02;9.041695595e-01
6.489028320e+02;9.246382117e-01
6.491315918e+02;9.155343175e-01
6.493602905e+02;9.086924195e-01
6.495890503e+02;9.144790769e-01
6.498178101e+02;9.110987186e-01
6.500465698e+02;9.012769461e-01
6.502753296e+02;9.076917171e-01
6.505041504e+02;9.067867398e-01
6.507329102e+02;8.999195099e-01
6.509617310e+02;8.964592814e-01
6.511905518e+02;8.984555602e-01
6.514193726e+02;8.933450580e-01
6.516481934e+02;9.059615731e-01
6.518770142e+02;9.064939022e-01
6.521058960e+02;8.952348828e-01
6.523347778e+02;8.950751424e-01
6.525636597e+02;8.925997615e-01
6.527925415e+02;9.034329653e-01
6.530214233e+02;8.992007971e-01
6.532503052e+02;8.929989934e-01
6.534792480e+02;8.960334063e-01
6.537081299e+02;8.933184147e-01
6.539370728e+02;9.055356979e-01
6.541660156e+02;8.910293579e-01
6.543949585e+02;8.928659558e-01
6.546239624e+02;8.959003091e-01
6.548529053e+02;8.839225769e-01
6.550819092e+02;8.978965878e-01
6.553109131e+02;8.869037032e-01
6.555399170e+02;8.963261843e-01
6.557689209e+02;8.974440694e-01
6.559979248e+02;8.893525004e-01
6.562269897e+02;8.952082396e-01
6.564560547e+02;8.875957131e-01
6.566851196e+02;8.926529884e-01
6.569141846e+02;8.968851566e-01
6.571432495e+02;8.945428133e-01
6.573723145e+02;8.960334063e-01
6.576014404e+02;8.937709332e-01
6.578305054e+02;8.961398602e-01
6.580596313e+02;8.848807812e-01
6.582887573e+02;8.870368004e-01
6.585178833e+02;8.920940161e-01
6.587470703e+02;8.885539770e-01
6.589761963e+02;8.834967017e-01
6.592053833e+02;8.854131103e-01
6.594345703e+02;8.908696771e-01
6.596637573e+02;8.875691295e-01
6.598929443e+02;8.842685819e-01
6.601221313e+02;8.813939691e-01
6.603513794e+02;8.828845024e-01
6.605805664e+02;8.865044117e-01
6.608098145e+02;8.794775009e-01
6.610390625e+02;8.759906292e-01
6.612683105e+02;8.789717555e-01
6.614975586e+02;8.871964812e-01
6.617268677e+02;8.731692433e-01
6.619561768e+02;8.731692433e-01
6.621854248e+02;8.795573711e-01
6.624147339e+02;8.760172725e-01
6.626441040e+02;8.782531023e-01
6.628734131e+02;8.860519528e-01
6.631027222e+02;8.779603243e-01
6.633320923e+02;8.744468689e-01
6.635614624e+02;8.755647540e-01
6.637908325e+02;8.734354377e-01
6.640202026e+02;8.707736731e-01
6.642495728e+02;8.726102710e-01
6.644790039e+02;8.722908497e-01
6.647083740e+02;8.759906292e-01
6.649378052e+02;8.763100505e-01
6.651672363e+02;8.789185286e-01
6.653966675e+02;8.801695704e-01
6.656260986e+02;8.837628961e-01
6.658555908e+02;8.755647540e-01
6.660850220e+02;8.742073178e-01
6.663145142e+02;8.700017929e-01
6.665440063e+02;8.755115271e-01
6.667734985e+02;8.739411235e-01
6.670030518e+02;8.676328659e-01
6.672325439e+02;8.730627894e-01
6.674620972e+02;8.694428205e-01
6.676915894e+02;8.725570440e-01
6.679211426e+02;8.704276681e-01
6.681506958e+02;8.665947914e-01
6.683803101e+02;8.582370281e-01
6.686098633e+02;8.641194105e-01
6.688394775e+02;8.674199581e-01
6.690690308e+02;8.614044785e-01
6.692986450e+02;8.693630099e-01
6.695282593e+02;8.599671125e-01
6.697579346e+02;8.628683686e-01
6.699875488e+02;8.653171659e-01
6.702172241e+02;8.572521806e-01
6.704468384e+02;8.650776148e-01
6.706765137e+02;8.690701723e-01
6.709061890e+02;8.720247149e-01
6.711359253e+02;8.607656360e-01
6.713656006e+02;8.669674397e-01
6.715953369e+02;8.657962680e-01
6.718250122e+02;8.590089083e-01
6.720547485e+02;8.691766858e-01
6.722844849e+02;8.521150947e-01
6.725142822e+02;8.579176068e-01
6.727440186e+02;8.582370281e-01
6.729738159e+02;8.643323183e-01
6.732035522e+02;8.611649275e-01
6.734333496e+02;8.580240607e-01
6.736631470e+02;8.564270735e-01
6.738929443e+02;8.648380637e-01
6.741228027e+02;8.645718694e-01
6.743526001e+02;8.608720899e-01
6.745824585e+02;8.687241673e-01
6.748123169e+02;8.548300266e-01
6.750421753e+02;8.578643799e-01
6.752720337e+02;8.702945709e-01
6.755019531e+02;8.626288176e-01
6.757318115e+02;8.620964885e-01
6.759617310e+02;8.606325388e-01
6.761916504e+02;8.556285501e-01
6.764215698e+02;8.543242812e-01
6.766514893e+02;8.596743345e-01
6.768814087e+02;8.575981855e-01
6.771113892e+02;8.640395403e-01
6.773413696e+02;8.525409698e-01
6.775712891e+02;8.574385047e-01
6.778012695e+02;8.603397608e-01
6.780313110e+02;8.560011983e-01
6.782612915e+02;8.671005368e-01
6.784912720e+02;8.610051870e-01
6.787213135e+02;8.544840217e-01
6.789513550e+02;8.547767997e-01
6.791813965e+02;8.587427139e-01
6.794114380e+02;8.561608791e-01
6.796415405e+02;8.533660769e-01
6.798715820e+02;8.635338545e-01
6.801016846e+02;8.536854982e-01
6.803317871e+02;8.558946848e-01
6.805618896e+02;8.520352244e-01
6.807919922e+02;8.567730784e-01
6.810220947e+02;8.548300266e-01
6.812522583e+02;8.512899280e-01
6.814823608e+02;8.517690301e-01
6.817125244e+02;8.565068841e-01
6.819426880e+02;8.598606586e-01
6.821728516e+02;8.585031629e-01
6.824030151e+02;8.493468761e-01
6.826332397e+02;8.442097902e-01
6.828634644e+02;8.432781696e-01
6.830936279e+02;8.573852777e-01
6.833238525e+02;8.568529487e-01
6.835540771e+02;8.555486798e-01
6.837843628e+02;8.558414578e-01
6.840145874e+02;8.501187563e-01
6.842448730e+02;8.545638323e-01
6.844751587e+02;8.532596231e-01
6.847054443e+02;8.461794257e-01
6.849357300e+02;8.554954529e-01
6.851660156e+02;8.612713814e-01
6.853963623e+02;8.534991741e-01
6.856266479e+02;8.504381776e-01
6.858569946e+02;8.553623557e-01
6.860873413e+02;8.512367010e-01
6.863176880e+02;8.475102782e-01
6.865480347e+02;8.483088017e-01
6.867784424e+02;8.386734128e-01
6.870087891e+02;8.410689235e-01
6.872391968e+02;8.451679945e-01
6.874696045e+02;8.359318376e-01
6.877000122e+02;8.490806818e-01
6.879304199e+02;8.428522944e-01
6.881608887e+02;8.490540981e-01
6.883912964e+02;8.444226980e-01
6.886217651e+02;8.482555747e-01
6.888522339e+02;8.394187093e-01
6.890827026e+02;8.468980789e-01
6.893131714e+02;8.416278958e-01
6.895437012e+02;8.389661908e-01
6.897741699e+02;8.338823318e-01
6.900046997e+02;8.351333141e-01
6.902352295e+02;8.414415717e-01
6.904657593e+02;8.384870887e-01
6.906962891e+02;8.328176141e-01
6.909268799e+02;8.321256042e-01
6.911574097e+02;8.342283368e-01
6.913880005e+02;8.334032297e-01
6.916185913e+02;8.336693645e-01
6.918491821e+02;8.343347907e-01
6.920797729e+02;8.291178346e-01
6.923104248e+02;8.316997290e-01
6.925410156e+02;8.342283368e-01
6.927716675e+02;8.353196383e-01
6.930023193e+02;8.342283368e-01
6.932329712e+02;8.285855055e-01
6.934636230e+02;8.316730857e-01
6.936942749e+02;8.314335346e-01
6.939249878e+02;8.282128572e-01
6.941557007e+02;8.239807487e-01
6.943864136e+02;8.267755508e-01
6.946171265e+02;8.193227053e-01
6.948478394e+02;8.269618750e-01
6.950785522e+02;8.221973777e-01
6.953093262e+02;8.283459544e-01
6.955400391e+02;8.185241818e-01
6.957708130e+02;8.212657571e-01
6.960015869e+02;8.239008784e-01
6.962323608e+02;8.219844699e-01
6.964631958e+02;8.227031231e-01
6.966939697e+02;8.183112741e-01
6.969248047e+02;8.167674541e-01
6.971556396e+02;8.241137862e-01
6.973864746e+02;8.252583742e-01
6.976173096e+02;8.276805282e-01
6.978481445e+02;8.261101246e-01
6.980790405e+02;8.232886791e-01
6.983099365e+02;8.173796535e-01
6.985407715e+02;8.240073323e-01
6.987716675e+02;8.188968301e-01
6.990025635e+02;8.166610003e-01
6.992335205e+02;8.108584881e-01
6.994644165e+02;8.166344166e-01
6.996953735e+02;8.098736405e-01
6.999263306e+02;8.186306953e-01
7.001572876e+02;8.115771413e-01
7.003882446e+02;8.144518137e-01
7.006192017e+02;8.143985271e-01
7.008502197e+02;8.171401024e-01
7.010811768e+02;8.140259385e-01
7.013121948e+02;8.169804215e-01
7.015432129e+02;8.198816776e-01
7.017742310e+02;8.158092499e-01
7.020052490e+02;8.136798739e-01
7.022363281e+02;8.141856194e-01
7.024674072e+02;8.169804215e-01
7.026984253e+02;8.206535578e-01
7.029295044e+02;8.194824457e-01
7.031605835e+02;8.142388463e-01
7.033917236e+02;8.129346371e-01
7.036228027e+02;8.177789450e-01
7.038539429e+02;8.042573929e-01
7.040850220e+02;8.121361136e-01
7.043161621e+02;8.136532903e-01
7.045473022e+02;8.105922937e-01
7.047785034e+02;8.072119355e-01
7.050096436e+02;8.095542192e-01
7.052408447e+02;8.063335419e-01
7.054719849e+02;8.120030165e-01
7.057031860e+02;8.163948655e-01
7.059343872e+02;8.213456273e-01
7.061656494e+02;8.143187165e-01
7.063968506e+02;8.211593032e-01
7.066281128e+02;8.198550940e-01
7.068593140e+02;8.141057491e-01
7.070905762e+02;8.146913648e-01
7.073218384e+02;8.167940974e-01
7.075531616e+02;8.111246228e-01
7.077844238e+02;8.151970506e-01
7.080157471e+02;8.104591966e-01
7.082470093e+02;8.185241818e-01
7.084783325e+02;8.056681156e-01
7.087096558e+02;8.158092499e-01
7.089409790e+02;8.152769208e-01
7.091723633e+02;8.125353456e-01
7.094036865e+02;8.059076667e-01
7.096350708e+02;8.092082143e-01
7.098664551e+02;8.125353456e-01
7.100978394e+02;8.172199726e-01
7.103292236e+02;8.109382987e-01
7.105606689e+02;8.134935498e-01
7.107920532e+02;8.100865483e-01
7.110234985e+02;8.208931684e-01
7.112549438e+02;8.083298206e-01
7.114863892e+02;8.057479858e-01
7.117178345e+02;8.097139597e-01
7.119492798e+02;8.052156568e-01
7.121807861e+02;7.951011062e-01
7.124122314e+02;8.130144477e-01
7.126437378e+02;8.038581610e-01
7.128752441e+02;8.015956879e-01
7.131067505e+02;8.101131916e-01
7.133383179e+02;8.003180623e-01
7.135698242e+02;7.903366685e-01
7.138013916e+02;8.004511595e-01
7.140329590e+02;7.935307026e-01
7.142645264e+02;8.018884659e-01
7.144960938e+02;7.864239216e-01
7.147276611e+02;7.932911515e-01
7.149592896e+02;7.934242487e-01
7.151908569e+02;7.917739749e-01
7.154224854e+02;7.855455279e-01
7.156541138e+02;7.815529704e-01
7.158857422e+02;7.799026966e-01
7.161173706e+02;7.781991959e-01
7.163490601e+02;7.781726122e-01
7.165806885e+02;7.773208618e-01
7.168123779e+02;7.797163725e-01
7.170440674e+02;7.725031376e-01
7.172757568e+02;7.737541795e-01
7.175075073e+02;7.762827873e-01
7.177391968e+02;7.668869495e-01
7.179709473e+02;7.617764473e-01
7.182026367e+02;7.595672011e-01
7.184343872e+02;7.681379318e-01
7.186661377e+02;7.660884261e-01
7.188979492e+02;7.655028105e-01
7.191296997e+02;7.626281977e-01
7.193615112e+02;7.661682367e-01
7.195933228e+02;7.602592707e-01
7.198250732e+02;7.605786324e-01
7.200569458e+02;7.597268820e-01
7.202887573e+02;7.631338835e-01
7.205205688e+02;7.513957620e-01
7.207524414e+02;7.534718513e-01
7.209842529e+02;7.531524897e-01
7.212161255e+02;7.396309376e-01
7.214479980e+02;7.470039129e-01
7.216799316e+02;7.373418808e-01
7.219118042e+02;7.412279844e-01
7.221437378e+02;7.441558838e-01
7.223756104e+02;7.417869568e-01
7.226075439e+02;7.426120639e-01
7.228394775e+02;7.314062715e-01
7.230714111e+02;7.397640347e-01
7.233034058e+02;7.386727333e-01
7.235353394e+02;7.400035858e-01
7.237673340e+02;7.357980609e-01
7.239993286e+02;7.302350998e-01
7.242313232e+02;7.221168876e-01
7.244633179e+02;7.320184708e-01
7.246953735e+02;7.241663933e-01
7.249273682e+02;7.335888743e-01
7.251594238e+02;7.202536464e-01
7.253914795e+02;7.209457159e-01
7.256235352e+02;7.148770094e-01
7.258555908e+02;7.263489962e-01
7.260876465e+02;7.158085704e-01
7.263197632e+02;7.167136073e-01
7.265518188e+02;7.132267356e-01
7.267839355e+02;7.120023370e-01
7.270160522e+02;7.125080824e-01
7.272481689e+02;7.127209902e-01
7.274803467e+02;7.098996043e-01
7.277124634e+02;7.050020099e-01
7.279446411e+02;7.050020099e-01
7.281768188e+02;7.118958831e-01
7.284089355e+02;7.069184780e-01
7.286411743e+02;7.035913467e-01
7.288733521e+02;7.051351070e-01
7.291055298e+02;6.953133941e-01
7.293377686e+02;6.972032189e-01
7.295700073e+02;6.930243373e-01
7.298022461e+02;6.993325949e-01
7.300344849e+02;7.017015219e-01
7.302667236e+02;6.930243373e-01
7.304990234e+02;6.987469792e-01
7.307312622e+02;6.914006472e-01
7.309635620e+02;6.934767962e-01
7.311958618e+02;6.897503734e-01
7.314281616e+02;6.881267428e-01
7.316604614e+02;6.855449080e-01
7.318928223e+02;6.886857152e-01
7.321251221e+02;6.788373590e-01
7.323574829e+02;6.874080896e-01
7.325898438e+02;6.840809584e-01
7.328222046e+02;6.771870852e-01
7.330545654e+02;6.737002730e-01
7.332869873e+02;6.728485227e-01
7.335193481e+02;6.782251596e-01
7.337517700e+02;6.751908064e-01
7.339841919e+02;6.731945276e-01
7.342166138e+02;6.685099006e-01
7.344490356e+02;6.654223204e-01
7.346815186e+02;6.735937595e-01
7.349139404e+02;6.670991778e-01
7.351464233e+02;6.573041081e-01
7.353789062e+02;6.621484160e-01
7.356113892e+02;6.607909203e-01
7.358438721e+02;6.516079903e-01
7.360763550e+02;6.634526253e-01
7.363088989e+02;6.544826627e-01
7.365414429e+02;6.606312394e-01
7.367739258e+02;6.536575556e-01
7.370065308e+02;6.556538343e-01
7.372390747e+02;6.472694278e-01
7.374716187e+02;6.515015364e-01
7.377042236e+02;6.535776854e-01
7.379367676e+02;6.449803114e-01
7.381693726e+02;6.404820085e-01
7.384019775e+02;6.475089788e-01
7.386345825e+02;6.402957439e-01
7.388672485e+02;6.344133019e-01
7.390998535e+02;6.333486438e-01
7.393325195e+02;6.362498999e-01
7.395651855e+02;6.360902190e-01
7.397978516e+02;6.321508884e-01
7.400305176e+02;6.202263832e-01
7.402631836e+02;6.339341998e-01
7.404959106e+02;6.306602955e-01
7.407285767e+02;6.387252808e-01
7.409613037e+02;6.189221144e-01
7.411940308e+02;6.283445954e-01
7.414267578e+02;6.192415357e-01
7.416594849e+02;6.183632016e-01
7.418922729e+02;6.112564206e-01
7.421250000e+02;6.231010556e-01
7.423577881e+02;6.147166491e-01
7.425905762e+02;6.125872731e-01
7.428233643e+02;6.130929589e-01
7.430562134e+02;6.145835519e-01
7.432890015e+02;6.059595942e-01
7.435218506e+02;6.063055992e-01
7.437546387e+02;5.995714664e-01
7.439874878e+02;6.023662686e-01
7.442203369e+02;6.046020985e-01
7.444532471e+02;6.076630950e-01
7.446860962e+02;6.015411615e-01
7.449190063e+02;5.941415429e-01
7.451518555e+02;5.958184600e-01
7.453847656e+02;5.963507891e-01
7.456176758e+02;5.898029804e-01
7.458506470e+02;5.944077373e-01
7.460835571e+02;5.904949903e-01
7.463164673e+02;5.956054926e-01
7.465494385e+02;5.862895250e-01
7.467824097e+02;5.908676386e-01
7.470153809e+02;5.920654535e-01
7.472483521e+02;5.857039094e-01
7.474813843e+02;5.784640312e-01
7.477143555e+02;5.773195028e-01
7.479473877e+02;5.765742660e-01
7.481804199e+02;5.744981170e-01
7.484134521e+02;5.758555532e-01
7.486464844e+02;5.727679729e-01
7.488795166e+02;5.727413893e-01
7.491126099e+02;5.805401802e-01
7.493457031e+02;5.690416098e-01
7.495787354e+02;5.663532615e-01
7.498118286e+02;5.644102097e-01
7.500449829e+02;5.692012906e-01
7.502780762e+02;5.675510168e-01
7.505111694e+02;5.643569827e-01
7.507443237e+02;5.624937415e-01
7.509774780e+02;5.585544109e-01
7.512106323e+02;5.556797981e-01
7.514437866e+02;5.582616329e-01
7.516769409e+02;5.497973561e-01
7.519101562e+02;5.559193492e-01
7.521433105e+02;5.454587936e-01
7.523765259e+02;5.493714809e-01
7.526097412e+02;5.530979037e-01
7.528429565e+02;5.507822037e-01
7.530762329e+02;5.459378958e-01
7.533094482e+02;5.377398133e-01
7.535427246e+02;5.445538163e-01
7.537759399e+02;5.504095554e-01
7.540092163e+02;5.379793644e-01
7.542425537e+02;5.450861454e-01
7.544758301e+02;5.386714339e-01
7.547091064e+02;5.414928198e-01
7.549424438e+02;5.327889919e-01
7.551757812e+02;5.394698977e-01
7.554090576e+02;5.435157418e-01
7.556424561e+02;5.330551863e-01
7.558757935e+02;5.352377892e-01
7.561091309e+02;5.386181474e-01
7.563425293e+02;5.232334733e-01
7.565759277e+02;5.348119140e-01
7.568092651e+02;5.300208330e-01
7.570426636e+02;5.307661295e-01
7.572761230e+02;5.295949578e-01
7.575095215e+02;5.311121345e-01
7.577429810e+02;5.347054601e-01
7.579763794e+02;5.227543712e-01
7.582098389e+02;5.248571038e-01
7.584432983e+02;5.243780017e-01
7.586767578e+02;5.268533826e-01
7.589102783e+02;5.165791512e-01
7.591437378e+02;5.173510313e-01
7.593772583e+02;5.177236795e-01
7.596107788e+02;5.165259242e-01
7.598442993e+02;5.185222030e-01
7.600778198e+02;5.113621950e-01
7.603113403e+02;5.102975368e-01
7.605449219e+02;5.140239000e-01
7.607785034e+02;5.110161901e-01
7.610120239e+02;5.145828724e-01
7.612456055e+02;5.079551935e-01
7.614792480e+02;5.097917914e-01
7.617128296e+02;5.046014190e-01
7.619464111e+02;5.101112127e-01
7.621800537e+02;4.982665479e-01
7.624136963e+02;5.019663572e-01
7.626473389e+02;5.031108856e-01
7.628809814e+02;5.028979182e-01
7.631146240e+02;5.017001629e-01
7.633483276e+02;4.982931614e-01
7.635819702e+02;4.998635948e-01
7.638156738e+02;4.970687926e-01
7.640493774e+02;5.017001629e-01
7.642830811e+02;4.935819507e-01
7.645167847e+02;4.861823618e-01
7.647505493e+02;4.926769435e-01
7.649842529e+02;4.923575521e-01
7.652180176e+02;4.917985797e-01
7.654517822e+02;4.908137619e-01
7.656855469e+02;4.990650713e-01
7.659193726e+02;4.890570343e-01
7.661531372e+02;4.950458705e-01
7.663869019e+02;4.829350710e-01
7.666207275e+02;4.896159768e-01
7.668545532e+02;4.857564867e-01
7.670883789e+02;4.840795994e-01
7.673222046e+02;4.831746221e-01
7.675560913e+02;4.801668823e-01
7.677899170e+02;4.734593630e-01
7.680238037e+02;4.816574454e-01
7.682576904e+02;4.755088985e-01
7.684915771e+02;4.731665850e-01
7.687254639e+02;4.700789750e-01
7.689594116e+02;4.726874828e-01
7.691932983e+02;4.793417454e-01
7.694272461e+02;4.771059155e-01
7.696611938e+02;4.702652991e-01
7.698951416e+02;4.673640430e-01
7.701290894e+02;4.703185260e-01
7.703630371e+02;4.651015699e-01
7.705970459e+02;4.623600245e-01
7.708309937e+02;4.617744386e-01
7.710650024e+02;4.653145075e-01
7.712990112e+02;4.619341493e-01
7.715330200e+02;4.595918357e-01
7.717670898e+02;4.604169726e-01
7.720010986e+02;4.611622393e-01
7.722351685e+02;4.585803747e-01
7.724692383e+02;4.616945684e-01
7.727033081e+02;4.594853520e-01
7.729373779e+02;4.554661810e-01
7.731714478e+02;4.582077265e-01
7.734055176e+02;4.501427412e-01
7.736396484e+02;4.537094235e-01
7.738737793e+02;4.452717900e-01
7.741079102e+02;4.508081675e-01
7.743420410e+02;4.475608766e-01
7.745761719e+02;4.455379546e-01
7.748103638e+02;4.501161277e-01
7.750444946e+02;4.409598112e-01
7.752786865e+02;4.451120794e-01
7.755128784e+02;4.405339360e-01
7.757470703e+02;4.383513331e-01
7.759812622e+02;4.398951232e-01
7.762155151e+02;4.418381751e-01
7.764497070e+02;4.321229160e-01
7.766839600e+02;4.397354126e-01
7.769182129e+02;4.412525892e-01
7.771524658e+02;4.359291792e-01
7.773867188e+02;4.366212189e-01
7.776209717e+02;4.314574897e-01
7.778552856e+02;4.375794232e-01
7.780895996e+02;4.275979996e-01
7.783239136e+02;4.332940876e-01
7.785582275e+02;4.276246130e-01
7.787925415e+02;4.321495295e-01
7.790268555e+02;4.251492321e-01
7.792612305e+02;4.224874973e-01
7.794955444e+02;4.254420102e-01
7.797299194e+02;4.231529236e-01
7.799642944e+02;4.246967435e-01
7.801986694e+02;4.226472080e-01
7.804331055e+02;4.149814546e-01
7.806674805e+02;4.182287753e-01
7.809019165e+02;4.148483872e-01
7.811363525e+02;4.237385094e-01
7.813707886e+02;4.116277099e-01
7.816052246e+02;4.122665226e-01
7.818396606e+02;4.110421240e-01
7.820741577e+02;4.159130752e-01
7.823085938e+02;4.095515609e-01
7.825430908e+02;4.135973752e-01
7.827775879e+02;4.126391709e-01
7.830120850e+02;4.078480601e-01
7.832465820e+02;4.051597416e-01
7.834811401e+02;4.111486077e-01
7.837156372e+02;4.013800919e-01
7.839501953e+02;4.035893381e-01
7.841847534e+02;4.033231437e-01
7.844193115e+02;4.072891176e-01
7.846539307e+02;4.037490189e-01
7.848884888e+02;3.980795741e-01
7.851231079e+02;4.038022757e-01
7.853576660e+02;4.010340869e-01
7.855922852e+02;3.966954648e-01
7.858269043e+02;3.979198635e-01
7.860615845e+02;3.926762938e-01
7.862962036e+02;3.976536989e-01
7.865308228e+02;3.934481740e-01
7.867655029e+02;3.934748173e-01
7.870001831e+02;3.939805329e-01
7.872348633e+02;3.945661187e-01
7.874695435e+02;3.932352364e-01
7.877042847e+02;3.950452209e-01
7.879389648e+02;3.917979300e-01
7.881737061e+02;3.920374811e-01
7.884084473e+02;3.897217810e-01
7.886431885e+02;3.856493533e-01
7.888779297e+02;3.933151066e-01
7.891126709e+02;3.870866895e-01
7.893474731e+02;3.845580518e-01
7.895822144e+02;3.850637674e-01
7.898170166e+02;3.867140412e-01
7.900518188e+02;3.837329149e-01
7.902866211e+02;3.879650533e-01
7.905214844e+02;3.858090639e-01
7.907562866e+02;3.785425723e-01
7.909911499e+02;3.763067424e-01
7.912260132e+02;3.843185008e-01
7.914608765e+02;3.822956085e-01
7.916957397e+02;3.858622909e-01
7.919306030e+02;3.826150000e-01
7.921655273e+02;3.816834092e-01
7.924003906e+02;3.789152205e-01
7.926353149e+02;3.811510503e-01
7.928702393e+02;3.817366362e-01
7.931051636e+02;3.762801290e-01
7.933400879e+02;3.721544743e-01
7.935750732e+02;3.672835231e-01
7.938099976e+02;3.794475496e-01
7.940449829e+02;3.726868033e-01
7.942799683e+02;3.705840409e-01
7.945149536e+02;3.742572069e-01
7.947499390e+02;3.765462935e-01
7.949849854e+02;3.673101366e-01
7.952199707e+02;3.738845885e-01
7.954550171e+02;3.721012175e-01
7.956900635e+02;3.699452281e-01
7.959251099e+02;3.629183173e-01
7.961601562e+02;3.727932572e-01
7.963952026e+02;3.678957224e-01
7.966303101e+02;3.665648699e-01
7.968654175e+02;3.687208593e-01
7.971004639e+02;3.613744974e-01
7.973355713e+02;3.629981577e-01
7.975707397e+02;3.694395125e-01
7.978058472e+02;3.663785458e-01
7.980410156e+02;3.624125719e-01
7.982761230e+02;3.578344285e-01
7.985112915e+02;3.595113158e-01
7.987464600e+02;3.615874350e-01
7.989816284e+02;3.582336903e-01
7.992167969e+02;3.556518257e-01
7.994520264e+02;3.591918945e-01
7.996872559e+02;3.534958363e-01
7.999224243e+02;3.551194668e-01
8.001576538e+02;3.556784391e-01
8.003928833e+02;3.569826782e-01
8.006281738e+02;3.529102504e-01
8.008634033e+02;3.591652811e-01
8.010986938e+02;3.539217114e-01
8.013339844e+02;3.521649837e-01
8.015692749e+02;3.535756767e-01
8.018045654e+02;3.535490632e-01
8.020398560e+02;3.483587205e-01
8.022751465e+02;3.457768559e-01
8.025104980e+02;3.492636979e-01
8.027458496e+02;3.478796184e-01
8.029812012e+02;3.414382637e-01
8.032165527e+02;3.427957296e-01
8.034519043e+02;3.418109119e-01
8.036872559e+02;3.504614830e-01
8.039226685e+02;3.409591615e-01
8.041580811e+02;3.403469622e-01
8.043934326e+02;3.414116502e-01
8.046288452e+02;3.380578756e-01
8.048643188e+02;3.401872516e-01
8.050997314e+02;3.412519395e-01
8.053352051e+02;3.361680508e-01
8.055706177e+02;3.326013684e-01
8.058060913e+02;3.347839713e-01
8.060415649e+02;3.312705159e-01
8.062770386e+02;3.300727308e-01
8.065125732e+02;3.311108053e-01
8.067480469e+02;3.268520534e-01
8.069835815e+02;3.284490705e-01
8.072191162e+02;3.306849301e-01
8.074546509e+02;3.285023272e-01
8.076901855e+02;3.266391158e-01
8.079257202e+02;3.274376392e-01
8.081613159e+02;3.220875859e-01
8.083968506e+02;3.279167414e-01
8.086324463e+02;3.225134611e-01
8.088680420e+02;3.205171824e-01
8.091036377e+02;3.203308582e-01
8.093392334e+02;3.192661703e-01
8.095748901e+02;3.214487731e-01
8.098104858e+02;3.215818703e-01
8.100461426e+02;3.198517561e-01
8.102817993e+02;3.204373121e-01
8.105174561e+02;3.188136816e-01
8.107531128e+02;3.135966957e-01
8.109888306e+02;3.136499524e-01
8.112244873e+02;3.150074184e-01
8.114602051e+02;3.100300133e-01
8.116959229e+02;3.118665814e-01
8.119316406e+02;3.065165579e-01
8.121673584e+02;3.109083772e-01
8.124031372e+02;3.090451658e-01
8.126388550e+02;3.080869615e-01
8.128746338e+02;3.107486665e-01
8.131104126e+02;3.023642600e-01
8.133461914e+02;3.041476309e-01
8.135819702e+02;2.972804010e-01
8.138177490e+02;2.993565202e-01
8.140535889e+02;3.001018167e-01
8.142894287e+02;3.028167486e-01
8.145252075e+02;2.972005308e-01
8.147610474e+02;2.960293889e-01
8.149969482e+02;2.956035137e-01
8.152327881e+02;3.012729585e-01
8.154686279e+02;2.952042520e-01
8.157045288e+02;2.910785973e-01
8.159404297e+02;2.897211313e-01
8.161763306e+02;2.939266264e-01
8.164122314e+02;2.931547463e-01
8.166481323e+02;2.852760553e-01
8.168840942e+02;2.911850512e-01
8.171199951e+02;2.895081937e-01
8.173559570e+02;2.847170830e-01
8.175919189e+02;2.868730724e-01
8.178278809e+02;2.831200659e-01
8.180638428e+02;2.907591760e-01
8.182998657e+02;2.780361772e-01
8.185358276e+02;2.788080871e-01
8.187718506e+02;2.785685360e-01
8.190078735e+02;2.838121057e-01
8.192438965e+02;2.810173035e-01
8.194799194e+02;2.843444645e-01
8.197160034e+02;2.806979120e-01
8.199520264e+02;2.752413750e-01
8.201881104e+02;2.778232396e-01
8.204241943e+02;2.786749899e-01
8.206602783e+02;2.747888863e-01
8.208963623e+02;2.761463821e-01
8.211325073e+02;2.687467933e-01
8.213685913e+02;2.730321586e-01
8.216047363e+02;2.733249366e-01
8.218408813e+02;2.689863443e-01
8.220770264e+02;2.704236805e-01
8.223131714e+02;2.758003473e-01
8.225493164e+02;2.664843500e-01
8.227855225e+02;2.695187032e-01
8.230216675e+02;2.686137259e-01
8.232578735e+02;2.651268542e-01
8.234940796e+02;2.670432925e-01
8.237302856e+02;2.640621662e-01
8.239665527e+02;2.649139166e-01
8.242027588e+02;2.679482698e-01
8.244390259e+02;2.636895478e-01
8.246752930e+02;2.608414888e-01
8.249115601e+02;2.622522116e-01
8.251478271e+02;2.624119222e-01
8.253840942e+02;2.552252710e-01
8.256203613e+02;2.590049207e-01
8.258566895e+02;2.556245327e-01
8.260930176e+02;2.552518845e-01
8.263293457e+02;2.557310164e-01
8.265656738e+02;2.615069449e-01
8.268020020e+02;2.531757653e-01
8.270383301e+02;2.573014200e-01
8.272747192e+02;2.569021583e-01
8.275111084e+02;2.536548674e-01
8.277474976e+02;2.558108568e-01
8.279838867e+02;2.552252710e-01
8.282202759e+02;2.554382086e-01
8.284566650e+02;2.542670667e-01
8.286931152e+02;2.526700199e-01
8.289295044e+02;2.525635660e-01
8.291659546e+02;2.494493574e-01
8.294024048e+02;2.519247532e-01
8.296388550e+02;2.512061000e-01
8.298753662e+02;2.506737411e-01
8.301118164e+02;2.496622950e-01
8.303483276e+02;2.544267774e-01
8.305848389e+02;2.471070439e-01
8.308213501e+02;2.496090531e-01
8.310578613e+02;2.478789389e-01
8.312943726e+02;2.501414120e-01
8.315309448e+02;2.447647303e-01
8.317674561e+02;2.453503162e-01
8.320040283e+02;2.496889085e-01
8.322406006e+02;2.511528432e-01
8.324771729e+02;2.448978275e-01
8.327138062e+02;2.428483069e-01
8.329503784e+02;2.449244410e-01
8.331870117e+02;2.467876375e-01
8.334235840e+02;2.456697226e-01
8.336602173e+02;2.480120361e-01
8.338968506e+02;2.430346161e-01
8.341335449e+02;2.450575233e-01
8.343701782e+02;2.441791594e-01
8.346068726e+02;2.430346161e-01
8.348435059e+02;2.389089614e-01
8.350802002e+02;2.439396083e-01
8.353168945e+02;2.343840450e-01
8.355535889e+02;2.447913587e-01
8.357903442e+02;2.357415259e-01
8.360270386e+02;2.396542430e-01
8.362637939e+02;2.376845777e-01
8.365005493e+02;2.410383373e-01
8.367373047e+02;2.432741821e-01
8.369740601e+02;2.410649508e-01
8.372108765e+02;2.423425764e-01
8.374476318e+02;2.322546691e-01
8.376844482e+02;2.367263585e-01
8.379212646e+02;2.335322946e-01
8.381580200e+02;2.389089614e-01
8.383948975e+02;2.367529720e-01
8.386317139e+02;2.377111912e-01
8.388685303e+02;2.383500040e-01
8.391054077e+02;2.287944406e-01
8.393422852e+02;2.358213663e-01
8.395791626e+02;2.311633676e-01
8.398160400e+02;2.351825535e-01
8.400529175e+02;2.270377129e-01
8.402898560e+02;2.334790677e-01
8.405267334e+02;2.316424847e-01
8.407636719e+02;2.312698364e-01
8.410006104e+02;2.309504300e-01
8.412375488e+02;2.347300649e-01
8.414744873e+02;2.311367542e-01
8.417114868e+02;2.294332534e-01
8.419484253e+02;2.336121500e-01
8.421854248e+02;2.315892428e-01
8.424224243e+02;2.326805443e-01
8.426594238e+02;2.317489535e-01
8.428964233e+02;2.268513888e-01
8.431334839e+02;2.322546691e-01
8.433704834e+02;2.259464115e-01
8.436075439e+02;2.226991057e-01
8.438446045e+02;2.261327207e-01
8.440816650e+02;2.205697447e-01
8.443187256e+02;2.209689915e-01
8.445557861e+02;2.280225456e-01
8.447929077e+02;2.221401483e-01
8.450299683e+02;2.263722867e-01
8.452670898e+02;2.182008177e-01
8.455042114e+02;2.271175683e-01
8.457413330e+02;2.187597752e-01
8.459785156e+02;2.244824618e-01
8.462156372e+02;2.202769518e-01
8.464528198e+02;2.202503383e-01
8.466899414e+02;2.215811908e-01
8.469271240e+02;2.226192653e-01
8.471643677e+02;2.228322029e-01
8.474015503e+02;2.182806581e-01
8.476387329e+02;2.151930779e-01
8.478759766e+02;2.183605134e-01
8.481132202e+02;2.187065333e-01
8.483504639e+02;2.179878801e-01
8.485877075e+02;2.177483141e-01
8.488249512e+02;2.186266929e-01
8.490621948e+02;2.140219212e-01
8.492994995e+02;2.172425985e-01
8.495368042e+02;2.106149197e-01
8.497740479e+02;2.125579715e-01
8.500113525e+02;2.156721801e-01
8.502487183e+02;2.136759013e-01
8.504860229e+02;2.077136487e-01
8.507233887e+02;2.112803459e-01
8.509606934e+02;2.113868147e-01
8.511980591e+02;2.124248892e-01
8.514354248e+02;2.114932835e-01
8.516727905e+02;2.099494934e-01
8.519102173e+02;2.075007111e-01
8.521475830e+02;2.125313580e-01
8.523850098e+02;2.058238387e-01
8.526224365e+02;2.030556500e-01
8.528598633e+02;2.071280777e-01
8.530972900e+02;2.078201175e-01
8.533347168e+02;2.064094096e-01
8.535721436e+02;2.031355053e-01
8.538096313e+02;2.002874613e-01
8.540471191e+02;2.058238387e-01
8.542846069e+02;2.006601095e-01
8.545220947e+02;2.069417536e-01
8.547595825e+02;2.028693259e-01
8.549971313e+02;2.065158784e-01
8.552346191e+02;1.982379407e-01
8.554721680e+02;2.013255358e-01
8.557097168e+02;1.978653073e-01
8.559472656e+02;2.003673166e-01
8.561848145e+02;1.959488690e-01
8.564224243e+02;1.987702847e-01
8.566599731e+02;1.961085647e-01
8.568975830e+02;1.976257563e-01
8.571351929e+02;1.969869435e-01
8.573728027e+02;2.007931918e-01
8.576104126e+02;1.951769739e-01
8.578480225e+02;1.936597973e-01
8.580856934e+02;1.899600029e-01
8.583233032e+02;1.929677427e-01
8.585609741e+02;1.931540668e-01
8.587986450e+02;1.910779327e-01
8.590363159e+02;1.937130243e-01
8.592740479e+02;1.880169511e-01
8.595117188e+02;1.899333894e-01
8.597494507e+02;1.900132447e-01
8.599871826e+02;1.864997745e-01
8.602249146e+02;1.916368902e-01
8.604626465e+02;1.918232143e-01
8.607003784e+02;1.935267001e-01
8.609381714e+02;1.916368902e-01
8.611759033e+02;1.895341277e-01
8.614136963e+02;1.858609617e-01
8.616514893e+02;1.835186481e-01
8.618892822e+02;1.860738993e-01
8.621270752e+02;1.882831305e-01
8.623649292e+02;1.818151623e-01
8.626027222e+02;1.896938384e-01
8.628405762e+02;1.823741198e-01
8.630784302e+02;1.831992567e-01
8.633162842e+02;1.821877956e-01
8.635541382e+02;1.832524836e-01
8.637919922e+02;1.770240664e-01
8.640299072e+02;1.858609617e-01
8.642678223e+02;1.827733815e-01
8.645057373e+02;1.854350865e-01
8.647436523e+02;1.824273467e-01
8.649815674e+02;1.829330772e-01
8.652194824e+02;1.814957559e-01
8.654574585e+02;1.819482446e-01
8.656953735e+02;1.835718900e-01
8.659333496e+02;1.788074225e-01
8.661713257e+02;1.796325445e-01
8.664093018e+02;1.774233282e-01
8.666472778e+02;1.760392338e-01
8.668853149e+02;1.772370040e-01
8.671233521e+02;1.822144091e-01
8.673613281e+02;1.756932139e-01
8.675993652e+02;1.689324528e-01
8.678374023e+02;1.784081608e-01
8.680755005e+02;1.745752841e-01
8.683135376e+02;1.771837771e-01
8.685516357e+02;1.693050861e-01
8.687896729e+02;1.734839827e-01
8.690277710e+02;1.719934195e-01
8.692658691e+02;1.733775139e-01
8.695040283e+02;1.677612960e-01
8.697421265e+02;1.708222777e-01
8.699802856e+02;1.755867451e-01
8.702183838e+02;1.699971408e-01
8.704565430e+02;1.697842032e-01
8.706947021e+02;1.740429401e-01
8.709328613e+02;1.677080691e-01
8.711710815e+02;1.670958698e-01
8.714092407e+02;1.643010676e-01
8.716474609e+02;1.657383889e-01
8.718856812e+02;1.671757251e-01
8.721239014e+02;1.657650173e-01
8.723621216e+02;1.621716917e-01
8.726003418e+02;1.649398804e-01
8.728386230e+02;1.648067981e-01
8.730768433e+02;1.637687236e-01
8.733151245e+02;1.622249335e-01
8.735534058e+02;1.622781605e-01
8.737916870e+02;1.611602455e-01
8.740299683e+02;1.608674526e-01
8.742683105e+02;1.637953371e-01
8.745066528e+02;1.603883505e-01
8.747449341e+02;1.581525058e-01
8.749832764e+02;1.591639519e-01
8.752216187e+02;1.611868590e-01
8.754600220e+02;1.568216383e-01
8.756983643e+02;1.549584419e-01
8.759367065e+02;1.540002227e-01
8.761751099e+02;1.580460370e-01
8.764135132e+02;1.532017142e-01
8.766519165e+02;1.538405269e-01
8.768903198e+02;1.532549411e-01
8.771287842e+02;1.534678787e-01
8.773671875e+02;1.570612043e-01
8.776056519e+02;1.515514404e-01
8.778441162e+02;1.542397738e-01
8.780825806e+02;1.506730765e-01
8.783210449e+02;1.525096595e-01
8.785595093e+02;1.512320489e-01
8.787980347e+02;1.526693702e-01
8.790364990e+02;1.508327872e-01
8.792750244e+02;1.514715999e-01
8.795135498e+02;1.540002227e-01
8.797520752e+02;1.530952454e-01
8.799906616e+02;1.515780687e-01
8.802291870e+02;1.474790275e-01
8.804677734e+02;1.471862346e-01
8.807062988e+02;1.487034112e-01
8.809448853e+02;1.467337459e-01
8.811834717e+02;1.475854963e-01
8.814221191e+02;1.488364935e-01
8.816607056e+02;1.462812573e-01
8.818993530e+02;1.461747885e-01
8.821379395e+02;1.416764855e-01
8.823765869e+02;1.408247352e-01
8.826152344e+02;1.435662955e-01
8.828539429e+02;1.431936622e-01
8.830925903e+02;1.392010897e-01
8.833312988e+02;1.411973685e-01
8.835699463e+02;1.413304657e-01
8.838086548e+02;1.413304657e-01
8.840473633e+02;1.429541111e-01
8.842860718e+02;1.446842253e-01
8.845248413e+02;1.409578174e-01
8.847635498e+02;1.385356635e-01
8.850023193e+02;1.363796741e-01
8.852410889e+02;1.374177337e-01
8.854798584e+02;1.367523074e-01
8.857186279e+02;1.361933500e-01
8.859573975e+02;1.410642862e-01
8.861961670e+02;1.355811507e-01
8.864349976e+02;1.393607855e-01
8.866738281e+02;1.367523074e-01
8.869126587e+02;1.331323683e-01
8.871514893e+02;1.323604733e-01
8.873903198e+02;1.398132741e-01
8.876292114e+02;1.333985478e-01
8.878680420e+02;1.357408613e-01
8.881069336e+02;1.340107471e-01
8.883458252e+02;1.285808384e-01
8.885847168e+02;1.310296208e-01
8.888236084e+02;1.302310973e-01
8.890625000e+02;1.350488067e-01
8.893014526e+02;1.271168888e-01
8.895404053e+02;1.329726726e-01
8.897793579e+02;1.301778704e-01
8.900183105e+02;1.292728931e-01
8.902572632e+02;1.292728931e-01
8.904962158e+02;1.290067136e-01
8.907352295e+02;1.296721399e-01
8.909741821e+02;1.252004653e-01
8.912131958e+02;1.232840270e-01
8.914522095e+02;1.291664243e-01
8.916912231e+02;1.244551837e-01
8.919302368e+02;1.303641945e-01
8.921693115e+02;1.238962188e-01
8.924083862e+02;1.222459525e-01
8.926473999e+02;1.266377866e-01
8.928864746e+02;1.320676804e-01
8.931255493e+02;1.273564547e-01
8.933646851e+02;1.271435171e-01
8.936037598e+02;1.245084107e-01
8.938428955e+02;1.242156252e-01
8.940819702e+02;1.204626039e-01
8.943211060e+02;1.271168888e-01
8.945602417e+02;1.215272918e-01
8.947994385e+02;1.223258078e-01
8.950385742e+02;1.177476570e-01
8.952777100e+02;1.217136160e-01
8.955169067e+02;1.204359904e-01
8.957561035e+02;1.197705567e-01
8.959953003e+02;1.215539128e-01
8.962344971e+02;1.213143542e-01
8.964737549e+02;1.202496663e-01
8.967129517e+02;1.219531670e-01
8.969522095e+02;1.174016297e-01
8.971914673e+02;1.178275049e-01
8.974307251e+02;1.211014166e-01
8.976699829e+02;1.189720482e-01
8.979092407e+02;1.174548641e-01
8.981484985e+02;1.210215688e-01
8.983878174e+02;1.192115992e-01
8.986271362e+02;1.179073602e-01
8.988664551e+02;1.165232658e-01
8.991057739e+02;1.140478700e-01
8.993450928e+02;1.164966524e-01
8.995844727e+02;1.141809598e-01
8.998237915e+02;1.118652672e-01
9.000631714e+02;1.136752293e-01
9.003025513e+02;1.140478700e-01
9.005419312e+02;1.147132963e-01
9.007813110e+02;1.114393920e-01
9.010206909e+02;1.121846735e-01
9.012601318e+02;1.159643084e-01
9.014995728e+02;1.133292094e-01
9.017390137e+02;1.135687605e-01
9.019784546e+02;1.122112870e-01
9.022178955e+02;1.095229536e-01
9.024573364e+02;1.132493541e-01
9.026968384e+02;1.142075732e-01
9.029362793e+02;1.126903966e-01
9.031757812e+02;1.132759750e-01
9.034152832e+02;1.091769338e-01
9.036547852e+02;1.063022763e-01
9.038943481e+02;1.071540266e-01
9.041338501e+02;1.061425731e-01
9.043734131e+02;1.078194529e-01
9.046129150e+02;1.060893387e-01
9.048524780e+02;1.043592244e-01
9.050920410e+02;1.038801149e-01
9.053316650e+02;1.039865837e-01
9.055712280e+02;1.057433188e-01
9.058108521e+02;1.073403433e-01
9.060504150e+02;1.085381210e-01
9.062900391e+02;1.071274132e-01
9.065296631e+02;1.053440571e-01
9.067693481e+02;1.047850996e-01
9.070089722e+02;1.054771468e-01
9.072486572e+02;1.056368500e-01
9.074882812e+02;1.044923142e-01
9.077279663e+02;1.015644222e-01
9.079676514e+02;9.988754243e-02
9.082073364e+02;1.013781056e-01
9.084470825e+02;1.016176566e-01
9.086867676e+02;1.030017510e-01
9.089265137e+02;9.959475696e-02
9.091662598e+02;1.007925272e-01
9.094060059e+02;1.029485166e-01
9.096457520e+02;1.012450159e-01
9.098854980e+02;1.009522304e-01
9.101252441e+02;9.754522890e-02
9.103650513e+02;1.026823446e-01
9.106048584e+02;9.911564738e-02
9.108446655e+02;9.839697927e-02
9.110844727e+02;9.837036580e-02
9.113242798e+02;9.903579205e-02
9.115641479e+02;1.002335623e-01
9.118039551e+02;9.996739030e-02
9.120438232e+02;9.855668247e-02
9.122836914e+02;9.525615722e-02
9.125235596e+02;9.427132457e-02
9.127634277e+02;9.672009945e-02
9.130032959e+02;9.323325008e-02
9.132432251e+02;9.176930785e-02
9.134831543e+02;9.581511468e-02
9.137230225e+02;9.365912527e-02
9.139629517e+02;9.568203241e-02
9.142029419e+02;9.299369901e-02
9.144428711e+02;9.368574619e-02
9.146828003e+02;9.341957420e-02
9.149227905e+02;8.958670497e-02
9.151627808e+02;9.310016781e-02
9.154027710e+02;9.339295328e-02
9.156427612e+02;9.278076142e-02
9.158827515e+02;9.222180396e-02
9.161228027e+02;9.464396536e-02
9.163627930e+02;9.152975678e-02
9.166028442e+02;9.288723022e-02
9.168428955e+02;9.270090610e-02
9.170829468e+02;9.035860002e-02
9.173229980e+02;9.033197910e-02
9.175631104e+02;8.873495460e-02
9.178031616e+02;8.868172020e-02
9.180432739e+02;8.556751162e-02
9.182833862e+02;8.932053298e-02
9.185234985e+02;8.676528186e-02
9.187636108e+02;8.817598969e-02
9.190037231e+02;8.338490129e-02
9.192438965e+02;8.679190278e-02
9.194840698e+02;8.881480247e-02
9.197241821e+02;8.697821945e-02
9.199643555e+02;8.772350103e-02
9.202045898e+02;8.873495460e-02
9.204447632e+02;8.756379783e-02
9.206849365e+02;8.748394996e-02
9.209251709e+02;8.764365315e-02
9.211654053e+02;8.458267897e-02
9.214056396e+02;8.814937621e-02
9.216458740e+02;8.591353148e-02
9.218861084e+02;8.365107328e-02
9.221264038e+02;8.458267897e-02
9.223666382e+02;8.213389665e-02
9.226069336e+02;8.405033499e-02
9.228472290e+02;8.186772466e-02
9.230875244e+02;8.452944458e-02
9.233278198e+02;8.548765630e-02
9.235681763e+02;7.923262566e-02
9.238084717e+02;8.093612641e-02
9.240488281e+02;8.290579170e-02
9.242891846e+02;8.325181901e-02
9.245295410e+02;8.202742785e-02
9.247698975e+02;8.098936081e-02
9.250102539e+02;7.968512177e-02
9.252506714e+02;8.436974138e-02
9.254910278e+02;8.397047967e-02
9.257314453e+02;8.149508387e-02
9.259718628e+02;8.186772466e-02
9.262122803e+02;7.832764089e-02
9.264527588e+02;7.939232886e-02
9.266931763e+02;7.590547949e-02
9.269336548e+02;7.649105787e-02
9.271741333e+02;7.513358444e-02
9.274146118e+02;7.726296037e-02
9.276550903e+02;7.633135468e-02
9.278955688e+02;7.931248099e-02
9.281360474e+02;7.617165148e-02
9.283765869e+02;7.422859967e-02
9.286171265e+02;7.468109578e-02
9.288576660e+02;7.441492379e-02
9.290982056e+02;7.510697097e-02
9.293387451e+02;7.521343976e-02
9.295792847e+02;7.521343976e-02
9.298198853e+02;7.712987065e-02
9.300604248e+02;7.923262566e-02
9.303010254e+02;7.712987065e-02
9.305416260e+02;7.606518269e-02
9.307822266e+02;7.324376702e-02
9.310228882e+02;7.438830286e-02
9.312634888e+02;7.252510637e-02
9.315041504e+02;7.090145350e-02
9.317448120e+02;7.287112623e-02
9.319854736e+02;7.183305919e-02
9.322261353e+02;7.135394961e-02
9.324667969e+02;7.090145350e-02
9.327075195e+02;7.476094365e-02
9.329481812e+02;7.143379748e-02
9.331889038e+02;7.180643827e-02
9.334296265e+02;7.111439109e-02
9.336703491e+02;7.132732868e-02
9.339110718e+02;7.060866803e-02
9.341518555e+02;7.335023582e-02
9.343925781e+02;7.348331809e-02
9.346333618e+02;6.999647617e-02
9.348741455e+02;6.640315801e-02
9.351149292e+02;6.693550199e-02
9.353557129e+02;6.861238182e-02
9.355964966e+02;6.645639241e-02
9.358373413e+02;6.621683389e-02
9.360781250e+02;6.629668921e-02
9.363189697e+02;6.453995407e-02
9.365598145e+02;6.392776221e-02
9.368006592e+02;6.741461158e-02
9.370415649e+02;6.262352318e-02
9.372824097e+02;6.770739704e-02
9.375233154e+02;6.544493884e-02
9.377642212e+02;6.374143809e-02
9.380051270e+02;6.291630864e-02
9.382460327e+02;6.555140764e-02
9.384869385e+02;6.334218383e-02
9.387278442e+02;6.477951258e-02
9.389688110e+02;6.225087866e-02
9.392097778e+02;6.512553245e-02
9.394507446e+02;6.411407888e-02
9.396917114e+02;6.422054768e-02
9.399326782e+02;6.230411306e-02
9.401736450e+02;6.139913201e-02
9.404146729e+02;6.147898361e-02
9.406556396e+02;6.025459245e-02
9.408966675e+02;6.174515560e-02
9.411376953e+02;5.895035341e-02
9.413787842e+02;5.942946300e-02
9.416198120e+02;6.006827205e-02
9.418608398e+02;5.769934505e-02
9.421019287e+02;5.993518606e-02
9.423430176e+02;5.820507184e-02
9.425841064e+02;5.950931087e-02
9.428251953e+02;5.932299420e-02
9.430662842e+02;5.929637700e-02
9.433074341e+02;5.948269367e-02
9.435485229e+02;5.988195166e-02
9.437896729e+02;5.908343941e-02
9.440308228e+02;6.094663963e-02
9.442719727e+02;5.857771263e-02
9.445131226e+02;5.674112961e-02
9.447543335e+02;5.815183744e-02
9.449954834e+02;5.740655586e-02
9.452366943e+02;5.604908243e-02
9.454779053e+02;5.549012125e-02
9.457191162e+02;5.477145687e-02
9.459603271e+02;5.285502225e-02
9.462015381e+02;5.538365245e-02
9.464428101e+02;5.405279621e-02
9.466840820e+02;5.631525442e-02
9.469252930e+02;5.027315766e-02
9.471665649e+02;5.431896821e-02
9.474078979e+02;5.506424606e-02
9.476491699e+02;5.434558541e-02
9.478904419e+02;5.386647582e-02
9.481317749e+02;5.514409766e-02
9.483731079e+02;5.517071486e-02
9.486144409e+02;5.202989280e-02
9.488557739e+02;5.495777726e-02
9.490971069e+02;5.075226724e-02
9.493384399e+02;5.051271245e-02
9.495798340e+02;5.216297507e-02
9.498212280e+02;5.147093162e-02
9.500626221e+02;4.974081367e-02
9.503040161e+02;5.029977486e-02
9.505454102e+02;5.171048641e-02
9.507868042e+02;5.043286085e-02
9.510282593e+02;4.910200462e-02
9.512697144e+02;4.883583263e-02
9.515111084e+02;4.830348864e-02
9.517525635e+02;4.737188667e-02
9.519940796e+02;4.787761346e-02
9.522355347e+02;4.819701985e-02
9.524769897e+02;4.998036847e-02
9.527185059e+02;4.614749923e-02
9.529600220e+02;4.827687144e-02
9.532015381e+02;5.136446282e-02
9.534430542e+02;5.048609525e-02
9.536845703e+02;4.779776186e-02
9.539261475e+02;4.785099626e-02
9.541676636e+02;4.404474422e-02
9.544092407e+02;4.604103044e-02
9.546508179e+02;4.260741547e-02
9.548923950e+02;4.617411643e-02
9.551339722e+02;4.494972527e-02
9.553756104e+02;4.348578304e-02
9.556171875e+02;4.747835547e-02
9.558588257e+02;4.284697026e-02
9.561004639e+02;4.361886904e-02
9.563421021e+02;4.026510566e-02
9.565837402e+02;4.388504103e-02
9.568253784e+02;4.361886904e-02
9.570670776e+02;4.226139560e-02
9.573087158e+02;4.369872063e-02
9.575504150e+02;4.337931424e-02
9.577921143e+02;4.617411643e-02
9.580338135e+02;4.606764764e-02
9.582755737e+02;4.479002208e-02
9.585172729e+02;4.053127766e-02
9.587590332e+02;4.188875481e-02
9.590007324e+02;4.143626243e-02
9.592424927e+02;4.026510566e-02
9.594843140e+02;3.978599980e-02
9.597260742e+02;4.023848847e-02
9.599678345e+02;3.890763223e-02
9.602096558e+02;4.007878527e-02
9.604514160e+02;4.093053564e-02
9.606932373e+02;4.002555087e-02
9.609350586e+02;3.587327525e-02
9.611769409e+02;3.922703862e-02
9.614187622e+02;4.167581722e-02
9.616605835e+02;3.664517403e-02
9.619024658e+02;4.061112925e-02
9.621443481e+02;3.970614821e-02
9.623862305e+02;3.933350742e-02
9.626281128e+02;3.725736961e-02
9.628699951e+02;3.842852265e-02
9.631119385e+02;3.776309267e-02
9.633538818e+02;3.613944724e-02
9.635957642e+02;3.669840842e-02
9.638377075e+02;3.685811162e-02
9.640796509e+02;3.651208803e-02
9.643216553e+02;3.467550501e-02
9.645635986e+02;3.587327525e-02
9.648056030e+02;3.526107967e-02
9.650475464e+02;3.909395263e-02
9.652895508e+02;3.350434825e-02
9.655315552e+02;3.731060401e-02
9.657735596e+02;3.613944724e-02
9.660156250e+02;3.520784527e-02
9.662576294e+02;3.763000667e-02
9.664996948e+02;3.661855683e-02
9.667417603e+02;3.589989245e-02
9.669838257e+02;3.669840842e-02
9.672258911e+02;3.558048606e-02
9.674679565e+02;3.382375464e-02
9.677100830e+02;3.374390304e-02
9.679522095e+02;3.507475927e-02
9.681942749e+02;3.321155906e-02
9.684364014e+02;3.456903622e-02
9.686785278e+02;3.369066864e-02
9.689207153e+02;3.345111385e-02
9.691628418e+02;3.198717162e-02
9.694050293e+02;3.355758265e-02
9.696471558e+02;3.435609862e-02
9.698893433e+02;3.243966401e-02
9.701315308e+02;3.318494186e-02
9.703737793e+02;3.150806203e-02
9.706159668e+02;3.488844261e-02
9.708582153e+02;3.278568387e-02
9.711004028e+02;3.233319521e-02
9.713426514e+02;3.302523866e-02
9.715848999e+02;3.560710326e-02
9.718271484e+02;3.385037184e-02
9.720694580e+02;3.382375464e-02
9.723117065e+02;3.089586645e-02
9.725540161e+02;3.190732002e-02
9.727963257e+02;2.860679105e-02
9.730386353e+02;2.887296304e-02
9.732809448e+02;2.823415026e-02
9.735232544e+02;3.188070282e-02
9.737655640e+02;2.674359083e-02
9.740079346e+02;2.751548775e-02
9.742503052e+02;2.690329403e-02
9.744926758e+02;2.940530702e-02
9.747350464e+02;2.969809435e-02
9.749774170e+02;2.927222103e-02
9.752197876e+02;2.826076746e-02
9.754622192e+02;3.177423403e-02
9.757046509e+02;3.041675873e-02
9.759470825e+02;2.860679105e-02
9.761895142e+02;2.687667683e-02
9.764319458e+02;2.961824276e-02
9.766743774e+02;2.732916735e-02
9.769168701e+02;2.903266624e-02
9.771593018e+02;2.719608136e-02
9.774017944e+02;2.621124685e-02
9.776442871e+02;2.844708785e-02
9.778867798e+02;2.464083396e-02
9.781292725e+02;2.767519094e-02
9.783718262e+02;2.623786405e-02
9.786143799e+02;2.762195654e-02
9.788568726e+02;2.759533934e-02
9.790994263e+02;2.618462965e-02
9.793419800e+02;2.810106613e-02
9.795845947e+02;2.831400186e-02
9.798271484e+02;2.378908545e-02
9.800697021e+02;2.834061906e-02
9.803123169e+02;2.852693945e-02
9.805549316e+02;2.839385346e-02
9.807975464e+02;2.775504254e-02
9.810401611e+02;2.810106613e-02
9.812828369e+02;2.440128103e-02
9.815254517e+02;2.778165974e-02
9.817681274e+02;2.647741884e-02
9.820108032e+02;2.666373923e-02
9.822534790e+02;2.570552193e-02
9.824961548e+02;2.546596713e-02
9.827388306e+02;2.397540584e-02
9.829815674e+02;2.594507486e-02
9.832242432e+02;2.402864024e-02
9.834669800e+02;2.434804663e-02
9.837097168e+02;2.368261665e-02
9.839524536e+02;2.466745116e-02
9.841951904e+02;2.746225335e-02
9.844379883e+02;2.669035643e-02
9.846807251e+02;2.397540584e-02
9.849235229e+02;2.485377155e-02
9.851663208e+02;2.578537166e-02
9.854091187e+02;2.557243593e-02
9.856519165e+02;2.876649424e-02
9.858947144e+02;2.429481223e-02
9.861375732e+02;2.469406836e-02
9.863804321e+02;2.248484455e-02
9.866232300e+02;2.323012613e-02
9.868660889e+02;2.259131335e-02
9.871089478e+02;2.344306186e-02
9.873518677e+02;2.251146175e-02
9.875947266e+02;2.104751766e-02
9.878376465e+02;2.205897123e-02
9.880805664e+02;2.421496063e-02
9.883234863e+02;2.213882096e-02
9.885664062e+02;2.256469615e-02
9.888093262e+02;2.155324444e-02
9.890522461e+02;2.059502713e-02
9.892952271e+02;2.299057133e-02
9.895382080e+02;2.400202304e-02
9.897811279e+02;2.307042293e-02
9.900241699e+02;2.264454775e-02
9.902671509e+02;2.527964674e-02
9.905101318e+02;2.134030685e-02
9.907531738e+02;2.120722085e-02
9.909961548e+02;2.181941643e-02
9.912391968e+02;1.862535626e-02
9.914822388e+02;2.144677565e-02
9.917252808e+02;2.139354125e-02
9.919683838e+02;1.801316254e-02
9.922114258e+02;2.123383805e-02
9.924545288e+02;1.942387223e-02
9.926975708e+02;1.929078624e-02
9.929406738e+02;1.822610013e-02
9.931837769e+02;2.184603363e-02
9.934269409e+02;2.126045525e-02
9.936700439e+02;2.072811313e-02
9.939132080e+02;2.184603363e-02
9.941563110e+02;2.192588523e-02
9.943994751e+02;2.014253475e-02
9.946426392e+02;2.134030685e-02
9.948858643e+02;2.259131335e-02
9.951290283e+02;2.067487873e-02
9.953721924e+02;2.051517554e-02
9.956154175e+02;1.902461424e-02
9.958586426e+02;2.224528976e-02
9.961018677e+02;1.958357543e-02
9.963450928e+02;1.881167665e-02
9.965883179e+02;1.657583565e-02
9.968316040e+02;1.676215604e-02
9.970748291e+02;2.051517554e-02
9.973181152e+02;1.998283155e-02
9.975614014e+02;1.897137985e-02
9.978046875e+02;1.886491105e-02
9.980480347e+02;1.929078624e-02
9.982913208e+02;1.841241866e-02
9.985346680e+02;1.905123144e-02
9.987779541e+02;1.694847643e-02
9.990213013e+02;1.756067015e-02
9.992646484e+02;1.851888746e-02
9.995079956e+02;1.782684214e-02
9.997514038e+02;2.107413486e-02
9.999947510e+02;1.825271733e-02
1.000238159e+03;1.742758416e-02
1.000481567e+03;1.782684214e-02
1.000724976e+03;1.793331094e-02
1.000968384e+03;1.665568724e-02
1.001211792e+03;1.700171083e-02
1.001455261e+03;1.540468074e-02
1.001698669e+03;1.593702473e-02
1.001942139e+03;1.638951525e-02
1.002185608e+03;1.513850875e-02
1.002429077e+03;1.803977974e-02
1.002672546e+03;1.705494523e-02
1.002916077e+03;1.777360775e-02
1.003159546e+03;1.742758416e-02
1.003403076e+03;1.742758416e-02
1.003646606e+03;1.934402063e-02
1.003890137e+03;1.700171083e-02
1.004133667e+03;1.827933453e-02
1.004377258e+03;1.899799705e-02
1.004620789e+03;1.814624853e-02
1.004864380e+03;1.527159475e-02
1.005107971e+03;1.764052175e-02
1.005351562e+03;1.654921845e-02
1.005595154e+03;1.588379033e-02
1.005838745e+03;1.433999464e-02
1.006082336e+03;1.551114954e-02
1.006325989e+03;1.290266775e-02
1.006569641e+03;1.457954850e-02
1.006813293e+03;1.364794839e-02
1.007056946e+03;1.410043985e-02
1.007300598e+03;1.513850875e-02
1.007544312e+03;1.596364006e-02
1.007787964e+03;1.599025726e-02
1.008031677e+03;1.399397105e-02
1.008275391e+03;1.481910329e-02
1.008519104e+03;1.745420136e-02
1.008762817e+03;1.396735385e-02
1.009006531e+03;1.516512595e-02
1.009250305e+03;1.670892164e-02
1.009494019e+03;1.660245284e-02
1.009737793e+03;1.473925170e-02
1.009981567e+03;1.268973015e-02
1.010225342e+03;1.657583565e-02
1.010469177e+03;1.468601730e-02
1.010712952e+03;1.465940010e-02
1.010956787e+03;1.580393873e-02
1.011200623e+03;1.433999464e-02
1.011444397e+03;1.423352584e-02
1.011688293e+03;1.338177640e-02
1.011932129e+03;1.364794839e-02
1.012175964e+03;1.316883974e-02
1.012419861e+03;1.524497755e-02
1.012663696e+03;1.513850875e-02
1.012907593e+03;1.551114954e-02
1.013151489e+03;1.449969690e-02
1.013395447e+03;1.665568724e-02
1.013639343e+03;1.388750225e-02
1.013883240e+03;1.479248609e-02
1.014127197e+03;1.383426785e-02
1.014371155e+03;1.423352584e-02
1.014615112e+03;1.119916979e-02
1.014859070e+03;1.511189155e-02
1.015103027e+03;1.149195805e-02
1.015347046e+03;1.165166125e-02
1.015591003e+03;1.181136444e-02
1.015835022e+03;1.242355909e-02
1.016079041e+03;1.024095155e-02
1.016323059e+03;1.205091830e-02
1.016567078e+03;1.415367424e-02
1.016811157e+03;1.300913654e-02
1.017055176e+03;1.221062150e-02
1.017299255e+03;1.292928495e-02
1.017543335e+03;1.135887206e-02
1.017787415e+03;1.386088505e-02
1.018031494e+03;1.497880649e-02
1.018275574e+03;1.441984531e-02
1.018519714e+03;1.218400430e-02
1.018763855e+03;8.297898807e-03
1.019007935e+03;2.062829735e-04
1.019252075e+03;6.587746902e-04
1.019496216e+03;-8.650576638e-05
1.019740417e+03;4.724545579e-04
1.019984558e+03;-3.466884838e-03
1.020228760e+03;-5.988860721e-05
[EndOfFile]
