#Thorlabs FTS
[SpectrumHeader]
#Date;20251107
#Time;17555923
#GMTTime;20555923
#Instrument;0
#InstrModel;CCS200
#Series;0
#InterferometerSerial;M00311012
#Type;emission
#ChannelIndex;0
#XAxisUnit;nm_air
#YAxisUnit;intensity
#Average;1
#RollingAverage;0
#SpectrumSmooth;0
#SSmoothParam1;0
#SSmoothParam2;0
#SSmoothParam3;0
#SSmoothParam4;0
#IntegrationTime;0.145000
#TriggerMode;0
#AirMeasureOpt;0
#AirTemp;0.00
#AirPressure;0.00
#AirRelHum;0.00
#WnrMin;9799.037109
#WnrMax;50982.906250
#Length;3648
#Resolution;0.0000000000e+00
#ADC;0
#InstrStatus;0
#RefLaserLocked;0
#ChannelIndex;0
#AttenuationFilter;0
#Stitched;0
#ExcitationWavelength_nm;0
#SoftwareVersion;3.310000
#FirmwareVersion;
#Motor_FirmwareVersion;
#ReconstructionAlgorithms_SoftwareVersion;
#Sensor_FirmwareVersion;
#InstrSeriesIdentifier;MUN_CCS_SERIES
#RefGainIndex;0
#RefSignalInPerecent;0.0
#BBRefGainIndex;0
#BBRefSignalInPerecent;0.0
#AutogainStatus;0
#Name;
#Comment;""
#ExtComment;""
#Source;
[Data]
1.960870056e+02;5.821573548e-03
1.962940979e+02;5.236089695e-03
1.965012054e+02;4.757057410e-03
1.967083282e+02;3.160282969e-03
1.969154510e+02;3.506250679e-03
1.971225891e+02;9.514114936e-04
1.973297424e+02;1.723185880e-03
1.975368958e+02;8.981856517e-04
1.977440643e+02;5.788307753e-04
1.979512482e+02;6.852824008e-04
1.981584320e+02;1.137701795e-03
1.983656311e+02;1.084476011e-03
1.985728455e+02;2.468347317e-03
1.987800751e+02;3.745766822e-03
1.989873047e+02;2.388508525e-03
1.991945496e+02;3.479637904e-03
1.994018097e+02;3.586089471e-03
1.996090698e+02;3.266734537e-03
1.998163452e+02;2.548186108e-03
2.000236359e+02;1.989315031e-03
2.002309418e+02;3.532863688e-03
2.004382477e+02;1.244153478e-03
2.006455688e+02;5.502218846e-03
2.008528900e+02;3.133669961e-03
2.010602417e+02;4.836895969e-03
2.012675934e+02;2.707863459e-03
2.014749451e+02;2.228831174e-03
2.016823273e+02;3.373186104e-03
2.018897095e+02;3.000605386e-03
2.020971069e+02;1.723185880e-03
2.023045044e+02;1.244153478e-03
2.025119171e+02;2.860887616e-04
2.027193451e+02;-7.518146886e-04
2.029267883e+02;1.004637335e-03
2.031342316e+02;1.483669621e-03
2.033416901e+02;1.164314803e-03
2.035491638e+02;2.681250451e-03
2.037566376e+02;3.213508753e-03
2.039641418e+02;4.091734532e-03
2.041716309e+02;3.745766822e-03
2.043791504e+02;3.772379830e-03
2.045866699e+02;4.011895973e-03
2.047942047e+02;4.517541267e-03
2.050017548e+02;3.053831169e-03
2.052093048e+02;5.156251136e-03
2.054168701e+02;3.692541039e-03
2.056244507e+02;5.874799564e-03
2.058320312e+02;2.255443949e-03
2.060396423e+02;3.186895745e-03
2.062472534e+02;3.479637904e-03
2.064548645e+02;2.202218166e-03
2.066624908e+02;1.563508413e-03
2.068701324e+02;8.449598681e-04
2.070777893e+02;3.027218394e-03
2.072854462e+02;5.522178253e-04
2.074931335e+02;1.936089131e-03
2.077008057e+02;1.776411664e-03
2.079085083e+02;2.548186108e-03
2.081162109e+02;2.388508525e-03
2.083239288e+02;3.080444178e-03
2.085316467e+02;4.890121985e-03
2.087393951e+02;1.803024556e-03
2.089471436e+02;4.730444402e-03
2.091548920e+02;4.703831393e-03
2.093626709e+02;1.829637447e-03
2.095704498e+02;3.426411888e-03
2.097782440e+02;3.932057414e-03
2.099860382e+02;4.357863683e-03
2.101938629e+02;2.441734308e-03
2.104016724e+02;2.255443949e-03
2.106095123e+02;4.989920417e-04
2.108173523e+02;-7.784275804e-04
2.110252075e+02;3.479637904e-03
2.112330780e+02;-1.044556615e-03
2.114409637e+02;2.015927806e-03
2.116488495e+02;1.190927695e-03
2.118567505e+02;1.829637447e-03
2.120646515e+02;2.202218166e-03
2.122725677e+02;1.909476239e-03
2.124804993e+02;1.590121305e-03
2.126884460e+02;2.415121533e-03
2.128963928e+02;2.095766598e-03
2.131043549e+02;4.836895969e-03
2.133123322e+02;3.000605386e-03
2.135203094e+02;5.635283422e-03
2.137283173e+02;5.528831854e-03
2.139363098e+02;5.528831854e-03
2.141443329e+02;3.825605614e-03
2.143523560e+02;3.027218394e-03
2.145603943e+02;2.415121533e-03
2.147684479e+02;2.840928035e-03
2.149765015e+02;1.057863119e-03
2.151845703e+02;3.426411888e-03
2.153926544e+02;8.715727599e-04
2.156007538e+02;9.247986018e-04
2.158088531e+02;7.118952926e-04
2.160169678e+02;1.723185880e-03
2.162250824e+02;3.127016826e-04
2.164332123e+02;2.601411892e-03
2.166413574e+02;3.080444178e-03
2.168495178e+02;3.027218394e-03
2.170576782e+02;3.878831398e-03
2.172658691e+02;3.665928263e-03
2.174740448e+02;2.894153818e-03
2.176822510e+02;6.486896425e-03
2.178904572e+02;3.692541039e-03
2.180986786e+02;3.798992606e-03
2.183069000e+02;4.597379826e-03
2.185151520e+02;6.300606299e-03
2.187234039e+02;1.164314803e-03
2.189316559e+02;2.069153590e-03
2.191399384e+02;2.814315027e-03
2.193482208e+02;-2.195565030e-04
2.195565186e+02;1.264113089e-04
2.197648163e+02;3.107057186e-03
2.199731293e+02;5.522178253e-04
2.201814575e+02;2.175605390e-03
2.203898010e+02;2.148992382e-03
2.205981445e+02;2.415121533e-03
2.208065033e+02;1.430443837e-03
2.210148773e+02;1.803024556e-03
2.212232513e+02;3.373186104e-03
2.214316406e+02;4.437702708e-03
2.216400452e+02;2.574798884e-03
2.218484650e+02;4.623992834e-03
2.220568848e+02;3.932057414e-03
2.222653198e+02;5.608670413e-03
2.224737549e+02;3.399799112e-03
2.226822205e+02;2.494960092e-03
2.228906860e+02;2.707863459e-03
2.230991516e+02;2.681250451e-03
2.233076477e+02;3.160282969e-03
2.235161438e+02;1.244153478e-03
2.237246552e+02;1.696572872e-03
2.239331665e+02;1.217540586e-03
2.241416931e+02;-4.324597539e-04
2.243502350e+02;1.111088903e-03
2.245587921e+02;1.377218054e-03
2.247673492e+02;2.441734308e-03
2.249759216e+02;3.745766822e-03
2.251845093e+02;3.266734537e-03
2.253930969e+02;3.665928263e-03
2.256017151e+02;3.932057414e-03
2.258103180e+02;3.266734537e-03
2.260189514e+02;3.958669957e-03
2.262275848e+02;3.958669957e-03
2.264362335e+02;4.517541267e-03
2.266448975e+02;3.665928263e-03
2.268535614e+02;5.608670413e-03
2.270622406e+02;1.936089131e-03
2.272709351e+02;3.852218622e-03
2.274796295e+02;3.127016826e-04
2.276883392e+02;3.506250679e-03
2.278970642e+02;-2.993952075e-04
2.281058044e+02;3.772379830e-03
2.283145447e+02;-8.316534222e-04
2.285233002e+02;1.669959980e-03
2.287320557e+02;2.867540810e-03
2.289408417e+02;4.011895973e-03
2.291496277e+02;2.042540815e-03
2.293584137e+02;1.244153478e-03
2.295672302e+02;4.224799108e-03
2.297760468e+02;3.825605614e-03
2.299848785e+02;3.586089471e-03
2.301937103e+02;5.315928720e-03
2.304025726e+02;2.468347317e-03
2.306114197e+02;4.437702708e-03
2.308202972e+02;5.582057405e-03
2.310291748e+02;2.202218166e-03
2.312380676e+02;2.947379602e-03
2.314469757e+02;4.331250675e-03
2.316558990e+02;-2.195565030e-04
2.318648224e+02;6.586695090e-04
2.320737610e+02;2.228831174e-03
2.322826996e+02;1.137701795e-03
2.324916534e+02;-7.252017385e-04
2.327006226e+02;2.015927806e-03
2.329096069e+02;2.308669733e-03
2.331185913e+02;1.164314803e-03
2.333275909e+02;1.137701795e-03
2.335366058e+02;3.479637904e-03
2.337456207e+02;3.240121529e-03
2.339546661e+02;2.973992610e-03
2.341636963e+02;3.772379830e-03
2.343727570e+02;5.129638128e-03
2.345818176e+02;4.144960549e-03
2.347908936e+02;4.384476691e-03
2.349999847e+02;3.027218394e-03
2.352090759e+02;2.069153590e-03
2.354181824e+02;2.840928035e-03
2.356273041e+02;2.973992610e-03
2.358364258e+02;2.441734308e-03
2.360455627e+02;2.973992610e-03
2.362547150e+02;1.995968159e-05
2.364638824e+02;3.612702247e-03
2.366730499e+02;1.803024556e-03
2.368822327e+02;2.282056957e-03
2.370914154e+02;1.803024556e-03
2.373006287e+02;3.639315255e-03
2.375098419e+02;2.441734308e-03
2.377190552e+02;9.780244436e-04
2.379282990e+02;2.335282741e-03
2.381375427e+02;4.623992834e-03
2.383468018e+02;2.947379602e-03
2.385560608e+02;3.506250679e-03
2.387653503e+02;4.863508977e-03
2.389746246e+02;3.719154047e-03
2.391839294e+02;3.639315255e-03
2.393932343e+02;3.586089471e-03
2.396025543e+02;4.517541267e-03
2.398118896e+02;5.522178253e-04
2.400212402e+02;-1.663306757e-04
2.402305908e+02;3.186895745e-03
2.404399414e+02;1.457056729e-03
2.406493225e+02;2.787702251e-03
2.408587036e+02;-8.649194933e-05
2.410681000e+02;2.840928035e-03
2.412775116e+02;5.522178253e-04
2.414869232e+02;2.787702251e-03
2.416963501e+02;3.319960320e-03
2.419057922e+02;2.441734308e-03
2.421152344e+02;3.027218394e-03
2.423246918e+02;3.586089471e-03
2.425341644e+02;4.091734532e-03
2.427436371e+02;4.331250675e-03
2.429531403e+02;3.692541039e-03
2.431626434e+02;5.049799569e-03
2.433721466e+02;1.856250339e-03
2.435816650e+02;4.144960549e-03
2.437911987e+02;7.118952926e-04
2.440007477e+02;4.810283426e-03
2.442103119e+02;5.788307753e-04
2.444198761e+02;2.681250451e-03
2.446294403e+02;1.749798772e-03
2.448390350e+02;3.293347545e-03
2.450486298e+02;4.198186100e-03
2.452582397e+02;3.719154047e-03
2.454678650e+02;1.936089131e-03
2.456774902e+02;2.814315027e-03
2.458871307e+02;4.171573557e-03
2.460967865e+02;5.848186556e-03
2.463064423e+02;3.053831169e-03
2.465161133e+02;4.251412116e-03
2.467257996e+02;3.852218622e-03
2.469354858e+02;4.969960544e-03
2.471451874e+02;3.107057186e-03
2.473549042e+02;3.532863688e-03
2.475646362e+02;2.122379374e-03
2.477743683e+02;2.601411892e-03
2.479841156e+02;1.111088903e-03
2.481938782e+02;1.882863231e-03
2.484036407e+02;1.403830945e-03
2.486134186e+02;2.601411892e-03
2.488232117e+02;-1.397177693e-04
2.490330048e+02;3.399799112e-03
2.492428284e+02;3.266734537e-03
2.494526367e+02;2.175605390e-03
2.496624756e+02;3.479637904e-03
2.498723145e+02;3.852218622e-03
2.500821686e+02;3.665928263e-03
2.502920380e+02;3.053831169e-03
2.505019073e+02;5.103025120e-03
2.507117920e+02;2.707863459e-03
2.509216919e+02;4.331250675e-03
2.511315918e+02;4.783670418e-03
2.513415222e+02;4.464315251e-03
2.515514374e+02;5.236089695e-03
2.517613831e+02;1.989315031e-03
2.519713287e+02;3.000605386e-03
2.521812897e+02;2.069153590e-03
2.523912659e+02;2.628024668e-03
2.526012421e+02;2.228831174e-03
2.528112335e+02;3.319960320e-03
2.530212402e+02;1.323992154e-03
2.532312469e+02;2.867540810e-03
2.534412689e+02;2.681250451e-03
2.536513062e+02;2.042540815e-03
2.538613586e+02;3.479637904e-03
2.540714111e+02;2.787702251e-03
2.542814789e+02;1.696572872e-03
2.544915466e+02;6.247380283e-03
2.547016449e+02;3.293347545e-03
2.549117432e+02;3.772379830e-03
2.551218567e+02;3.586089471e-03
2.553319702e+02;5.475605838e-03
2.555420990e+02;3.373186104e-03
2.557522430e+02;1.270766370e-03
2.559623871e+02;1.749798772e-03
2.561725464e+02;2.494960092e-03
2.563827209e+02;1.749798772e-03
2.565928955e+02;2.867540810e-03
2.568031006e+02;2.441734308e-03
2.570133057e+02;2.361895749e-03
2.572235107e+02;-2.461693948e-04
2.574337463e+02;2.202218166e-03
2.576439819e+02;3.133669961e-03
2.578542480e+02;3.293347545e-03
2.580644836e+02;4.224799108e-03
2.582747498e+02;3.426411888e-03
2.584850464e+02;4.251412116e-03
2.586953430e+02;4.357863683e-03
2.589056396e+02;2.840928035e-03
2.591159363e+02;4.623992834e-03
2.593262634e+02;3.665928263e-03
2.595365906e+02;2.202218166e-03
2.597469482e+02;1.909476239e-03
2.599573059e+02;3.453024896e-03
2.601676636e+02;2.734476468e-03
2.603780212e+02;1.510282513e-03
2.605884094e+02;-2.461693948e-04
2.607988281e+02;1.270766370e-03
2.610092163e+02;-1.603427692e-03
2.612196350e+02;2.601411892e-03
2.614300842e+02;1.563508413e-03
2.616405029e+02;4.331250675e-03
2.618509521e+02;3.692541039e-03
2.620614319e+02;4.730444402e-03
2.622718811e+02;2.415121533e-03
2.624823608e+02;3.506250679e-03
2.626928711e+02;3.639315255e-03
2.629033508e+02;3.426411888e-03
2.631138916e+02;3.346573329e-03
2.633244019e+02;4.677218851e-03
2.635349426e+02;3.266734537e-03
2.637454834e+02;4.091734532e-03
2.639560242e+02;2.415121533e-03
2.641665955e+02;-5.389113794e-04
2.643771973e+02;-1.663306757e-04
2.645877686e+02;1.882863231e-03
2.647983704e+02;2.441734308e-03
2.650089722e+02;1.483669621e-03
2.652196045e+02;1.989315031e-03
2.654302368e+02;1.297379262e-03
2.656408691e+02;1.403830945e-03
2.658515320e+02;2.282056957e-03
2.660621948e+02;1.403830945e-03
2.662728577e+02;4.810283426e-03
2.664835510e+02;3.240121529e-03
2.666942444e+02;2.947379602e-03
2.669049377e+02;1.563508413e-03
2.671156616e+02;3.905444406e-03
2.673263855e+02;4.011895973e-03
2.675371094e+02;6.327218842e-03
2.677478638e+02;3.905444406e-03
2.679586182e+02;2.335282741e-03
2.681694031e+02;3.000605386e-03
2.683801575e+02;2.787702251e-03
2.685909729e+02;3.213508753e-03
2.688017578e+02;4.038508981e-03
2.690125732e+02;2.574798884e-03
2.692233887e+02;1.323992154e-03
2.694342346e+02;1.989315031e-03
2.696450806e+02;4.144960549e-03
2.698559265e+02;1.483669621e-03
2.700667725e+02;1.270766370e-03
2.702776489e+02;2.787702251e-03
2.704885559e+02;4.863508977e-03
2.706994324e+02;2.947379602e-03
2.709103394e+02;4.730444402e-03
2.711212769e+02;1.696572872e-03
2.713321838e+02;6.087702699e-03
2.715431213e+02;2.973992610e-03
2.717540894e+02;4.996573552e-03
2.719650269e+02;3.453024896e-03
2.721760254e+02;2.787702251e-03
2.723869934e+02;2.814315027e-03
2.725979919e+02;1.749798772e-03
2.728089905e+02;-1.151008299e-03
2.730199890e+02;1.563508413e-03
2.732310181e+02;2.095766598e-03
2.734420471e+02;1.217540586e-03
2.736531067e+02;1.457056729e-03
2.738641663e+02;2.202218166e-03
2.740752258e+02;4.198186100e-03
2.742862854e+02;3.240121529e-03
2.744973755e+02;2.628024668e-03
2.747084961e+02;5.156251136e-03
2.749195862e+02;3.127016826e-04
2.751307068e+02;5.475605838e-03
2.753418274e+02;5.555444863e-03
2.755529785e+02;5.076412112e-03
2.757641296e+02;3.586089471e-03
2.759752808e+02;4.144960549e-03
2.761864624e+02;2.015927806e-03
2.763976440e+02;1.803024556e-03
2.766088562e+02;2.095766598e-03
2.768200378e+02;5.788307753e-04
2.770312500e+02;1.244153478e-03
2.772424927e+02;2.814315027e-03
2.774537354e+02;2.654637676e-03
2.776649780e+02;1.377218054e-03
2.778762207e+02;2.148992382e-03
2.780874939e+02;6.852824008e-04
2.782987671e+02;5.236089695e-03
2.785100708e+02;4.278025124e-03
2.787213745e+02;1.723185880e-03
2.789326782e+02;4.384476691e-03
2.791439819e+02;3.825605614e-03
2.793553162e+02;4.357863683e-03
2.795666504e+02;4.411089700e-03
2.797780151e+02;4.224799108e-03
2.799893799e+02;3.479637904e-03
2.802007446e+02;3.825605614e-03
2.804121399e+02;3.000605386e-03
2.806235352e+02;2.148992382e-03
2.808349304e+02;2.095766598e-03
2.810463562e+02;7.917340263e-04
2.812577820e+02;3.127016826e-04
2.814692078e+02;1.989315031e-03
2.816806641e+02;1.137701795e-03
2.818921204e+02;4.144960549e-03
2.821036072e+02;3.878831398e-03
2.823150635e+02;2.947379602e-03
2.825265808e+02;2.441734308e-03
2.827380676e+02;5.076412112e-03
2.829495850e+02;1.669959980e-03
2.831611023e+02;2.228831174e-03
2.833726501e+02;3.293347545e-03
2.835841675e+02;5.315928720e-03
2.837957458e+02;4.464315251e-03
2.840072937e+02;2.415121533e-03
2.842188721e+02;2.973992610e-03
2.844304504e+02;4.038508981e-03
2.846420593e+02;2.255443949e-03
2.848536682e+02;3.532863688e-03
2.850652771e+02;6.586695090e-04
2.852769165e+02;1.616734196e-03
2.854885559e+02;3.659274953e-04
2.857001953e+02;2.947379602e-03
2.859118652e+02;5.256049335e-04
2.861235352e+02;8.449598681e-04
2.863352051e+02;2.255443949e-03
2.865469055e+02;4.091734532e-03
2.867586060e+02;4.703831393e-03
2.869703064e+02;3.639315255e-03
2.871820374e+02;2.042540815e-03
2.873937683e+02;4.836895969e-03
2.876055298e+02;4.703831393e-03
2.878172913e+02;5.422380287e-03
2.880290527e+02;3.373186104e-03
2.882408142e+02;3.798992606e-03
2.884526062e+02;2.867540810e-03
2.886643982e+02;1.776411664e-03
2.888762207e+02;1.776411664e-03
2.890880432e+02;1.696572872e-03
2.892998657e+02;5.788307753e-04
2.895116882e+02;2.441734308e-03
2.897235413e+02;2.388508525e-03
2.899354248e+02;4.144960549e-03
2.901472778e+02;1.669959980e-03
2.903591614e+02;2.122379374e-03
2.905710754e+02;1.377218054e-03
2.907829590e+02;1.749798772e-03
2.909948730e+02;2.787702251e-03
2.912068176e+02;3.107057186e-03
2.914187317e+02;2.947379602e-03
2.916306763e+02;4.357863683e-03
2.918426514e+02;2.388508525e-03
2.920546265e+02;3.905444406e-03
2.922666016e+02;2.308669733e-03
2.924785767e+02;3.319960320e-03
2.926905823e+02;3.745766822e-03
2.929025879e+02;5.522178253e-04
2.931146240e+02;1.270766370e-03
2.933266296e+02;1.989315031e-03
2.935386963e+02;2.468347317e-03
2.937507324e+02;3.319960320e-03
2.939627991e+02;1.190927695e-03
2.941748657e+02;1.403830945e-03
2.943869629e+02;-1.097782515e-03
2.945990601e+02;1.829637447e-03
2.948111572e+02;1.962702023e-03
2.950232849e+02;4.144960549e-03
2.952354126e+02;3.532863688e-03
2.954475403e+02;3.798992606e-03
2.956596680e+02;4.384476691e-03
2.958718262e+02;5.555444863e-03
2.960840149e+02;2.920766827e-03
2.962962036e+02;5.502218846e-03
2.965083923e+02;3.958669957e-03
2.967205811e+02;3.346573329e-03
2.969328003e+02;8.449598681e-04
2.971450195e+02;2.228831174e-03
2.973572388e+02;2.787702251e-03
2.975694885e+02;1.643347088e-03
2.977817383e+02;1.270766370e-03
2.979940186e+02;7.651211345e-04
2.982062683e+02;3.213508753e-03
2.984185791e+02;2.361895749e-03
2.986308594e+02;2.175605390e-03
2.988431702e+02;1.590121305e-03
2.990554810e+02;2.361895749e-03
2.992678223e+02;4.224799108e-03
2.994801636e+02;2.734476468e-03
2.996925049e+02;5.448992830e-03
2.999048462e+02;4.304638132e-03
3.001172180e+02;2.228831174e-03
3.003296204e+02;5.209476687e-03
3.005419922e+02;4.836895969e-03
3.007543945e+02;2.468347317e-03
3.009668274e+02;2.654637676e-03
3.011792297e+02;9.514114936e-04
3.013916626e+02;3.319960320e-03
3.016041260e+02;2.042540815e-03
3.018165588e+02;2.468347317e-03
3.020290222e+02;1.430443837e-03
3.022415161e+02;1.536895521e-03
3.024539795e+02;7.118952926e-04
3.026665039e+02;1.084476011e-03
3.028789978e+02;1.723185880e-03
3.030915222e+02;3.133669961e-03
3.033040466e+02;1.643347088e-03
3.035165710e+02;3.506250679e-03
3.037291260e+02;3.825605614e-03
3.039416809e+02;7.118952926e-04
3.041542664e+02;3.107057186e-03
3.043668518e+02;4.836895969e-03
3.045794373e+02;1.749798772e-03
3.047920532e+02;4.464315251e-03
3.050046387e+02;1.936089131e-03
3.052172852e+02;3.852218622e-03
3.054299011e+02;1.297379262e-03
3.056425476e+02;1.323992154e-03
3.058552246e+02;9.780244436e-04
3.060678711e+02;2.654637676e-03
3.062805481e+02;3.127016826e-04
3.064932556e+02;1.882863231e-03
3.067059326e+02;7.118952926e-04
3.069186401e+02;2.814315027e-03
3.071313782e+02;2.601411892e-03
3.073440857e+02;3.000605386e-03
3.075568237e+02;1.031250227e-03
3.077695923e+02;4.490928259e-03
3.079823608e+02;2.308669733e-03
3.081951294e+02;3.293347545e-03
3.084078979e+02;4.118347540e-03
3.086206970e+02;5.661896430e-03
3.088334961e+02;3.479637904e-03
3.090463257e+02;2.548186108e-03
3.092591248e+02;2.601411892e-03
3.094719849e+02;3.985282965e-03
3.096848145e+02;1.962702023e-03
3.098976746e+02;2.202218166e-03
3.101105347e+02;-6.985888467e-04
3.103234253e+02;1.031250227e-03
3.105363159e+02;1.989315031e-03
3.107492065e+02;1.457056729e-03
3.109621277e+02;7.917340263e-04
3.111750183e+02;3.798992606e-03
3.113879700e+02;3.905444406e-03
3.116008911e+02;4.890121985e-03
3.118138428e+02;3.133669961e-03
3.120268250e+02;4.623992834e-03
3.122397766e+02;2.867540810e-03
3.124527588e+02;3.932057414e-03
3.126657715e+02;3.825605614e-03
3.128787842e+02;3.160282969e-03
3.130917969e+02;3.825605614e-03
3.133048096e+02;3.213508753e-03
3.135178528e+02;3.080444178e-03
3.137308960e+02;1.164314803e-03
3.139439392e+02;2.594758698e-04
3.141570129e+02;1.430443837e-03
3.143700867e+02;1.796371362e-04
3.145831909e+02;6.054436672e-04
3.147962952e+02;1.856250339e-03
3.150093994e+02;3.373186104e-03
3.152225037e+02;1.430443837e-03
3.154356384e+02;3.692541039e-03
3.156487732e+02;1.776411664e-03
3.158619385e+02;3.319960320e-03
3.160751038e+02;1.882863231e-03
3.162882690e+02;5.289315712e-03
3.165014648e+02;2.840928035e-03
3.167146606e+02;3.905444406e-03
3.169278564e+02;4.198186100e-03
3.171410828e+02;3.346573329e-03
3.173543091e+02;1.403830945e-03
3.175675354e+02;2.328629489e-04
3.177807922e+02;3.925404162e-04
3.179940491e+02;3.053831169e-03
3.182073059e+02;1.350605162e-03
3.184205933e+02;7.917340263e-04
3.186338806e+02;1.530242298e-04
3.188471680e+02;4.989920417e-04
3.190604858e+02;2.095766598e-03
3.192738037e+02;2.860887616e-04
3.194871521e+02;2.308669733e-03
3.197004700e+02;2.681250451e-03
3.199138184e+02;2.947379602e-03
3.201271973e+02;4.357863683e-03
3.203405762e+02;2.654637676e-03
3.205539551e+02;1.829637447e-03
3.207673340e+02;2.574798884e-03
3.209807434e+02;4.437702708e-03
3.211941833e+02;3.426411888e-03
3.214075928e+02;1.244153478e-03
3.216210327e+02;1.936089131e-03
3.218344727e+02;2.734476468e-03
3.220479431e+02;1.297379262e-03
3.222614136e+02;3.107057186e-03
3.224748840e+02;2.947379602e-03
3.226883850e+02;1.962702023e-03
3.229018860e+02;1.882863231e-03
3.231153870e+02;2.734476468e-03
3.233289185e+02;2.148992382e-03
3.235424500e+02;1.403830945e-03
3.237559814e+02;2.308669733e-03
3.239695435e+02;3.825605614e-03
3.241831055e+02;3.479637904e-03
3.243966675e+02;5.901412573e-03
3.246102600e+02;3.958669957e-03
3.248238525e+02;3.532863688e-03
3.250374451e+02;3.798992606e-03
3.252510681e+02;1.457056729e-03
3.254646912e+02;1.590121305e-03
3.256783447e+02;2.042540815e-03
3.258919983e+02;2.228831174e-03
3.261056519e+02;-5.122984876e-04
3.263193054e+02;3.559476463e-03
3.265329895e+02;2.441734308e-03
3.267466736e+02;1.749798772e-03
3.269603882e+02;2.761089243e-03
3.271741028e+02;2.335282741e-03
3.273878174e+02;1.563508413e-03
3.276015625e+02;3.000605386e-03
3.278152771e+02;4.783670418e-03
3.280290527e+02;2.361895749e-03
3.282427979e+02;4.650605842e-03
3.284565735e+02;5.289315712e-03
3.286703796e+02;4.890121985e-03
3.288841553e+02;4.198186100e-03
3.290979614e+02;4.996573552e-03
3.293117981e+02;4.730444402e-03
3.295256042e+02;2.734476468e-03
3.297394409e+02;2.015927806e-03
3.299533081e+02;2.095766598e-03
3.301671448e+02;1.264113089e-04
3.303810425e+02;2.654637676e-03
3.305949097e+02;-6.453630049e-04
3.308088074e+02;1.669959980e-03
3.310227051e+02;9.780244436e-04
3.312366028e+02;3.053831169e-03
3.314505310e+02;2.468347317e-03
3.316644592e+02;1.936089131e-03
3.318784180e+02;4.171573557e-03
3.320923767e+02;3.825605614e-03
3.323063354e+02;2.787702251e-03
3.325202942e+02;5.315928720e-03
3.327342834e+02;4.464315251e-03
3.329482727e+02;3.293347545e-03
3.331622925e+02;1.829637447e-03
3.333763123e+02;4.331250675e-03
3.335903320e+02;4.278025124e-03
3.338043823e+02;2.494960092e-03
3.340184326e+02;2.734476468e-03
3.342324829e+02;2.015927806e-03
3.344465332e+02;1.829637447e-03
3.346606140e+02;2.308669733e-03
3.348747253e+02;1.590121305e-03
3.350888062e+02;4.597379826e-03
3.353029175e+02;2.867540810e-03
3.355170593e+02;1.749798772e-03
3.357311707e+02;2.734476468e-03
3.359453125e+02;3.878831398e-03
3.361594849e+02;3.133669961e-03
3.363736572e+02;2.628024668e-03
3.365878296e+02;2.148992382e-03
3.368020020e+02;3.639315255e-03
3.370162048e+02;3.426411888e-03
3.372304077e+02;6.460283417e-03
3.374446106e+02;2.681250451e-03
3.376588440e+02;4.677218851e-03
3.378730774e+02;1.909476239e-03
3.380873413e+02;3.319960320e-03
3.383016052e+02;1.909476239e-03
3.385158691e+02;2.734476468e-03
3.387301331e+02;2.122379374e-03
3.389444275e+02;1.590121305e-03
3.391587524e+02;9.780244436e-04
3.393730469e+02;2.468347317e-03
3.395873718e+02;3.133669961e-03
3.398016968e+02;2.814315027e-03
3.400160522e+02;3.639315255e-03
3.402304077e+02;3.266734537e-03
3.404447632e+02;3.053831169e-03
3.406591492e+02;3.985282965e-03
3.408735352e+02;2.814315027e-03
3.410879211e+02;6.779638585e-03
3.413023376e+02;3.639315255e-03
3.415167542e+02;4.490928259e-03
3.417311707e+02;1.403830945e-03
3.419456177e+02;3.453024896e-03
3.421600647e+02;2.361895749e-03
3.423745117e+02;3.506250679e-03
3.425889893e+02;1.563508413e-03
3.428034668e+02;1.031250227e-03
3.430179443e+02;1.962702023e-03
3.432324524e+02;3.559476463e-03
3.434469604e+02;2.415121533e-03
3.436614990e+02;1.536895521e-03
3.438760376e+02;2.069153590e-03
3.440905762e+02;2.601411892e-03
3.443051147e+02;2.654637676e-03
3.445196838e+02;4.224799108e-03
3.447342529e+02;2.521573100e-03
3.449488525e+02;5.874799564e-03
3.451634521e+02;2.335282741e-03
3.453780518e+02;4.118347540e-03
3.455926514e+02;2.015927806e-03
3.458072815e+02;4.863508977e-03
3.460219116e+02;2.681250451e-03
3.462365723e+02;2.867540810e-03
3.464512329e+02;3.293347545e-03
3.466658936e+02;1.936089131e-03
3.468805847e+02;2.574798884e-03
3.470952759e+02;5.788307753e-04
3.473099670e+02;1.803024556e-03
3.475246887e+02;1.190927695e-03
3.477394104e+02;1.297379262e-03
3.479541321e+02;4.783670418e-03
3.481688843e+02;2.574798884e-03
3.483836365e+02;3.506250679e-03
3.485983887e+02;2.628024668e-03
3.488131714e+02;5.502218846e-03
3.490279541e+02;3.932057414e-03
3.492427673e+02;4.783670418e-03
3.494575500e+02;3.985282965e-03
3.496723633e+02;4.384476691e-03
3.498872070e+02;3.266734537e-03
3.501020508e+02;4.011895973e-03
3.503168945e+02;1.377218054e-03
3.505317383e+02;2.840928035e-03
3.507466125e+02;2.069153590e-03
3.509614868e+02;5.256049335e-04
3.511763916e+02;1.669959980e-03
3.513912964e+02;3.213508753e-03
3.516062012e+02;3.532863688e-03
3.518211060e+02;2.601411892e-03
3.520360413e+02;8.981856517e-04
3.522509766e+02;3.532863688e-03
3.524659424e+02;2.361895749e-03
3.526809082e+02;2.894153818e-03
3.528958740e+02;4.943348002e-03
3.531108704e+02;3.453024896e-03
3.533258667e+02;2.761089243e-03
3.535408630e+02;4.357863683e-03
3.537558899e+02;3.373186104e-03
3.539709167e+02;4.517541267e-03
3.541859436e+02;3.399799112e-03
3.544010010e+02;3.160282969e-03
3.546160583e+02;1.111088903e-03
3.548311157e+02;3.000605386e-03
3.550462036e+02;2.148992382e-03
3.552612915e+02;2.947379602e-03
3.554763794e+02;1.669959980e-03
3.556914978e+02;3.506250679e-03
3.559066162e+02;3.133669961e-03
3.561217651e+02;2.062500425e-04
3.563368835e+02;2.973992610e-03
3.565520325e+02;4.836895969e-03
3.567672119e+02;3.932057414e-03
3.569823914e+02;3.107057186e-03
3.571975708e+02;5.502218846e-03
3.574127502e+02;2.707863459e-03
3.576279602e+02;4.916734993e-03
3.578431702e+02;2.548186108e-03
3.580584106e+02;2.335282741e-03
3.582736511e+02;4.916734993e-03
3.584888916e+02;2.042540815e-03
3.587041626e+02;2.468347317e-03
3.589194031e+02;2.388508525e-03
3.591347046e+02;3.692541039e-03
3.593499756e+02;-3.792339412e-04
3.595652771e+02;2.388508525e-03
3.597806091e+02;1.696572872e-03
3.599959106e+02;1.803024556e-03
3.602112427e+02;1.856250339e-03
3.604265747e+02;4.464315251e-03
3.606419373e+02;3.878831398e-03
3.608572998e+02;4.065121990e-03
3.610726624e+02;4.517541267e-03
3.612880554e+02;6.513509434e-03
3.615034485e+02;4.171573557e-03
3.617188416e+02;5.156251136e-03
3.619342651e+02;3.559476463e-03
3.621496887e+02;3.586089471e-03
3.623651428e+02;2.814315027e-03
3.625805664e+02;1.643347088e-03
3.627960510e+02;1.882863231e-03
3.630115051e+02;4.304638132e-03
3.632269897e+02;4.144960549e-03
3.634424744e+02;3.612702247e-03
3.636579590e+02;3.798992606e-03
3.638734741e+02;2.494960092e-03
3.640889893e+02;3.825605614e-03
3.643045349e+02;4.171573557e-03
3.645200806e+02;1.829637447e-03
3.647356262e+02;3.798992606e-03
3.649511719e+02;5.076412112e-03
3.651667480e+02;3.506250679e-03
3.653823242e+02;4.703831393e-03
3.655979309e+02;4.810283426e-03
3.658135376e+02;5.688509438e-03
3.660291443e+02;3.559476463e-03
3.662447815e+02;4.091734532e-03
3.664604187e+02;3.586089471e-03
3.666760559e+02;1.217540586e-03
3.668917236e+02;3.160282969e-03
3.671073914e+02;1.323992154e-03
3.673230591e+02;4.357863683e-03
3.675387268e+02;2.282056957e-03
3.677544250e+02;2.840928035e-03
3.679701538e+02;1.696572872e-03
3.681858826e+02;3.798992606e-03
3.684016113e+02;3.373186104e-03
3.686173401e+02;6.912703160e-03
3.688330994e+02;4.065121990e-03
3.690488586e+02;3.453024896e-03
3.692646179e+02;3.479637904e-03
3.694804077e+02;4.384476691e-03
3.696961975e+02;4.757057410e-03
3.699119873e+02;4.863508977e-03
3.701278076e+02;3.932057414e-03
3.703436279e+02;5.821573548e-03
3.705594788e+02;3.692541039e-03
3.707752991e+02;4.251412116e-03
3.709911804e+02;2.947379602e-03
3.712070312e+02;3.346573329e-03
3.714229126e+02;2.521573100e-03
3.716387939e+02;3.186895745e-03
3.718547058e+02;2.494960092e-03
3.720706177e+02;4.783670418e-03
3.722865295e+02;4.251412116e-03
3.725024414e+02;3.532863688e-03
3.727183838e+02;4.091734532e-03
3.729343262e+02;4.863508977e-03
3.731502991e+02;4.490928259e-03
3.733662720e+02;4.357863683e-03
3.735822449e+02;6.726412568e-03
3.737982483e+02;7.205444854e-03
3.740142517e+02;5.608670413e-03
3.742302551e+02;4.544154275e-03
3.744462891e+02;5.129638128e-03
3.746623230e+02;5.156251136e-03
3.748783569e+02;4.091734532e-03
3.750944214e+02;4.011895973e-03
3.753104858e+02;3.426411888e-03
3.755265503e+02;6.007864140e-03
3.757426453e+02;2.973992610e-03
3.759587402e+02;6.460283417e-03
3.761748352e+02;3.586089471e-03
3.763909607e+02;5.475605838e-03
3.766070862e+02;4.198186100e-03
3.768232117e+02;5.821573548e-03
3.770393677e+02;4.490928259e-03
3.772555237e+02;4.943348002e-03
3.774717102e+02;6.140928715e-03
3.776878662e+02;7.498187013e-03
3.779040833e+02;4.943348002e-03
3.781202698e+02;8.722380735e-03
3.783364868e+02;5.981251132e-03
3.785527039e+02;6.939315703e-03
3.787689514e+02;5.635283422e-03
3.789851685e+02;5.182864144e-03
3.792014465e+02;5.475605838e-03
3.794176941e+02;6.247380283e-03
3.796339722e+02;4.171573557e-03
3.798502502e+02;5.076412112e-03
3.800665588e+02;4.198186100e-03
3.802828674e+02;5.848186556e-03
3.804991760e+02;4.623992834e-03
3.807154846e+02;4.065121990e-03
3.809318237e+02;4.278025124e-03
3.811481934e+02;6.886090152e-03
3.813645325e+02;5.023186561e-03
3.815809021e+02;5.635283422e-03
3.817973022e+02;6.726412568e-03
3.820136719e+02;8.376413025e-03
3.822300720e+02;8.403025568e-03
3.824465027e+02;7.764316164e-03
3.826629028e+02;6.593347993e-03
3.828793335e+02;4.118347540e-03
3.830957947e+02;5.315928720e-03
3.833122253e+02;5.582057405e-03
3.835286865e+02;3.772379830e-03
3.837451782e+02;6.699799560e-03
3.839616394e+02;4.730444402e-03
3.841781616e+02;6.460283417e-03
3.843946533e+02;5.582057405e-03
3.846111755e+02;7.578025572e-03
3.848276978e+02;6.699799560e-03
3.850442200e+02;7.524800021e-03
3.852607727e+02;8.163509890e-03
3.854773254e+02;8.722380735e-03
3.856939087e+02;6.886090152e-03
3.859104614e+02;8.190122433e-03
3.861270752e+02;5.715121981e-03
3.863436584e+02;1.058528479e-02
3.865602722e+02;8.030445315e-03
3.867768860e+02;8.190122433e-03
3.869935303e+02;6.806251593e-03
3.872101746e+02;7.258670870e-03
3.874268188e+02;5.448992830e-03
3.876434631e+02;5.395767279e-03
3.878601379e+02;7.471574005e-03
3.880768127e+02;8.615928702e-03
3.882935181e+02;6.300606299e-03
3.885102234e+02;6.353831850e-03
3.887269287e+02;6.034477148e-03
3.889436646e+02;7.578025572e-03
3.891604004e+02;9.068348445e-03
3.893771362e+02;8.748993278e-03
3.895939026e+02;8.802219294e-03
3.898106689e+02;7.152219303e-03
3.900274353e+02;9.121574461e-03
3.902442322e+02;8.908671327e-03
3.904610291e+02;5.901412573e-03
3.906778259e+02;9.547380731e-03
3.908946533e+02;8.376413025e-03
3.911114807e+02;7.790929172e-03
3.913283081e+02;7.152219303e-03
3.915451660e+02;7.524800021e-03
3.917620239e+02;6.061090156e-03
3.919788818e+02;8.669154719e-03
3.921957703e+02;7.285283878e-03
3.924126587e+02;8.456251584e-03
3.926295776e+02;7.897380739e-03
3.928464661e+02;8.802219294e-03
3.930634155e+02;8.908671327e-03
3.932803345e+02;1.015947759e-02
3.934972839e+02;9.919961914e-03
3.937142334e+02;1.295383368e-02
3.939311829e+02;9.174800478e-03
3.941481628e+02;1.010625158e-02
3.943651428e+02;1.156996191e-02
3.945821533e+02;8.988509886e-03
3.947991638e+02;9.281251580e-03
3.950161743e+02;8.935283870e-03
3.952332153e+02;9.653832763e-03
3.954502258e+02;9.520768188e-03
3.956672974e+02;8.961897343e-03
3.958843384e+02;1.039899420e-02
3.961014099e+02;8.003831841e-03
3.963184814e+02;1.329980139e-02
3.965355835e+02;8.110283874e-03
3.967526855e+02;1.170302648e-02
3.969697876e+02;1.029254217e-02
3.971869202e+02;1.202238165e-02
3.974040527e+02;1.111754216e-02
3.976211853e+02;1.292722020e-02
3.978383484e+02;9.174800478e-03
3.980555115e+02;1.180947851e-02
3.982726746e+02;1.393851079e-02
3.984898682e+02;1.066512335e-02
3.987070618e+02;1.287399419e-02
3.989242554e+02;1.191592962e-02
3.991414795e+02;1.162318792e-02
3.993587036e+02;1.095786504e-02
3.995759277e+02;1.260786504e-02
3.997931824e+02;1.138367131e-02
4.000104370e+02;1.220867224e-02
4.002276917e+02;1.149012335e-02
4.004449768e+02;9.733671322e-03
4.006622620e+02;1.002641302e-02
4.008795776e+02;1.215544622e-02
4.010968933e+02;1.154334936e-02
4.013142090e+02;1.231512334e-02
4.015315247e+02;1.082480047e-02
4.017488708e+02;1.231512334e-02
4.019662170e+02;1.271431707e-02
4.021835938e+02;1.306028478e-02
4.024009399e+02;1.518931799e-02
4.026183472e+02;1.375222020e-02
4.028357239e+02;1.479012426e-02
4.030531311e+02;1.263447851e-02
4.032705383e+02;1.375222020e-02
4.034879761e+02;1.308689825e-02
4.037054138e+02;1.372560766e-02
4.039228516e+02;1.311351079e-02
4.041402893e+02;1.138367131e-02
4.043577576e+02;1.529576909e-02
4.045752563e+02;1.401834935e-02
4.047927246e+02;1.300705876e-02
4.050102234e+02;1.420463994e-02
4.052277222e+02;1.335302647e-02
4.054452515e+02;1.723851077e-02
4.056627808e+02;1.226189733e-02
4.058803101e+02;1.785060763e-02
4.060978699e+02;1.513609197e-02
4.063154297e+02;1.540222112e-02
4.065329895e+02;1.763770543e-02
4.067505798e+02;1.681270450e-02
4.069681702e+02;1.447076909e-02
4.071857605e+02;1.774415746e-02
4.074033813e+02;1.713206060e-02
4.076210022e+02;1.630705968e-02
4.078386230e+02;1.726512425e-02
4.080562744e+02;1.396512333e-02
4.082739258e+02;1.588125341e-02
4.084915771e+02;1.534899510e-02
4.087092590e+02;1.609415561e-02
4.089269409e+02;1.636028476e-02
4.091446533e+02;1.731835119e-02
4.093623352e+02;1.476351079e-02
4.095800781e+02;1.737157628e-02
4.097977905e+02;1.646673679e-02
4.100155334e+02;1.723851077e-02
4.102332764e+02;1.894173771e-02
4.104510193e+02;1.944738254e-02
4.106687927e+02;1.875544712e-02
4.108865662e+02;1.910141483e-02
4.111043701e+02;2.024576999e-02
4.113221741e+02;1.880867407e-02
4.115399780e+02;1.699899510e-02
4.117577820e+02;1.803689823e-02
4.119756165e+02;1.686593145e-02
4.121934509e+02;1.801028661e-02
4.124113159e+02;1.646673679e-02
4.126291809e+02;1.976673864e-02
4.128470459e+02;1.835625432e-02
4.130649414e+02;1.910141483e-02
4.132828369e+02;1.944738254e-02
4.135007324e+02;2.221512608e-02
4.137186279e+02;2.032560855e-02
4.139365540e+02;1.987318881e-02
4.141545105e+02;2.072480321e-02
4.143724365e+02;2.519577183e-02
4.145903931e+02;2.072480321e-02
4.148083801e+02;2.232157625e-02
4.150263367e+02;2.242802829e-02
4.152443237e+02;2.152319066e-02
4.154623413e+02;2.107077092e-02
4.156803284e+02;2.242802829e-02
4.158983459e+02;2.008609287e-02
4.161163940e+02;2.327964269e-02
4.163344116e+02;2.120383456e-02
4.165524597e+02;1.952722110e-02
4.167705383e+02;2.149657719e-02
4.169885864e+02;2.152319066e-02
4.172066650e+02;2.264093235e-02
4.174247742e+02;2.146996371e-02
4.176428833e+02;2.301351354e-02
4.178609924e+02;2.676593326e-02
4.180791016e+02;2.274738438e-02
4.182972412e+02;2.626028843e-02
4.185153809e+02;2.578125522e-02
4.187335205e+02;2.532883547e-02
4.189516907e+02;2.322641574e-02
4.191698608e+02;2.657964267e-02
4.193880615e+02;2.498286776e-02
4.196062622e+02;2.559496462e-02
4.198244629e+02;2.407802828e-02
4.200426636e+02;2.676593326e-02
4.202608948e+02;2.498286776e-02
4.204791260e+02;2.801673859e-02
4.206973877e+02;2.381189913e-02
4.209156494e+02;2.447722293e-02
4.211339111e+02;2.556835115e-02
4.213521729e+02;2.745786868e-02
4.215704651e+02;2.516915835e-02
4.217887573e+02;2.665948123e-02
4.220070801e+02;2.623367496e-02
4.222254028e+02;2.769738436e-02
4.224437256e+02;3.009254672e-02
4.226620789e+02;2.799012698e-02
4.228804321e+02;2.583448030e-02
4.230987854e+02;2.892157808e-02
4.233171692e+02;2.964012697e-02
4.235355225e+02;3.062480502e-02
4.237539368e+02;2.956028841e-02
4.239723206e+02;2.801673859e-02
4.241907349e+02;2.953367494e-02
4.244091797e+02;2.892157808e-02
4.246275940e+02;2.740464173e-02
4.248460388e+02;2.958690189e-02
4.250645142e+02;2.764415927e-02
4.252829590e+02;2.926754579e-02
4.255014343e+02;3.051835299e-02
4.257199402e+02;2.956028841e-02
4.259384155e+02;2.961351350e-02
4.261569214e+02;3.466996551e-02
4.263754578e+02;3.158286959e-02
4.265939941e+02;3.190222383e-02
4.268125305e+02;3.216835484e-02
4.270310669e+02;3.347238526e-02
4.272496338e+02;3.280706331e-02
4.274682007e+02;3.246109560e-02
4.276867676e+02;3.163609654e-02
4.279053650e+02;3.469657898e-02
4.281239624e+02;3.208851442e-02
4.283425903e+02;3.150302917e-02
4.285611877e+02;3.142319247e-02
4.287798157e+02;3.429738432e-02
4.289984741e+02;3.134335205e-02
4.292171326e+02;3.317964450e-02
4.294357910e+02;3.429738432e-02
4.296544495e+02;3.451028839e-02
4.298731384e+02;3.549496830e-02
4.300918274e+02;3.695867583e-02
4.303105469e+02;3.757077456e-02
4.305292664e+02;3.722480685e-02
4.307479858e+02;3.456351534e-02
4.309667053e+02;3.698528931e-02
4.311854553e+02;3.445706517e-02
4.314042358e+02;3.642641753e-02
4.316229858e+02;3.693206236e-02
4.318417664e+02;3.948690370e-02
4.320605469e+02;3.554819152e-02
4.322793579e+02;3.754416108e-02
4.324981689e+02;3.560141847e-02
4.327169800e+02;3.682561219e-02
4.329358215e+02;3.804980591e-02
4.331546631e+02;3.522883728e-02
4.333735046e+02;3.602722660e-02
4.335923462e+02;3.733125702e-02
4.338112183e+02;3.812964633e-02
4.340301208e+02;4.073771089e-02
4.342489929e+02;3.647964448e-02
4.344678955e+02;4.217480868e-02
4.346868286e+02;4.023206607e-02
4.349057312e+02;4.225464538e-02
4.351246643e+02;4.238770902e-02
4.353436279e+02;4.230787233e-02
4.355625610e+02;4.113690183e-02
4.357815247e+02;4.206835479e-02
4.360005188e+02;3.988609836e-02
4.362194824e+02;4.414416105e-02
4.364384766e+02;4.020545259e-02
4.366575012e+02;4.214819521e-02
4.368765259e+02;4.121674225e-02
4.370955505e+02;4.076432437e-02
4.373145752e+02;4.291996732e-02
4.375336304e+02;4.438367859e-02
4.377526855e+02;4.081754759e-02
4.379717407e+02;4.318609834e-02
4.381908264e+02;4.302642122e-02
4.384099121e+02;4.449012876e-02
4.386290283e+02;4.281351715e-02
4.388481140e+02;4.563448578e-02
4.390672607e+02;4.491593689e-02
4.392863770e+02;4.824255034e-02
4.395055237e+02;4.486270994e-02
4.397246704e+02;4.717803374e-02
4.399438171e+02;4.637964815e-02
4.401629944e+02;4.651271179e-02
4.403821716e+02;4.576754943e-02
4.406013794e+02;4.632642120e-02
4.408205872e+02;4.574093595e-02
4.410397949e+02;4.709819332e-02
4.412590332e+02;4.574093595e-02
4.414782410e+02;4.800303280e-02
4.416975098e+02;4.712480679e-02
4.419167480e+02;4.842884094e-02
4.421360168e+02;4.951997101e-02
4.423552856e+02;4.872158170e-02
4.425745850e+02;4.587399960e-02
4.427938843e+02;5.231432617e-02
4.430131836e+02;5.085061491e-02
4.432325134e+02;5.159577727e-02
4.434518433e+02;5.130303279e-02
4.436711731e+02;5.095706508e-02
4.438905029e+02;5.194174498e-02
4.441098633e+02;5.050464720e-02
4.443292542e+02;5.295303464e-02
4.445486145e+02;4.986593872e-02
4.447680054e+02;5.031835660e-02
4.449874268e+02;4.858851805e-02
4.452068176e+02;5.239416286e-02
4.454262390e+02;5.210142210e-02
4.456456909e+02;5.431029201e-02
4.458651123e+02;5.159577727e-02
4.460845642e+02;5.300626159e-02
4.463040466e+02;5.377803370e-02
4.465234985e+02;5.518851802e-02
4.467429810e+02;5.739739165e-02
4.469624939e+02;5.683851987e-02
4.471819763e+02;5.763690546e-02
4.474014893e+02;5.936674401e-02
4.476210327e+02;5.806271359e-02
4.478405457e+02;5.729093775e-02
4.480601196e+02;5.883448943e-02
4.482796631e+02;5.670545623e-02
4.484992371e+02;5.915384367e-02
4.487188110e+02;5.657238886e-02
4.489383850e+02;6.253368407e-02
4.491579895e+02;5.808932707e-02
4.493775940e+02;5.790303648e-02
4.495972290e+02;5.902077630e-02
4.498168335e+02;5.843529478e-02
4.500364685e+02;6.064416468e-02
4.502561340e+02;6.064416468e-02
4.504757996e+02;6.271997094e-02
4.506954651e+02;6.104335934e-02
4.509151306e+02;6.184174493e-02
4.511348267e+02;6.138932705e-02
4.513545227e+02;6.274658442e-02
4.515742493e+02;6.192158535e-02
4.517939758e+02;6.213448942e-02
4.520137024e+02;6.530142576e-02
4.522334290e+02;6.612642109e-02
4.524531860e+02;6.532803923e-02
4.526729431e+02;6.516835839e-02
4.528927307e+02;6.354497373e-02
4.531125183e+02;6.546109915e-02
4.533323059e+02;6.705787778e-02
4.535521240e+02;6.548771262e-02
4.537719421e+02;6.689819694e-02
4.539917603e+02;6.735061854e-02
4.542115784e+02;6.828206778e-02
4.544314270e+02;6.418368220e-02
4.546513062e+02;7.009174675e-02
4.548711548e+02;6.703126431e-02
4.550910339e+02;7.224739343e-02
4.553109131e+02;6.908045709e-02
4.555308228e+02;7.065062225e-02
4.557507324e+02;7.001190633e-02
4.559706421e+02;7.365787774e-02
4.561905823e+02;7.014497370e-02
4.564105225e+02;7.384416461e-02
4.566304626e+02;7.081029564e-02
4.568504333e+02;7.389739156e-02
4.570704041e+02;7.299255580e-02
4.572903748e+02;7.631916553e-02
4.575103760e+02;7.639900595e-02
4.577303772e+02;7.546755672e-02
4.579503784e+02;7.509497553e-02
4.581704102e+02;7.384416461e-02
4.583904419e+02;7.778287679e-02
4.586104736e+02;7.485546172e-02
4.588305359e+02;7.352481037e-02
4.590505981e+02;7.751674950e-02
4.592706604e+02;7.959255576e-02
4.594907532e+02;7.820868492e-02
4.597108459e+02;8.071029931e-02
4.599309692e+02;8.110949397e-02
4.601510620e+02;7.953932881e-02
4.603711853e+02;8.214739710e-02
4.605913391e+02;8.204094321e-02
4.608114929e+02;8.196110278e-02
4.610316467e+02;8.118933439e-02
4.612518005e+02;8.249336481e-02
4.614719849e+02;8.337158710e-02
4.616921692e+02;8.291917294e-02
4.619123535e+02;8.246675134e-02
4.621325684e+02;8.398368955e-02
4.623527832e+02;8.406352252e-02
4.625730286e+02;8.377078176e-02
4.627932739e+02;8.667159081e-02
4.630135193e+02;8.510142565e-02
4.632337646e+02;8.741675317e-02
4.634540405e+02;8.768288046e-02
4.636743164e+02;8.986514062e-02
4.638946228e+02;8.816191554e-02
4.641149292e+02;8.954578638e-02
4.643352356e+02;9.465546161e-02
4.645555420e+02;9.045062214e-02
4.647758789e+02;8.930626512e-02
4.649962158e+02;8.927965164e-02
4.652165833e+02;8.975868672e-02
4.654369507e+02;8.909336478e-02
4.656573181e+02;9.172803909e-02
4.658777161e+02;9.367078543e-02
4.660980835e+02;9.228691459e-02
4.663185120e+02;9.327159077e-02
4.665389099e+02;9.279255569e-02
4.667593384e+02;9.585304558e-02
4.669797668e+02;9.691756219e-02
4.672002258e+02;9.540062398e-02
4.674206848e+02;9.776917100e-02
4.676411438e+02;9.784901142e-02
4.678616333e+02;9.643852711e-02
4.680821228e+02;9.681110829e-02
4.683026123e+02;9.747643024e-02
4.685231323e+02;1.014949828e-01
4.687436523e+02;9.899336845e-02
4.689641724e+02;1.016014293e-01
4.691847229e+02;1.007764339e-01
4.694052734e+02;1.015748158e-01
4.696258240e+02;9.715707600e-02
4.698464050e+02;1.000578851e-01
4.700669861e+02;9.864740074e-02
4.702875671e+02;9.989820421e-02
4.705081787e+02;1.002973989e-01
4.707287903e+02;9.630545974e-02
4.709494019e+02;1.012288481e-01
4.711700439e+02;1.002707854e-01
4.713906860e+02;9.894014150e-02
4.716113281e+02;9.976514429e-02
4.718320007e+02;1.004836932e-01
4.720526733e+02;1.006433666e-01
4.722733459e+02;1.086006239e-01
4.724940491e+02;1.015748158e-01
4.727147522e+02;1.018675640e-01
4.729354553e+02;1.028522402e-01
4.731561890e+02;1.062853038e-01
4.733769226e+02;1.029853001e-01
4.735976868e+02;1.038635299e-01
4.738184204e+02;1.046353057e-01
4.740391846e+02;1.022933647e-01
4.742599792e+02;1.064183712e-01
4.744807739e+02;1.060724035e-01
4.747015686e+02;1.054603010e-01
4.749223633e+02;1.055667549e-01
4.751431885e+02;1.101175621e-01
4.753640137e+02;1.067643389e-01
4.755848694e+02;1.067111120e-01
4.758056946e+02;1.092925593e-01
4.760265503e+02;1.086804643e-01
4.762474365e+02;1.121933684e-01
4.764683228e+02;1.111288518e-01
4.766892090e+02;1.109159514e-01
4.769100952e+02;1.076159477e-01
4.771310120e+02;1.113417596e-01
4.773519287e+02;1.121667549e-01
4.775728760e+02;1.116078869e-01
4.777938232e+02;1.098780483e-01
4.780147705e+02;1.103570759e-01
4.782357178e+02;1.110756248e-01
4.784566956e+02;1.107296571e-01
4.786777039e+02;1.137901470e-01
4.788986816e+02;1.130449846e-01
4.791196899e+02;1.136570796e-01
4.793406982e+02;1.142691746e-01
4.795617371e+02;1.146151423e-01
4.797827759e+02;1.129651442e-01
4.800038147e+02;1.148546636e-01
4.802248535e+02;1.196715981e-01
4.804459229e+02;1.180482060e-01
4.806670227e+02;1.132046580e-01
4.808880920e+02;1.191127226e-01
4.811091919e+02;1.178619191e-01
4.813302917e+02;1.142425612e-01
4.815514221e+02;1.148280501e-01
4.817725525e+02;1.162651479e-01
4.819936829e+02;1.173030511e-01
4.822148438e+02;1.139764339e-01
4.824360046e+02;1.141627282e-01
4.826571655e+02;1.198046580e-01
4.828783569e+02;1.186869219e-01
4.830995483e+02;1.179417595e-01
4.833207397e+02;1.199643388e-01
4.835419617e+02;1.195651442e-01
4.837631836e+02;1.215877235e-01
4.839844055e+02;1.254998296e-01
4.842056580e+02;1.217207909e-01
4.844269104e+02;1.189530492e-01
4.846481628e+02;1.247546598e-01
4.848694458e+02;1.237167567e-01
4.850907288e+02;1.239828914e-01
4.853120117e+02;1.245151460e-01
4.855333252e+02;1.207627282e-01
4.857546387e+02;1.280546635e-01
4.859759521e+02;1.199909523e-01
4.861972961e+02;1.236635298e-01
4.864186401e+02;1.202038527e-01
4.866399841e+02;1.236369237e-01
4.868613586e+02;1.225724071e-01
4.870827332e+02;1.215345040e-01
4.873041077e+02;1.238498241e-01
4.875255127e+02;1.253933758e-01
4.877469177e+02;1.276288629e-01
4.879683228e+02;1.247812733e-01
4.881897583e+02;1.259788573e-01
4.884111938e+02;1.297844946e-01
4.886326599e+02;1.297312826e-01
4.888540955e+02;1.258191764e-01
4.890755615e+02;1.334038526e-01
4.892970581e+02;1.289595068e-01
4.895185547e+02;1.277619153e-01
4.897400513e+02;1.297046691e-01
4.899615479e+02;1.265377253e-01
4.901830750e+02;1.256861091e-01
4.904046021e+02;1.278949827e-01
4.906261597e+02;1.264312714e-01
4.908476868e+02;1.252869219e-01
4.910692749e+02;1.264312714e-01
4.912908325e+02;1.241691783e-01
4.915124207e+02;1.303699911e-01
4.917340088e+02;1.294917613e-01
4.919555969e+02;1.302103102e-01
4.921772156e+02;1.253933758e-01
4.923988342e+02;1.297312826e-01
4.926204834e+02;1.267240196e-01
4.928421326e+02;1.314877272e-01
4.930637817e+02;1.318603158e-01
4.932854309e+02;1.306094974e-01
4.935071106e+02;1.323127300e-01
4.937287903e+02;1.355328858e-01
4.939505005e+02;1.355594993e-01
4.941722107e+02;1.317538619e-01
4.943939209e+02;1.292256266e-01
4.946156616e+02;1.309554726e-01
4.948373718e+02;1.322861165e-01
4.950591431e+02;1.311151534e-01
4.952808838e+02;1.326853037e-01
4.955026550e+02;1.291191727e-01
4.957244263e+02;1.299175620e-01
4.959462280e+02;1.280546635e-01
4.961680298e+02;1.287732124e-01
4.963898315e+02;1.304232180e-01
4.966116638e+02;1.310086995e-01
4.968334961e+02;1.298377216e-01
4.970553284e+02;1.289062798e-01
4.972771606e+02;1.297844946e-01
4.974990234e+02;1.328982115e-01
4.977209167e+02;1.367304772e-01
4.979427795e+02;1.317006350e-01
4.981646729e+02;1.320199817e-01
4.983865662e+02;1.317804754e-01
4.986084900e+02;1.305828840e-01
4.988304138e+02;1.299974024e-01
4.990523376e+02;1.310885400e-01
4.992742920e+02;1.319401413e-01
4.994962463e+02;1.266441792e-01
4.997182007e+02;1.273361146e-01
4.999401855e+02;1.298111081e-01
5.001621704e+02;1.280014366e-01
5.003841553e+02;1.272562742e-01
5.006061707e+02;1.281345040e-01
5.008281860e+02;1.299707890e-01
5.010502014e+02;1.281345040e-01
5.012722473e+02;1.284538507e-01
5.014942932e+02;1.307957917e-01
5.017163391e+02;1.252336949e-01
5.019384155e+02;1.267772466e-01
5.021604919e+02;1.272828877e-01
5.023825684e+02;1.264844984e-01
5.026046753e+02;1.286135316e-01
5.028267822e+02;1.274159551e-01
5.030488892e+02;1.251804680e-01
5.032710266e+02;1.198312715e-01
5.034931641e+02;1.227586940e-01
5.037153015e+02;1.215078905e-01
5.039374695e+02;1.201772392e-01
5.041596375e+02;1.215078905e-01
5.043818054e+02;1.237167567e-01
5.046040039e+02;1.241957918e-01
5.048262024e+02;1.233441755e-01
5.050484314e+02;1.216409504e-01
5.052706299e+02;1.208957881e-01
5.054928589e+02;1.230780482e-01
5.057151184e+02;1.211353093e-01
5.059373779e+02;1.208957881e-01
5.061596375e+02;1.183675677e-01
5.063818970e+02;1.157062724e-01
5.066041870e+02;1.165845022e-01
5.068264771e+02;1.155732125e-01
5.070487671e+02;1.144288555e-01
5.072710876e+02;1.136304662e-01
5.074934082e+02;1.157594994e-01
5.077157593e+02;1.138167605e-01
5.079380798e+02;1.171965972e-01
5.081604614e+02;1.111820787e-01
5.083828125e+02;1.136836931e-01
5.086051941e+02;1.115014330e-01
5.088275757e+02;1.124062762e-01
5.090499573e+02;1.116611138e-01
5.092723694e+02;1.067111120e-01
5.094947815e+02;1.067377254e-01
5.097172241e+02;1.120603085e-01
5.099396667e+02;1.099844947e-01
5.101621094e+02;1.120070815e-01
5.103845520e+02;1.097183675e-01
5.106070251e+02;1.084409505e-01
5.108294983e+02;1.083344966e-01
5.110520020e+02;1.087869182e-01
5.112745056e+02;1.048215926e-01
5.114970093e+02;1.070570797e-01
5.117195129e+02;1.075893342e-01
5.119420471e+02;1.051143333e-01
5.121646118e+02;1.096385270e-01
5.123871460e+02;1.107296571e-01
5.126096802e+02;1.041562706e-01
5.128322754e+02;1.046885327e-01
5.130548706e+02;1.055667549e-01
5.132774658e+02;1.108893380e-01
5.135000610e+02;1.020006239e-01
5.137226562e+02;1.034909487e-01
5.139452515e+02;1.046885327e-01
5.141679077e+02;1.006965935e-01
5.143905640e+02;1.020272374e-01
5.146132202e+02;1.034643352e-01
5.148358765e+02;1.025328860e-01
5.150585327e+02;1.035974026e-01
5.152812500e+02;1.032248214e-01
5.155039062e+02;1.041828841e-01
5.157266235e+02;1.031715944e-01
5.159493408e+02;1.029586866e-01
5.161720581e+02;1.047417521e-01
5.163947754e+02;1.025062725e-01
5.166175537e+02;1.009361073e-01
5.168402710e+02;1.039167568e-01
5.170630493e+02;1.009094939e-01
5.172858276e+02;1.006699800e-01
5.175086060e+02;1.015215963e-01
5.177314453e+02;1.020804644e-01
5.179542236e+02;9.955223650e-02
5.181770630e+02;1.034111083e-01
5.183999023e+02;1.002175584e-01
5.186227417e+02;9.864740074e-02
5.188455811e+02;1.017877236e-01
5.190684204e+02;1.003772393e-01
5.192912598e+02;9.995143116e-02
5.195141602e+02;1.033046544e-01
5.197370605e+02;9.734336287e-02
5.199599609e+02;9.806191176e-02
5.201828613e+02;9.944578260e-02
5.204057617e+02;9.944578260e-02
5.206287231e+02;1.016280428e-01
5.208516235e+02;9.673126787e-02
5.210745850e+02;1.017344967e-01
5.212975464e+02;1.021869183e-01
5.215205078e+02;9.824820608e-02
5.217435303e+02;1.012022346e-01
5.219664917e+02;1.002973989e-01
5.221895142e+02;1.022933647e-01
5.224125366e+02;1.000844985e-01
5.226355591e+02;9.854094684e-02
5.228585815e+02;9.995143116e-02
5.230816040e+02;1.010425612e-01
5.233046875e+02;1.029586866e-01
5.235277100e+02;9.697078913e-02
5.237507935e+02;1.014417559e-01
5.239738770e+02;1.028256267e-01
5.241969604e+02;9.915304184e-02
5.244201050e+02;9.854094684e-02
5.246431885e+02;1.022401452e-01
5.248663330e+02;9.782239795e-02
5.250894775e+02;9.952562302e-02
5.253126221e+02;9.854094684e-02
5.255357666e+02;9.870062768e-02
5.257589111e+02;1.011224017e-01
5.259821167e+02;1.010691747e-01
5.262053223e+02;1.039699838e-01
5.264285278e+02;1.032514349e-01
5.266517334e+02;9.697078913e-02
5.268749390e+02;9.816836566e-02
5.270981445e+02;1.003506258e-01
5.273214111e+02;1.039433703e-01
5.275446167e+02;1.000844985e-01
5.277678833e+02;1.010425612e-01
5.279911499e+02;1.013086885e-01
5.282144165e+02;1.018675640e-01
5.284377441e+02;9.830143303e-02
5.286610107e+02;1.014683694e-01
5.288843384e+02;9.816836566e-02
5.291076660e+02;9.915304184e-02
5.293309937e+02;9.883368760e-02
5.295543213e+02;9.646514058e-02
5.297777100e+02;9.657159448e-02
5.300010376e+02;1.022135317e-01
5.302244263e+02;9.952562302e-02
5.304478149e+02;9.843449295e-02
5.306712036e+02;9.979175031e-02
5.308945923e+02;9.742320329e-02
5.311179810e+02;9.500142932e-02
5.313414307e+02;9.854094684e-02
5.315648804e+02;9.425626695e-02
5.317883301e+02;9.218046069e-02
5.320117798e+02;9.292562306e-02
5.322352295e+02;9.159497917e-02
5.324586792e+02;9.311191738e-02
5.326821899e+02;9.399013966e-02
5.329057007e+02;9.212723374e-02
5.331291504e+02;9.063691646e-02
5.333527222e+02;9.066352993e-02
5.335762329e+02;9.013126791e-02
5.337997437e+02;8.922643214e-02
5.340233154e+02;8.741675317e-02
5.342468262e+02;8.683126420e-02
5.344703979e+02;8.385062218e-02
5.346939697e+02;8.621916920e-02
5.349176025e+02;8.576674759e-02
5.351411743e+02;8.278610557e-02
5.353648071e+02;8.478207141e-02
5.355883789e+02;8.494175225e-02
5.358120117e+02;7.876755297e-02
5.360356445e+02;8.033771813e-02
5.362593384e+02;8.275949210e-02
5.364829712e+02;8.012481779e-02
5.367066650e+02;7.663852721e-02
5.369302979e+02;7.858126611e-02
5.371539917e+02;7.733046263e-02
5.373776855e+02;7.631916553e-02
5.376014404e+02;7.421674579e-02
5.378251343e+02;7.333852351e-02
5.380488892e+02;7.256674767e-02
5.382726440e+02;7.448288053e-02
5.384963379e+02;7.272642851e-02
5.387201538e+02;7.214093953e-02
5.389439087e+02;6.740384549e-02
5.391676636e+02;6.766997278e-02
5.393914795e+02;6.969255209e-02
5.396152954e+02;6.556755304e-02
5.398391113e+02;6.234738976e-02
5.400629272e+02;6.128287688e-02
5.402867432e+02;6.152239069e-02
5.405105591e+02;5.824900419e-02
5.407344360e+02;5.939335749e-02
5.409583130e+02;5.742400512e-02
5.411821899e+02;5.947319791e-02
5.414060669e+02;5.580061674e-02
5.416299438e+02;5.470948666e-02
5.418538818e+02;5.340545252e-02
5.420777588e+02;5.548126251e-02
5.423016968e+02;5.164900050e-02
5.425256348e+02;5.316593871e-02
5.427495728e+02;5.383126065e-02
5.429735107e+02;4.970626161e-02
5.431975098e+02;5.199497193e-02
5.434214478e+02;5.109013245e-02
5.436454468e+02;5.263368040e-02
5.438694458e+02;4.438367859e-02
5.440934448e+02;4.701835662e-02
5.443174438e+02;4.640625790e-02
5.445415039e+02;4.486270994e-02
5.447655640e+02;4.318609834e-02
5.449895630e+02;4.092400149e-02
5.452136230e+02;4.017883912e-02
5.454376831e+02;4.182883725e-02
5.456618042e+02;4.047157988e-02
5.458858643e+02;4.119012877e-02
5.461099854e+02;4.063125700e-02
5.463341064e+02;4.204174131e-02
5.465582275e+02;3.956674039e-02
5.467823486e+02;3.719819337e-02
5.470064697e+02;3.991270810e-02
5.472306519e+02;3.844900057e-02
5.474547729e+02;3.661270812e-02
5.476789551e+02;3.325948119e-02
5.479031372e+02;3.775706515e-02
5.481273193e+02;3.459012881e-02
5.483515015e+02;3.384496644e-02
5.485757446e+02;3.272722289e-02
5.487999878e+02;3.480303288e-02
5.490241699e+02;3.219496459e-02
5.492484131e+02;3.107722476e-02
5.494726562e+02;3.206190094e-02
5.496969604e+02;3.035867587e-02
5.499212036e+02;2.924093418e-02
5.501455078e+02;2.873528749e-02
5.503698120e+02;3.259415925e-02
5.505941162e+02;3.174254671e-02
5.508184204e+02;2.868206240e-02
5.510427246e+02;2.868206240e-02
5.512670898e+02;2.873528749e-02
5.514913940e+02;3.001270816e-02
5.517157593e+02;3.001270816e-02
5.519401245e+02;3.065141663e-02
5.521644897e+02;3.014577180e-02
5.523889160e+02;2.977319062e-02
5.526132812e+02;2.780383639e-02
5.528377075e+02;2.535544895e-02
5.530621338e+02;2.775061131e-02
5.532865601e+02;2.822964266e-02
5.535109863e+02;2.402480319e-02
5.537354126e+02;2.596754581e-02
5.539598999e+02;2.791028842e-02
5.541843262e+02;2.660625614e-02
5.544088135e+02;2.764415927e-02
5.546333008e+02;2.647319064e-02
5.548577881e+02;2.660625614e-02
5.550823364e+02;2.657964267e-02
5.553068237e+02;2.610060945e-02
5.555313721e+02;2.820302919e-02
5.557559204e+02;2.753770724e-02
5.559804688e+02;3.025222383e-02
5.562050171e+02;2.958690189e-02
5.564295654e+02;3.011916019e-02
5.566541748e+02;2.902803011e-02
5.568787231e+02;2.966674045e-02
5.571033325e+02;2.647319064e-02
5.573279419e+02;2.729819156e-02
5.575525513e+02;3.035867587e-02
5.577772217e+02;2.846915834e-02
5.580018311e+02;2.924093418e-02
5.582265015e+02;2.889496461e-02
5.584511719e+02;2.854899690e-02
5.586758423e+02;3.349899873e-02
5.589005127e+02;3.219496459e-02
5.591251831e+02;2.982641757e-02
5.593499146e+02;3.192883730e-02
5.595745850e+02;3.296674043e-02
5.597993164e+02;3.251432255e-02
5.600240479e+02;3.459012881e-02
5.602488403e+02;3.698528931e-02
5.604735718e+02;3.671916202e-02
5.606983032e+02;3.887480497e-02
5.609230957e+02;3.842238709e-02
5.611478882e+02;4.041835666e-02
5.613726807e+02;3.946029022e-02
5.615974731e+02;3.618690372e-02
5.618223267e+02;3.765061125e-02
5.620471191e+02;4.031190276e-02
5.622719727e+02;4.158932343e-02
5.624968262e+02;4.390464723e-02
5.627216797e+02;4.574093595e-02
5.629465332e+02;4.555464536e-02
5.631713867e+02;4.608690366e-02
5.633963013e+02;4.832238704e-02
5.636211548e+02;5.196835846e-02
5.638460693e+02;5.345867947e-02
5.640709839e+02;5.473610014e-02
5.642958984e+02;5.470948666e-02
5.645208740e+02;5.822239071e-02
5.647457886e+02;5.904738978e-02
5.649707642e+02;6.277319789e-02
5.651957397e+02;6.208126247e-02
5.654207153e+02;6.306593865e-02
5.656456909e+02;6.452964991e-02
5.658707275e+02;6.450303644e-02
5.660957031e+02;6.889417022e-02
5.663207397e+02;7.293932885e-02
5.665457764e+02;7.554739714e-02
5.667708130e+02;7.562723011e-02
5.669958496e+02;8.020465076e-02
5.672208862e+02;8.220062405e-02
5.674459839e+02;8.534094691e-02
5.676710205e+02;9.114255756e-02
5.678961182e+02;9.313852340e-02
5.681212158e+02;9.665142745e-02
5.683463745e+02;9.803530574e-02
5.685714722e+02;1.027723998e-01
5.687966309e+02;1.063917577e-01
5.690217285e+02;1.117409468e-01
5.692468872e+02;1.156796589e-01
5.694720459e+02;1.158127263e-01
5.696972046e+02;1.214280501e-01
5.699224243e+02;1.239828914e-01
5.701475830e+02;1.268038601e-01
5.703728027e+02;1.340691745e-01
5.705980225e+02;1.355594993e-01
5.708232422e+02;1.417336911e-01
5.710484619e+02;1.451933831e-01
5.712736816e+02;1.542417705e-01
5.714989624e+02;1.573820859e-01
5.717242432e+02;1.637159586e-01
5.719495239e+02;1.726046652e-01
5.721748047e+02;1.695441902e-01
5.724000854e+02;1.780603230e-01
5.726253662e+02;1.845006347e-01
5.728507080e+02;1.890514493e-01
5.730760498e+02;1.962635517e-01
5.733013306e+02;2.021449953e-01
5.735266724e+02;2.072280645e-01
5.737520752e+02;2.132425904e-01
5.739774170e+02;2.202417850e-01
5.742028198e+02;2.263095230e-01
5.744281616e+02;2.318183929e-01
5.746535645e+02;2.406272590e-01
5.748789673e+02;2.440603375e-01
5.751043701e+02;2.483184040e-01
5.753298340e+02;2.604272664e-01
5.755552368e+02;2.658829093e-01
5.757807007e+02;2.749579251e-01
5.760061646e+02;2.721369565e-01
5.762316284e+02;2.875458300e-01
5.764570923e+02;2.952369452e-01
5.766826172e+02;3.007458150e-01
5.769080811e+02;3.175385594e-01
5.771336060e+02;3.191353381e-01
5.773591309e+02;3.277313113e-01
5.775846558e+02;3.355022967e-01
5.778101807e+02;3.377111554e-01
5.780357666e+02;3.475845456e-01
5.782612915e+02;3.565797210e-01
5.784868774e+02;3.626208305e-01
5.787124634e+02;3.687418103e-01
5.789380493e+02;3.707111776e-01
5.791636353e+02;3.837248683e-01
5.793892212e+02;3.865458369e-01
5.796148682e+02;3.973773122e-01
5.798405151e+02;4.014224708e-01
5.800661621e+02;4.042434394e-01
5.802918091e+02;4.108966589e-01
5.805174561e+02;4.256668091e-01
5.807431030e+02;4.235377908e-01
5.809688110e+02;4.331450462e-01
5.811944580e+02;4.396385849e-01
5.814201660e+02;4.467708468e-01
5.816458740e+02;4.575490952e-01
5.818716431e+02;4.638031125e-01
5.820973511e+02;4.669700563e-01
5.823231201e+02;4.710418284e-01
5.825488281e+02;4.822724760e-01
5.827745972e+02;4.842418432e-01
5.830003662e+02;4.867966771e-01
5.832261963e+02;4.869297445e-01
5.834519653e+02;4.963773191e-01
5.836777344e+02;5.008748770e-01
5.839035645e+02;5.066499114e-01
5.841293945e+02;5.113071799e-01
5.843552246e+02;5.237087607e-01
5.845810547e+02;5.222450495e-01
5.848069458e+02;5.334224701e-01
5.850327759e+02;5.397563577e-01
5.852586670e+02;5.366692543e-01
5.854845581e+02;5.411668420e-01
5.857104492e+02;5.487515330e-01
5.859363403e+02;5.541805625e-01
5.861622925e+02;5.591305494e-01
5.863881836e+02;5.610998869e-01
5.866141357e+02;5.670079589e-01
5.868400879e+02;5.693233013e-01
5.870660400e+02;5.745660663e-01
5.872919922e+02;5.789305568e-01
5.875180054e+02;5.832684636e-01
5.877439575e+02;5.899217129e-01
5.879699707e+02;5.978789330e-01
5.881959839e+02;5.971071720e-01
5.884219971e+02;6.021636128e-01
5.886480103e+02;6.066878438e-01
5.888740234e+02;6.120104194e-01
5.891000977e+02;6.103338003e-01
5.893261719e+02;6.176523566e-01
5.895522461e+02;6.107063890e-01
5.897783203e+02;6.308789849e-01
5.900043945e+02;6.297612190e-01
5.902304688e+02;6.313579679e-01
5.904566040e+02;6.297079921e-01
5.906827393e+02;6.404063702e-01
5.909088135e+02;6.378249526e-01
5.911350098e+02;6.499603987e-01
5.913611450e+02;6.479910612e-01
5.915872803e+02;6.536329985e-01
5.918134766e+02;6.497474909e-01
5.920396118e+02;6.526749134e-01
5.922658081e+02;6.624418497e-01
5.924920044e+02;6.605523229e-01
5.927182617e+02;6.605257392e-01
5.929444580e+02;6.619894505e-01
5.931707153e+02;6.714104414e-01
5.933969116e+02;6.644910574e-01
5.936231689e+02;6.673918962e-01
5.938494263e+02;6.772120595e-01
5.940757446e+02;6.704257131e-01
5.943020020e+02;6.780902743e-01
5.945282593e+02;6.767862439e-01
5.947545776e+02;6.879636645e-01
5.949808960e+02;6.922749281e-01
5.952072144e+02;6.960805655e-01
5.954335327e+02;6.902523637e-01
5.956599121e+02;6.925677061e-01
5.958862305e+02;7.036120296e-01
5.961126099e+02;7.012168765e-01
5.963389893e+02;7.031596303e-01
5.965653687e+02;7.038249373e-01
5.967917480e+02;7.071249485e-01
5.970181885e+02;7.076572180e-01
5.972445679e+02;7.102652788e-01
5.974710083e+02;7.142571807e-01
5.976974487e+02;7.179564238e-01
5.979238892e+02;7.101321816e-01
5.981503296e+02;7.211233377e-01
5.983768311e+02;7.236249447e-01
5.986032715e+02;7.213894725e-01
5.988297729e+02;7.334451079e-01
5.990562744e+02;7.462459207e-01
5.992827759e+02;7.440902591e-01
5.995092773e+02;7.272443175e-01
5.997357788e+02;7.367983460e-01
5.999623413e+02;7.375967503e-01
6.001889038e+02;7.499717474e-01
6.004154663e+02;7.418282032e-01
6.006420288e+02;7.385814190e-01
6.008685913e+02;7.445160747e-01
6.010951538e+02;7.397523522e-01
6.013217773e+02;7.493063807e-01
6.015484009e+02;7.400451303e-01
6.017749634e+02;7.529789805e-01
6.020015869e+02;7.522604465e-01
6.022282715e+02;7.531652451e-01
6.024548950e+02;7.527394891e-01
6.026815796e+02;7.532184720e-01
6.029082031e+02;7.630918622e-01
6.031348877e+02;7.525531650e-01
6.033615723e+02;7.586741447e-01
6.035883179e+02;7.709959149e-01
6.038150024e+02;7.675628662e-01
6.040416870e+02;7.678555846e-01
6.042684326e+02;7.661523819e-01
6.044951782e+02;7.755467296e-01
6.047219238e+02;7.690798044e-01
6.049486694e+02;7.702773809e-01
6.051754761e+02;7.788200974e-01
6.054022217e+02;7.813749313e-01
6.056290283e+02;7.801507711e-01
6.058558350e+02;7.841426730e-01
6.060826416e+02;7.839298248e-01
6.063094482e+02;7.845951319e-01
6.065363159e+02;7.905830145e-01
6.067631226e+02;7.788467407e-01
6.069899902e+02;7.836370468e-01
6.072168579e+02;7.913547754e-01
6.074437256e+02;7.955064178e-01
6.076705933e+02;7.925257683e-01
6.078974609e+02;8.030911088e-01
6.081243896e+02;7.979547977e-01
6.083513184e+02;7.967838049e-01
6.085781860e+02;7.987797856e-01
6.088051147e+02;8.047410846e-01
6.090321045e+02;8.054862618e-01
6.092590332e+02;8.062047958e-01
6.094860229e+02;8.086798191e-01
6.097129517e+02;8.091056347e-01
6.099399414e+02;8.083338141e-01
6.101669312e+02;8.066571951e-01
6.103939209e+02;8.094515800e-01
6.106209717e+02;8.118201494e-01
6.108479614e+02;8.179410696e-01
6.110750122e+02;8.186330199e-01
6.113020630e+02;8.191120625e-01
6.115291138e+02;8.212943077e-01
6.117561646e+02;8.233168721e-01
6.119832764e+02;8.211080432e-01
6.122103271e+02;8.292249441e-01
6.124374390e+02;8.325781822e-01
6.126645508e+02;8.314870596e-01
6.128916626e+02;8.336427212e-01
6.131187744e+02;8.284798265e-01
6.133458862e+02;8.369959593e-01
6.135730591e+02;8.298636675e-01
6.138002319e+02;8.363040090e-01
6.140273438e+02;8.349467516e-01
6.142545166e+02;8.344677091e-01
6.144817505e+02;8.398701549e-01
6.147089233e+02;8.387257457e-01
6.149361572e+02;8.395507932e-01
6.151633301e+02;8.409080505e-01
6.153905640e+02;8.346806169e-01
6.156177979e+02;8.461773992e-01
6.158450317e+02;8.433032036e-01
6.160723267e+02;8.453524113e-01
6.162995605e+02;8.450596333e-01
6.165268555e+02;8.458313942e-01
6.167541504e+02;8.507814407e-01
6.169814453e+02;8.557846546e-01
6.172087402e+02;8.441016078e-01
6.174360352e+02;8.511540294e-01
6.176633911e+02;8.472418785e-01
6.178907471e+02;8.496903181e-01
6.181180420e+02;8.552790284e-01
6.183453979e+02;8.530967236e-01
6.185728149e+02;8.517394662e-01
6.188001709e+02;8.536289930e-01
6.190275879e+02;8.422120810e-01
6.192549438e+02;8.535491824e-01
6.194823608e+02;8.620918989e-01
6.197097778e+02;8.612402678e-01
6.199371948e+02;8.523249626e-01
6.201646729e+02;8.581532240e-01
6.203920898e+02;8.601225615e-01
6.206195679e+02;8.637152910e-01
6.208470459e+02;8.710604310e-01
6.210745239e+02;8.526177406e-01
6.213020020e+02;8.691443205e-01
6.215294800e+02;8.539483547e-01
6.217570190e+02;8.617193103e-01
6.219844971e+02;8.572749496e-01
6.222120361e+02;8.613999486e-01
6.224395752e+02;8.645669222e-01
6.226671143e+02;8.710604310e-01
6.228947144e+02;8.711136580e-01
6.231222534e+02;8.679467440e-01
6.233498535e+02;8.702620864e-01
6.235774536e+02;8.594306111e-01
6.238050537e+02;8.613201380e-01
6.240326538e+02;8.699160814e-01
6.242602539e+02;8.668556213e-01
6.244879150e+02;8.681862354e-01
6.247155762e+02;8.691177368e-01
6.249431763e+02;8.777935505e-01
6.251708374e+02;8.711136580e-01
6.253985596e+02;8.759306073e-01
6.256262207e+02;8.775539994e-01
6.258538818e+02;8.758507967e-01
6.260816040e+02;8.750523925e-01
6.263093262e+02;8.808540106e-01
6.265370483e+02;8.715927005e-01
6.267647705e+02;8.753451109e-01
6.269924927e+02;8.773410916e-01
6.272202759e+02;8.769152761e-01
6.274480591e+02;8.793636560e-01
6.276757812e+02;8.781128526e-01
6.279035645e+02;8.809604645e-01
6.281314087e+02;8.760902882e-01
6.283591919e+02;8.780596256e-01
6.285869751e+02;8.806677461e-01
6.288148193e+02;8.829298019e-01
6.290426636e+02;8.884387016e-01
6.292705078e+02;8.847395182e-01
6.294983521e+02;8.852717280e-01
6.297261963e+02;8.762233853e-01
6.299541016e+02;8.945862651e-01
6.301819458e+02;8.784322143e-01
6.304098511e+02;8.831161261e-01
6.306377563e+02;8.892104626e-01
6.308656616e+02;8.964225650e-01
6.310936279e+02;8.871346712e-01
6.313215332e+02;8.902750015e-01
6.315494995e+02;8.842338324e-01
6.317774658e+02;8.846862912e-01
6.320054321e+02;8.892902732e-01
6.322333984e+02;8.938943148e-01
6.324613647e+02;8.945596814e-01
6.326893921e+02;8.928830624e-01
6.329173584e+02;8.978330493e-01
6.331453857e+02;8.930693269e-01
6.333734131e+02;8.959967494e-01
6.336014404e+02;8.989773989e-01
6.338294678e+02;8.936814070e-01
6.340575562e+02;8.983653188e-01
6.342855835e+02;8.944000006e-01
6.345136719e+02;8.994032145e-01
6.347417603e+02;8.927233815e-01
6.349698486e+02;8.995628953e-01
6.351979980e+02;9.030225873e-01
6.354260864e+02;8.921911120e-01
6.356542358e+02;8.986580372e-01
6.358823853e+02;9.034749866e-01
6.361105347e+02;9.045661092e-01
6.363386841e+02;9.025435448e-01
6.365668335e+02;9.025169015e-01
6.367949829e+02;8.955975771e-01
6.370231934e+02;9.012660980e-01
6.372514038e+02;9.009467363e-01
6.374796143e+02;9.042733908e-01
6.377078247e+02;9.009201527e-01
6.379360352e+02;9.003878832e-01
6.381643066e+02;9.064822197e-01
6.383925171e+02;9.043798447e-01
6.386207886e+02;9.101282358e-01
6.388490601e+02;9.091701508e-01
6.390773315e+02;9.048056006e-01
6.393056030e+02;9.076265693e-01
6.395339355e+02;9.164354801e-01
6.397622070e+02;9.123370647e-01
6.399905396e+02;9.280585647e-01
6.402188721e+02;9.105831981e-01
6.404472046e+02;9.230659008e-01
6.406755371e+02;9.209762216e-01
6.409039307e+02;9.218662381e-01
6.411323242e+02;9.139690399e-01
6.413606567e+02;9.158993363e-01
6.415890503e+02;9.202515483e-01
6.418174438e+02;9.227720499e-01
6.420458984e+02;9.197514057e-01
6.422742920e+02;9.229638577e-01
6.425027466e+02;9.247437716e-01
6.427311401e+02;9.193654656e-01
6.429595947e+02;9.268375039e-01
6.431880493e+02;9.129977226e-01
6.434165649e+02;9.114157557e-01
6.436450195e+02;9.080436826e-01
6.438735352e+02;9.241062999e-01
6.441019897e+02;9.319961071e-01
6.443305054e+02;9.105044007e-01
6.445590210e+02;9.159348011e-01
6.447875977e+02;9.125091434e-01
6.450161133e+02;9.106782675e-01
6.452446899e+02;9.210414290e-01
6.454732056e+02;9.094069004e-01
6.457017822e+02;8.974459767e-01
6.459303589e+02;9.164676666e-01
6.461589966e+02;8.973180652e-01
6.463875732e+02;9.090839624e-01
6.466162109e+02;9.237776995e-01
6.468447876e+02;9.163925648e-01
6.470734253e+02;9.002484679e-01
6.473020630e+02;9.263591766e-01
6.475307617e+02;9.304409027e-01
6.477593994e+02;9.248649478e-01
6.479880981e+02;9.339467883e-01
6.482167358e+02;9.279757142e-01
6.484454346e+02;9.313152432e-01
6.486741333e+02;9.065057635e-01
6.489028320e+02;9.207319021e-01
6.491315918e+02;9.103750587e-01
6.493602905e+02;9.105048180e-01
6.495890503e+02;9.107403159e-01
6.498178101e+02;9.075467587e-01
6.500465698e+02;9.020378590e-01
6.502753296e+02;9.153709412e-01
6.505041504e+02;9.003346562e-01
6.507329102e+02;9.028362632e-01
6.509617310e+02;9.069346786e-01
6.511905518e+02;8.956773877e-01
6.514193726e+02;9.149451256e-01
6.516481934e+02;8.919249773e-01
6.518770142e+02;8.944265842e-01
6.521058960e+02;8.995096684e-01
6.523347778e+02;9.028629065e-01
6.525636597e+02;8.934684992e-01
6.527925415e+02;9.020112753e-01
6.530214233e+02;9.000419378e-01
6.532503052e+02;9.006806016e-01
6.534792480e+02;8.986314535e-01
6.537081299e+02;9.040072560e-01
6.539370728e+02;9.027564526e-01
6.541660156e+02;8.958902955e-01
6.543949585e+02;8.941604495e-01
6.546239624e+02;8.940806389e-01
6.548529053e+02;8.935217261e-01
6.550819092e+02;8.944000006e-01
6.553109131e+02;8.907539845e-01
6.555399170e+02;8.964225650e-01
6.557689209e+02;8.989773989e-01
6.559979248e+02;9.004144669e-01
6.562269897e+02;8.951717615e-01
6.564560547e+02;8.996161222e-01
6.566851196e+02;8.953580260e-01
6.569141846e+02;8.874273896e-01
6.571432495e+02;8.866289854e-01
6.573723145e+02;8.946129084e-01
6.576014404e+02;8.920580149e-01
6.578305054e+02;8.991104364e-01
6.580596313e+02;8.852983713e-01
6.582887573e+02;8.881193399e-01
6.585178833e+02;8.967685103e-01
6.587470703e+02;8.934684992e-01
6.589761963e+02;8.785386682e-01
6.592053833e+02;8.892636895e-01
6.594345703e+02;8.880394697e-01
6.596637573e+02;8.912596703e-01
6.598929443e+02;8.903548121e-01
6.601221313e+02;8.901419044e-01
6.603513794e+02;8.867088556e-01
6.605805664e+02;8.800290227e-01
6.608098145e+02;8.827701211e-01
6.610390625e+02;8.796564341e-01
6.612683105e+02;8.770749569e-01
6.614975586e+02;8.873741627e-01
6.617268677e+02;8.832758069e-01
6.619561768e+02;8.800822496e-01
6.621854248e+02;8.802419305e-01
6.624147339e+02;8.791508079e-01
6.626441040e+02;8.688781857e-01
6.628734131e+02;8.729233742e-01
6.631027222e+02;8.763830662e-01
6.633320923e+02;8.794967532e-01
6.635614624e+02;8.656048179e-01
6.637908325e+02;8.757176995e-01
6.640202026e+02;8.719120622e-01
6.642495728e+02;8.749991655e-01
6.644790039e+02;8.675741553e-01
6.647083740e+02;8.731895089e-01
6.649378052e+02;8.694903255e-01
6.651672363e+02;8.803749681e-01
6.653966675e+02;8.805612922e-01
6.656260986e+02;8.828233480e-01
6.658555908e+02;8.739612699e-01
6.660850220e+02;8.753185272e-01
6.663145142e+02;8.742007613e-01
6.665440063e+02;8.715927005e-01
6.667734985e+02;8.677870631e-01
6.670030518e+02;8.726040125e-01
6.672325439e+02;8.569555879e-01
6.674620972e+02;8.642741442e-01
6.676915894e+02;8.645402789e-01
6.679211426e+02;8.705548048e-01
6.681506958e+02;8.664830327e-01
6.683803101e+02;8.677870631e-01
6.686098633e+02;8.732427359e-01
6.688394775e+02;8.652588725e-01
6.690690308e+02;8.644604683e-01
6.692986450e+02;8.769685030e-01
6.695282593e+02;8.687717319e-01
6.697579346e+02;8.659241796e-01
6.699875488e+02;8.641676903e-01
6.702172241e+02;8.659507632e-01
6.704468384e+02;8.631830215e-01
6.706765137e+02;8.596967459e-01
6.709061890e+02;8.642475605e-01
6.711359253e+02;8.643273711e-01
6.713656006e+02;8.654451370e-01
6.715953369e+02;8.629435301e-01
6.718250122e+02;8.661104441e-01
6.720547485e+02;8.636088371e-01
6.722844849e+02;8.592443466e-01
6.725142822e+02;8.580201268e-01
6.727440186e+02;8.598564267e-01
6.729738159e+02;8.625442982e-01
6.732035522e+02;8.649395108e-01
6.734333496e+02;8.608145118e-01
6.736631470e+02;8.670418859e-01
6.738929443e+02;8.571951389e-01
6.741228027e+02;8.616128564e-01
6.743526001e+02;8.597233295e-01
6.745824585e+02;8.581532240e-01
6.748123169e+02;8.598031998e-01
6.750421753e+02;8.661903143e-01
6.752720337e+02;8.622782230e-01
6.755019531e+02;8.499031663e-01
6.757318115e+02;8.644338250e-01
6.759617310e+02;8.546136618e-01
6.761916504e+02;8.607878685e-01
6.764215698e+02;8.547999859e-01
6.766514893e+02;8.552258015e-01
6.768814087e+02;8.559443355e-01
6.771113892e+02;8.586854339e-01
6.773413696e+02;8.561040163e-01
6.775712891e+02;8.668289781e-01
6.778012695e+02;8.632096648e-01
6.780313110e+02;8.633161187e-01
6.782612915e+02;8.596435189e-01
6.784912720e+02;8.547201157e-01
6.787213135e+02;8.554120660e-01
6.789513550e+02;8.662701249e-01
6.791813965e+02;8.551459312e-01
6.794114380e+02;8.625975251e-01
6.796415405e+02;8.553056121e-01
6.798715820e+02;8.539483547e-01
6.801016846e+02;8.584991693e-01
6.803317871e+02;8.483330607e-01
6.805618896e+02;8.557846546e-01
6.807919922e+02;8.638483882e-01
6.810220947e+02;8.584725261e-01
6.812522583e+02;8.527241349e-01
6.814823608e+02;8.616128564e-01
6.817125244e+02;8.641943336e-01
6.819426880e+02;8.513136506e-01
6.821728516e+02;8.596435189e-01
6.824030151e+02;8.587386608e-01
6.826332397e+02;8.606281877e-01
6.828634644e+02;8.518991470e-01
6.830936279e+02;8.591911197e-01
6.833238525e+02;8.601757884e-01
6.835540771e+02;8.506217599e-01
6.837843628e+02;8.550661206e-01
6.840145874e+02;8.534160852e-01
6.842448730e+02;8.550128937e-01
6.844751587e+02;8.490781784e-01
6.847054443e+02;8.492910862e-01
6.849357300e+02;8.520854712e-01
6.851660156e+02;8.470023870e-01
6.853963623e+02;8.569822311e-01
6.856266479e+02;8.434628844e-01
6.858569946e+02;8.475612402e-01
6.860873413e+02;8.529902697e-01
6.863176880e+02;8.488652706e-01
6.865480347e+02;8.490249515e-01
6.867784424e+02;8.422918916e-01
6.870087891e+02;8.422918916e-01
6.872391968e+02;8.563967347e-01
6.874696045e+02;8.495838642e-01
6.877000122e+02;8.360911012e-01
6.879304199e+02;8.410677314e-01
6.881608887e+02;8.475612402e-01
6.883912964e+02;8.493443131e-01
6.886217651e+02;8.474282026e-01
6.888522339e+02;8.351862431e-01
6.890827026e+02;8.415467143e-01
6.893131714e+02;8.394443393e-01
6.895437012e+02;8.445273638e-01
6.897741699e+02;8.396838307e-01
6.900046997e+02;8.428773880e-01
6.902352295e+02;8.414403200e-01
6.904657593e+02;8.389386535e-01
6.906962891e+02;8.400031924e-01
6.909268799e+02;8.346806169e-01
6.911574097e+02;8.282935023e-01
6.913880005e+02;8.379806280e-01
6.916185913e+02;8.360644579e-01
6.918491821e+02;8.335096240e-01
6.920797729e+02;8.279475570e-01
6.923104248e+02;8.338024020e-01
6.925410156e+02;8.337225318e-01
6.927716675e+02;8.322322369e-01
6.930023193e+02;8.268830180e-01
6.932329712e+02;8.334298134e-01
6.934636230e+02;8.376878500e-01
6.936942749e+02;8.254991770e-01
6.939249878e+02;8.283467293e-01
6.941557007e+02;8.202031851e-01
6.943864136e+02;8.285596371e-01
6.946171265e+02;8.268032074e-01
6.948478394e+02;8.299701214e-01
6.950785522e+02;8.152265549e-01
6.953093262e+02;8.263507485e-01
6.955400391e+02;8.177015781e-01
6.957708130e+02;8.285330534e-01
6.960015869e+02;8.199104667e-01
6.962323608e+02;8.245410919e-01
6.964631958e+02;8.231040239e-01
6.966939697e+02;8.381136656e-01
6.969248047e+02;8.186596632e-01
6.971556396e+02;8.171427250e-01
6.973864746e+02;8.215604424e-01
6.976173096e+02;8.162112236e-01
6.978481445e+02;8.236362338e-01
6.980790405e+02;8.249136806e-01
6.983099365e+02;8.133370876e-01
6.985407715e+02;8.252596259e-01
6.987716675e+02;8.149604201e-01
6.990025635e+02;8.172225356e-01
6.992335205e+02;8.166902661e-01
6.994644165e+02;8.226249814e-01
6.996953735e+02;8.117136955e-01
6.999263306e+02;8.208419085e-01
7.001572876e+02;8.121128678e-01
7.003882446e+02;8.155991435e-01
7.006192017e+02;8.123257756e-01
7.008502197e+02;8.252063990e-01
7.010811768e+02;8.169031739e-01
7.013121948e+02;8.196975589e-01
7.015432129e+02;8.212410808e-01
7.017742310e+02;8.222789764e-01
7.020052490e+02;8.135233521e-01
7.022363281e+02;8.178080320e-01
7.024674072e+02;8.143217564e-01
7.026984253e+02;8.227580190e-01
7.029295044e+02;8.166370392e-01
7.031605835e+02;8.176749349e-01
7.033917236e+02;8.202830553e-01
7.036228027e+02;8.201499581e-01
7.038539429e+02;8.132572174e-01
7.040850220e+02;8.176217079e-01
7.043161621e+02;8.109418750e-01
7.045473022e+02;8.093983531e-01
7.047785034e+02;8.176749349e-01
7.050096436e+02;8.158919215e-01
7.052408447e+02;8.130443096e-01
7.054719849e+02;8.179410696e-01
7.057031860e+02;8.188991547e-01
7.059343872e+02;8.276015520e-01
7.061656494e+02;8.089193106e-01
7.063968506e+02;8.173024058e-01
7.066281128e+02;8.198572397e-01
7.068593140e+02;8.171959519e-01
7.070905762e+02;8.100903034e-01
7.073218384e+02;8.185532093e-01
7.075531616e+02;8.139225245e-01
7.077844238e+02;8.114209175e-01
7.080157471e+02;8.110483289e-01
7.082470093e+02;8.085733652e-01
7.084783325e+02;8.084402680e-01
7.087096558e+02;8.075088263e-01
7.089409790e+02;8.113676906e-01
7.091723633e+02;8.107821941e-01
7.094036865e+02;8.063378930e-01
7.096350708e+02;8.137628436e-01
7.098664551e+02;8.118999600e-01
7.100978394e+02;8.178080320e-01
7.103292236e+02;8.148539662e-01
7.105606689e+02;8.132572174e-01
7.107920532e+02;8.084402680e-01
7.110234985e+02;8.088128567e-01
7.112549438e+02;8.035967350e-01
7.114863892e+02;8.091854453e-01
7.117178345e+02;8.064709306e-01
7.119492798e+02;8.094515800e-01
7.121807861e+02;7.947612405e-01
7.124122314e+02;8.101967573e-01
7.126437378e+02;7.940959334e-01
7.128752441e+02;8.031443357e-01
7.131067505e+02;8.076419234e-01
7.133383179e+02;7.957459092e-01
7.135698242e+02;7.965443134e-01
7.138013916e+02;7.986733317e-01
7.140329590e+02;7.968104482e-01
7.142645264e+02;7.914346457e-01
7.144960938e+02;7.935370803e-01
7.147276611e+02;7.890394926e-01
7.149592896e+02;7.910088301e-01
7.151908569e+02;7.921265960e-01
7.154224854e+02;7.803104520e-01
7.156541138e+02;7.853668928e-01
7.158857422e+02;7.849410772e-01
7.161173706e+02;7.876822352e-01
7.163490601e+02;7.763983607e-01
7.165806885e+02;7.780749798e-01
7.168123779e+02;7.755733132e-01
7.170440674e+02;7.773031592e-01
7.172757568e+02;7.736838460e-01
7.175075073e+02;7.796451449e-01
7.177391968e+02;7.705435157e-01
7.179709473e+02;7.700644732e-01
7.182026367e+02;7.696653008e-01
7.184343872e+02;7.690798044e-01
7.186661377e+02;7.640765905e-01
7.188979492e+02;7.743225098e-01
7.191296997e+02;7.577692866e-01
7.193615112e+02;7.656201124e-01
7.195933228e+02;7.619475126e-01
7.198250732e+02;7.679620385e-01
7.200569458e+02;7.601378560e-01
7.202887573e+02;7.585144639e-01
7.205205688e+02;7.594991326e-01
7.207524414e+02;7.566515803e-01
7.209842529e+02;7.483483553e-01
7.212161255e+02;7.504773736e-01
7.214479980e+02;7.382088304e-01
7.216799316e+02;7.477096319e-01
7.219118042e+02;7.481088042e-01
7.221437378e+02;7.476829886e-01
7.223756104e+02;7.390072346e-01
7.226075439e+02;7.418547869e-01
7.228394775e+02;7.399120331e-01
7.230714111e+02;7.423071861e-01
7.233034058e+02;7.326733470e-01
7.235353394e+02;7.363193035e-01
7.237673340e+02;7.351749539e-01
7.239993286e+02;7.305176854e-01
7.242313232e+02;7.284152508e-01
7.244633179e+02;7.226668596e-01
7.246953735e+02;7.299854159e-01
7.249273682e+02;7.212031484e-01
7.251594238e+02;7.207773924e-01
7.253914795e+02;7.299588323e-01
7.256235352e+02;7.194999456e-01
7.258555908e+02;7.188079953e-01
7.260876465e+02;7.195531726e-01
7.263197632e+02;7.158805728e-01
7.265518188e+02;7.125007510e-01
7.267839355e+02;7.166257501e-01
7.270160522e+02;7.070983052e-01
7.272481689e+02;7.042507529e-01
7.274803467e+02;7.209104300e-01
7.277124634e+02;7.063797712e-01
7.279446411e+02;7.074975371e-01
7.281768188e+02;6.965330243e-01
7.284089355e+02;6.958410740e-01
7.286411743e+02;7.072846293e-01
7.288733521e+02;6.950426698e-01
7.291055298e+02;7.008177042e-01
7.293377686e+02;6.990079880e-01
7.295700073e+02;7.017757297e-01
7.298022461e+02;6.947499514e-01
7.300344849e+02;7.000991106e-01
7.302667236e+02;6.892410517e-01
7.304990234e+02;6.938983202e-01
7.307312622e+02;6.943773627e-01
7.309635620e+02;6.875112057e-01
7.311958618e+02;6.856749654e-01
7.314281616e+02;6.840515733e-01
7.316604614e+02;6.788088083e-01
7.318928223e+02;6.926209331e-01
7.321251221e+02;6.820555925e-01
7.323574829e+02;6.879370213e-01
7.325898438e+02;6.722620130e-01
7.328222046e+02;6.824015379e-01
7.330545654e+02;6.721822023e-01
7.332869873e+02;6.845305562e-01
7.335193481e+02;6.692281365e-01
7.337517700e+02;6.810975075e-01
7.339841919e+02;6.755886674e-01
7.342166138e+02;6.645975113e-01
7.344490356e+02;6.690950990e-01
7.346815186e+02;6.678708792e-01
7.349139404e+02;6.676579714e-01
7.351464233e+02;6.647305489e-01
7.353789062e+02;6.598604321e-01
7.356113892e+02;6.620426774e-01
7.358438721e+02;6.631072164e-01
7.360763550e+02;6.641983390e-01
7.363088989e+02;6.526483297e-01
7.365414429e+02;6.536595821e-01
7.367739258e+02;6.547241211e-01
7.370065308e+02;6.540588140e-01
7.372390747e+02;6.446378231e-01
7.374716187e+02;6.570394635e-01
7.377042236e+02;6.402999163e-01
7.379367676e+02;6.441321969e-01
7.381693726e+02;6.453830004e-01
7.384019775e+02;6.398208737e-01
7.386345825e+02;6.408056021e-01
7.388672485e+02;6.384370327e-01
7.390998535e+02;6.364942789e-01
7.393325195e+02;6.411515474e-01
7.395651855e+02;6.344184875e-01
7.397978516e+02;6.305862069e-01
7.400305176e+02;6.259821653e-01
7.402631836e+02;6.295217276e-01
7.404959106e+02;6.294685006e-01
7.407285767e+02;6.267007589e-01
7.409613037e+02;6.151773334e-01
7.411940308e+02;6.270999312e-01
7.414267578e+02;6.210055947e-01
7.416594849e+02;6.181846261e-01
7.418922729e+02;6.203668714e-01
7.421250000e+02;6.125426888e-01
7.423577881e+02;6.144587994e-01
7.425905762e+02;6.157096028e-01
7.428233643e+02;6.106531620e-01
7.430562134e+02;6.103870273e-01
7.432890015e+02;6.080716848e-01
7.435218506e+02;6.086837649e-01
7.437546387e+02;6.063152552e-01
7.439874878e+02;6.017910242e-01
7.442203369e+02;6.056499481e-01
7.444532471e+02;6.034410596e-01
7.446860962e+02;5.953240991e-01
7.449190063e+02;6.035208702e-01
7.451518555e+02;5.887773633e-01
7.453847656e+02;5.905603766e-01
7.456176758e+02;5.992361903e-01
7.458506470e+02;5.944991112e-01
7.460835571e+02;5.875265002e-01
7.463164673e+02;5.943394303e-01
7.465494385e+02;5.893628001e-01
7.467824097e+02;5.935144424e-01
7.470153809e+02;5.830289721e-01
7.472483521e+02;5.882716775e-01
7.474813843e+02;5.826829672e-01
7.477143555e+02;5.762692690e-01
7.479473877e+02;5.812458992e-01
7.481804199e+02;5.760830045e-01
7.484134521e+02;5.790370107e-01
7.486464844e+02;5.740603805e-01
7.488795166e+02;5.711329579e-01
7.491126099e+02;5.720910430e-01
7.493457031e+02;5.754975080e-01
7.495787354e+02;5.653047562e-01
7.498118286e+02;5.632023215e-01
7.500449829e+02;5.665289164e-01
7.502780762e+02;5.652248859e-01
7.505111694e+02;5.687644482e-01
7.507443237e+02;5.635749102e-01
7.509774780e+02;5.659434795e-01
7.512106323e+02;5.591571927e-01
7.514437866e+02;5.621910691e-01
7.516769409e+02;5.562829971e-01
7.519101562e+02;5.601418614e-01
7.521433105e+02;5.479265451e-01
7.523765259e+02;5.519184470e-01
7.526097412e+02;5.436684489e-01
7.528429565e+02;5.491773486e-01
7.530762329e+02;5.420184731e-01
7.533094482e+02;5.468620062e-01
7.535427246e+02;5.572410226e-01
7.537759399e+02;5.397031307e-01
7.540092163e+02;5.378402472e-01
7.542425537e+02;5.442539454e-01
7.544758301e+02;5.424708724e-01
7.547091064e+02;5.396233201e-01
7.549424438e+02;5.346732736e-01
7.551757812e+02;5.361104012e-01
7.554090576e+02;5.374410152e-01
7.556424561e+02;5.293506980e-01
7.558757935e+02;5.358708501e-01
7.561091309e+02;5.322515368e-01
7.563425293e+02;5.278071761e-01
7.565759277e+02;5.359507203e-01
7.568092651e+02;5.409539342e-01
7.570426636e+02;5.262370110e-01
7.572761230e+02;5.306813717e-01
7.575095215e+02;5.242942572e-01
7.577429810e+02;5.215797424e-01
7.579763794e+02;5.284458995e-01
7.582098389e+02;5.241878033e-01
7.584432983e+02;5.180668235e-01
7.586767578e+02;5.138353705e-01
7.589102783e+02;5.178805590e-01
7.591437378e+02;5.201692581e-01
7.593772583e+02;5.185192823e-01
7.596107788e+02;5.136491060e-01
7.598442993e+02;5.110410452e-01
7.600778198e+02;5.173217058e-01
7.603113403e+02;5.121587515e-01
7.605449219e+02;5.163369775e-01
7.607785034e+02;5.132232904e-01
7.610120239e+02;5.095241070e-01
7.612456055e+02;5.073418617e-01
7.614792480e+02;5.154321790e-01
7.617128296e+02;5.035628080e-01
7.619464111e+02;5.026313663e-01
7.621800537e+02;4.992515147e-01
7.624136963e+02;5.076878071e-01
7.626473389e+02;5.005023479e-01
7.628809814e+02;5.042281151e-01
7.631146240e+02;5.000233054e-01
7.633483276e+02;4.980273247e-01
7.635819702e+02;5.025249124e-01
7.638156738e+02;5.021256804e-01
7.640493774e+02;5.019926429e-01
7.642830811e+02;5.004224777e-01
7.645167847e+02;4.933700562e-01
7.647505493e+02;4.919329584e-01
7.649842529e+02;4.948603809e-01
7.652180176e+02;4.911611974e-01
7.654517822e+02;4.890055358e-01
7.656855469e+02;4.916135967e-01
7.659193726e+02;4.879410267e-01
7.661531372e+02;4.822724760e-01
7.663869019e+02;4.873289168e-01
7.666207275e+02;4.868232906e-01
7.668545532e+02;4.797442555e-01
7.670883789e+02;4.789990783e-01
7.673222046e+02;4.809950590e-01
7.675560913e+02;4.833635986e-01
7.677899170e+02;4.852797389e-01
7.680238037e+02;4.756724834e-01
7.682576904e+02;4.754063487e-01
7.684915771e+02;4.755660295e-01
7.687254639e+02;4.773757160e-01
7.689594116e+02;4.712813497e-01
7.691932983e+02;4.706692398e-01
7.694272461e+02;4.708289206e-01
7.696611938e+02;4.732773006e-01
7.698951416e+02;4.754861891e-01
7.701290894e+02;4.656394124e-01
7.703630371e+02;4.694450498e-01
7.705970459e+02;4.648410082e-01
7.708309937e+02;4.626055360e-01
7.710650024e+02;4.614345729e-01
7.712990112e+02;4.697111845e-01
7.715330200e+02;4.571498930e-01
7.717670898e+02;4.642023146e-01
7.720010986e+02;4.616740942e-01
7.722351685e+02;4.627386034e-01
7.724692383e+02;4.583208561e-01
7.727033081e+02;4.581079483e-01
7.729373779e+02;4.572563469e-01
7.731714478e+02;4.599974751e-01
7.734055176e+02;4.551006854e-01
7.736396484e+02;4.562982917e-01
7.738737793e+02;4.490861893e-01
7.741079102e+02;4.511087537e-01
7.743420410e+02;4.473031163e-01
7.745761719e+02;4.476490915e-01
7.748103638e+02;4.456797242e-01
7.750444946e+02;4.520402253e-01
7.752786865e+02;4.392926395e-01
7.755128784e+02;4.448015094e-01
7.757470703e+02;4.369772971e-01
7.759812622e+02;4.451740682e-01
7.762155151e+02;4.399579465e-01
7.764497070e+02;4.421136081e-01
7.766839600e+02;4.332781136e-01
7.769182129e+02;4.346885979e-01
7.771524658e+02;4.335708618e-01
7.773867188e+02;4.341829419e-01
7.776209717e+02;4.359127879e-01
7.778552856e+02;4.333845675e-01
7.780895996e+02;4.332515001e-01
7.783239136e+02;4.257998765e-01
7.785582275e+02;4.315748811e-01
7.787925415e+02;4.281418324e-01
7.790268555e+02;4.248152077e-01
7.792612305e+02;4.258797169e-01
7.794955444e+02;4.186676145e-01
7.797299194e+02;4.256668091e-01
7.799642944e+02;4.261990786e-01
7.801986694e+02;4.233781099e-01
7.804331055e+02;4.181353748e-01
7.806674805e+02;4.235377908e-01
7.809019165e+02;4.168579578e-01
7.811363525e+02;4.175498784e-01
7.813707886e+02;4.153410196e-01
7.816052246e+02;4.168047309e-01
7.818396606e+02;4.105772972e-01
7.820741577e+02;4.167515039e-01
7.823085938e+02;4.084482789e-01
7.825430908e+02;4.122539163e-01
7.827775879e+02;4.098055363e-01
7.830120850e+02;4.117216468e-01
7.832465820e+02;4.030724466e-01
7.834811401e+02;4.064789116e-01
7.837156372e+02;4.078095555e-01
7.839501953e+02;4.111894071e-01
7.841847534e+02;4.012361765e-01
7.844193115e+02;4.078893960e-01
7.846539307e+02;4.010498822e-01
7.848884888e+02;4.022740722e-01
7.851231079e+02;4.035781026e-01
7.853576660e+02;4.002514780e-01
7.855922852e+02;3.963926136e-01
7.858269043e+02;4.029926360e-01
7.860615845e+02;3.919748664e-01
7.862962036e+02;3.983353674e-01
7.865308228e+02;3.962861598e-01
7.867655029e+02;4.003579319e-01
7.870001831e+02;3.935450315e-01
7.872348633e+02;4.005176127e-01
7.874695435e+02;3.913361728e-01
7.877042847e+02;3.884353638e-01
7.879389648e+02;3.921079338e-01
7.881737061e+02;3.916821480e-01
7.884084473e+02;3.907772899e-01
7.886431885e+02;3.884087503e-01
7.888779297e+02;3.841506839e-01
7.891126709e+02;3.891272843e-01
7.893474731e+02;3.869716525e-01
7.895822144e+02;3.930127919e-01
7.898170166e+02;3.836450279e-01
7.900518188e+02;3.876369596e-01
7.902866211e+02;3.863063157e-01
7.905214844e+02;3.889410198e-01
7.907562866e+02;3.810635805e-01
7.909911499e+02;3.811966479e-01
7.912260132e+02;3.818619847e-01
7.914608765e+02;3.856143951e-01
7.916957397e+02;3.808506727e-01
7.919306030e+02;3.796797097e-01
7.921655273e+02;3.776837587e-01
7.924003906e+02;3.775240779e-01
7.926353149e+02;3.789877892e-01
7.928702393e+02;3.777901828e-01
7.931051636e+02;3.750756681e-01
7.933400879e+02;3.760603666e-01
7.935750732e+02;3.725474477e-01
7.938099976e+02;3.790676296e-01
7.940449829e+02;3.739845455e-01
7.942799683e+02;3.727869689e-01
7.945149536e+02;3.713764846e-01
7.947499390e+02;3.696466386e-01
7.949849854e+02;3.688748777e-01
7.952199707e+02;3.702853620e-01
7.954550171e+02;3.692474663e-01
7.956900635e+02;3.727337420e-01
7.959251099e+02;3.711103499e-01
7.961601562e+02;3.681297004e-01
7.963952026e+02;3.668256700e-01
7.966303101e+02;3.665063381e-01
7.968654175e+02;3.595071435e-01
7.971004639e+02;3.633393943e-01
7.973355713e+02;3.640579283e-01
7.975707397e+02;3.617692292e-01
7.978058472e+02;3.606781065e-01
7.980410156e+02;3.574579358e-01
7.982761230e+02;3.587087393e-01
7.985112915e+02;3.612635732e-01
7.987464600e+02;3.619022965e-01
7.989816284e+02;3.591611683e-01
7.992167969e+02;3.614764810e-01
7.994520264e+02;3.553288877e-01
7.996872559e+02;3.545038998e-01
7.999224243e+02;3.572450280e-01
8.001576538e+02;3.525611460e-01
8.003928833e+02;3.595337272e-01
8.006281738e+02;3.505119681e-01
8.008634033e+02;3.532797098e-01
8.010986938e+02;3.545571268e-01
8.013339844e+02;3.511772752e-01
8.015692749e+02;3.515498638e-01
8.018045654e+02;3.527740538e-01
8.020398560e+02;3.433264792e-01
8.022751465e+02;3.493143916e-01
8.025104980e+02;3.473716378e-01
8.027458496e+02;3.437522948e-01
8.029812012e+02;3.406385779e-01
8.032165527e+02;3.449232578e-01
8.034519043e+02;3.466797173e-01
8.036872559e+02;3.451361656e-01
8.039226685e+02;3.442579210e-01
8.041580811e+02;3.451627791e-01
8.043934326e+02;3.425813317e-01
8.046288452e+02;3.435926139e-01
8.048643188e+02;3.439918160e-01
8.050997314e+02;3.396272957e-01
8.053352051e+02;3.411176205e-01
8.055706177e+02;3.373385668e-01
8.058060913e+02;3.358748555e-01
8.060415649e+02;3.335861564e-01
8.062770386e+02;3.351297081e-01
8.065125732e+02;3.322288990e-01
8.067480469e+02;3.315103352e-01
8.069835815e+02;3.308982551e-01
8.072191162e+02;3.295143843e-01
8.074546509e+02;3.337990642e-01
8.076901855e+02;3.274385631e-01
8.079257202e+02;3.232603371e-01
8.081613159e+02;3.298071325e-01
8.083968506e+02;3.276514709e-01
8.086324463e+02;3.274385631e-01
8.088680420e+02;3.236595392e-01
8.091036377e+02;3.269861639e-01
8.093392334e+02;3.240321279e-01
8.095748901e+02;3.217167854e-01
8.098104858e+02;3.226482570e-01
8.100461426e+02;3.153829277e-01
8.102817993e+02;3.190022707e-01
8.105174561e+02;3.109385669e-01
8.107531128e+02;3.099805117e-01
8.109888306e+02;3.118966222e-01
8.112244873e+02;3.137595356e-01
8.114602051e+02;3.118966222e-01
8.116959229e+02;3.139990568e-01
8.119316406e+02;3.079845309e-01
8.121673584e+02;3.094482422e-01
8.124031372e+02;3.057490587e-01
8.126388550e+02;3.062812984e-01
8.128746338e+02;3.091554940e-01
8.131104126e+02;3.033006787e-01
8.133461914e+02;3.034337163e-01
8.135819702e+02;3.019700348e-01
8.138177490e+02;3.016240597e-01
8.140535889e+02;3.000006676e-01
8.142894287e+02;3.004264832e-01
8.145252075e+02;3.001337349e-01
8.147610474e+02;2.968337238e-01
8.149969482e+02;2.914845347e-01
8.152327881e+02;2.926022708e-01
8.154686279e+02;2.971796989e-01
8.157045288e+02;2.961151898e-01
8.159404297e+02;2.912450135e-01
8.161763306e+02;2.884506583e-01
8.164122314e+02;2.898877561e-01
8.166481323e+02;2.906329334e-01
8.168840942e+02;2.897280753e-01
8.171199951e+02;2.872796953e-01
8.173559570e+02;2.880248427e-01
8.175919189e+02;2.894087136e-01
8.178278809e+02;2.864280939e-01
8.180638428e+02;2.851506770e-01
8.182998657e+02;2.834474444e-01
8.185358276e+02;2.799877524e-01
8.187718506e+02;2.781248689e-01
8.190078735e+02;2.867208123e-01
8.192438965e+02;2.802538872e-01
8.194799194e+02;2.834740579e-01
8.197160034e+02;2.770603299e-01
8.199520264e+02;2.757030725e-01
8.201881104e+02;2.745853364e-01
8.204241943e+02;2.767409980e-01
8.206602783e+02;2.721635699e-01
8.208963623e+02;2.759692073e-01
8.211325073e+02;2.748514712e-01
8.213685913e+02;2.732280791e-01
8.216047363e+02;2.738135755e-01
8.218408813e+02;2.725627422e-01
8.220770264e+02;2.699280679e-01
8.223131714e+02;2.705135643e-01
8.225493164e+02;2.668942213e-01
8.227855225e+02;2.685974240e-01
8.230216675e+02;2.714982331e-01
8.232578735e+02;2.701942027e-01
8.234940796e+02;2.664950192e-01
8.237302856e+02;2.638071179e-01
8.239665527e+02;2.633546889e-01
8.242027588e+02;2.617579103e-01
8.244390259e+02;2.613587081e-01
8.246752930e+02;2.603740394e-01
8.249115601e+02;2.604272664e-01
8.251478271e+02;2.586708069e-01
8.253840942e+02;2.587240338e-01
8.256203613e+02;2.607466280e-01
8.258566895e+02;2.584579289e-01
8.260930176e+02;2.597885728e-01
8.263293457e+02;2.538272738e-01
8.265656738e+02;2.593095303e-01
8.268020020e+02;2.540667951e-01
8.270383301e+02;2.557699978e-01
8.272747192e+02;2.573933899e-01
8.275111084e+02;2.538805008e-01
8.277474976e+02;2.526296973e-01
8.279838867e+02;2.557167709e-01
8.282202759e+02;2.535345256e-01
8.284566650e+02;2.524700165e-01
8.286931152e+02;2.516449988e-01
8.289295044e+02;2.539869547e-01
8.291659546e+02;2.570474446e-01
8.294024048e+02;2.524966300e-01
8.296388550e+02;2.517514527e-01
8.298753662e+02;2.464022636e-01
8.301118164e+02;2.502345145e-01
8.303483276e+02;2.472538799e-01
8.305848389e+02;2.534546852e-01
8.308213501e+02;2.528692186e-01
8.310578613e+02;2.511127591e-01
8.312943726e+02;2.484780699e-01
8.315309448e+02;2.482385635e-01
8.317674561e+02;2.499417812e-01
8.320040283e+02;2.441401631e-01
8.322406006e+02;2.457103282e-01
8.324771729e+02;2.473337203e-01
8.327138062e+02;2.491167784e-01
8.329503784e+02;2.470941991e-01
8.331870117e+02;2.487708181e-01
8.334235840e+02;2.469877452e-01
8.336602173e+02;2.427296788e-01
8.338968506e+02;2.445925921e-01
8.341335449e+02;2.439538836e-01
8.343701782e+02;2.417450100e-01
8.346068726e+02;2.416119426e-01
8.348435059e+02;2.408667803e-01
8.350802002e+02;2.445393652e-01
8.353168945e+02;2.397224307e-01
8.355535889e+02;2.378861308e-01
8.357903442e+02;2.433950156e-01
8.360270386e+02;2.399087250e-01
8.362637939e+02;2.409466207e-01
8.365005493e+02;2.409998477e-01
8.367373047e+02;2.360764593e-01
8.369740601e+02;2.395893633e-01
8.372108765e+02;2.426498532e-01
8.374476318e+02;2.409200072e-01
8.376844482e+02;2.357304841e-01
8.379212646e+02;2.353845239e-01
8.381580200e+02;2.321909815e-01
8.383948975e+02;2.351450026e-01
8.386317139e+02;2.353579104e-01
8.388685303e+02;2.341337204e-01
8.391054077e+02;2.387643605e-01
8.393422852e+02;2.382587194e-01
8.395791626e+02;2.354909778e-01
8.398160400e+02;2.341071069e-01
8.400529175e+02;2.284119427e-01
8.402898560e+02;2.321111411e-01
8.405267334e+02;2.335216254e-01
8.407636719e+02;2.343466133e-01
8.410006104e+02;2.312861383e-01
8.412375488e+02;2.326700091e-01
8.414744873e+02;2.328563035e-01
8.417114868e+02;2.321377546e-01
8.419484253e+02;2.301151603e-01
8.421854248e+02;2.310466170e-01
8.424224243e+02;2.307538837e-01
8.426594238e+02;2.301151603e-01
8.428964233e+02;2.303812951e-01
8.431334839e+02;2.259901613e-01
8.433704834e+02;2.275869399e-01
8.436075439e+02;2.264159769e-01
8.438446045e+02;2.251651734e-01
8.440816650e+02;2.229562998e-01
8.443187256e+02;2.262296826e-01
8.445557861e+02;2.287845165e-01
8.447929077e+02;2.230095267e-01
8.450299683e+02;2.267619371e-01
8.452670898e+02;2.242071033e-01
8.455042114e+02;2.235417813e-01
8.457413330e+02;2.237546891e-01
8.459785156e+02;2.226901650e-01
8.462156372e+02;2.172611356e-01
8.464528198e+02;2.219982296e-01
8.466899414e+02;2.176070958e-01
8.469271240e+02;2.165692002e-01
8.471643677e+02;2.182990313e-01
8.474015503e+02;2.179530710e-01
8.476387329e+02;2.172079086e-01
8.478759766e+02;2.167554945e-01
8.481132202e+02;2.194966227e-01
8.483504639e+02;2.163030654e-01
8.485877075e+02;2.161966115e-01
8.488249512e+02;2.182458043e-01
8.490621948e+02;2.128167748e-01
8.492994995e+02;2.151321024e-01
8.495368042e+02;2.152651697e-01
8.497740479e+02;2.176337093e-01
8.500113525e+02;2.151587158e-01
8.502487183e+02;2.160635591e-01
8.504860229e+02;2.114062905e-01
8.507233887e+02;2.127103209e-01
8.509606934e+02;2.120449990e-01
8.511980591e+02;2.104216218e-01
8.514354248e+02;2.057377398e-01
8.516727905e+02;2.131361365e-01
8.519102173e+02;2.071482241e-01
8.521475830e+02;2.060571015e-01
8.523850098e+02;2.080264539e-01
8.526224365e+02;2.027570903e-01
8.528598633e+02;2.018522620e-01
8.530972900e+02;2.073079050e-01
8.533347168e+02;2.036885470e-01
8.535721436e+02;2.019321024e-01
8.538096313e+02;1.999361217e-01
8.540471191e+02;2.075474262e-01
8.542846069e+02;2.060304880e-01
8.545220947e+02;2.094103247e-01
8.547595825e+02;2.014264464e-01
8.549971313e+02;2.004151642e-01
8.552346191e+02;2.032095194e-01
8.554721680e+02;2.014264464e-01
8.557097168e+02;1.970353276e-01
8.559472656e+02;1.975409687e-01
8.561848145e+02;1.977272630e-01
8.564224243e+02;1.994038671e-01
8.566599731e+02;1.979667693e-01
8.568975830e+02;1.970885545e-01
8.571351929e+02;1.952788681e-01
8.573728027e+02;1.947466135e-01
8.576104126e+02;1.944272518e-01
8.578480225e+02;1.949595213e-01
8.580856934e+02;1.976474226e-01
8.583233032e+02;1.939748377e-01
8.585609741e+02;1.930167675e-01
8.587986450e+02;1.953054816e-01
8.590363159e+02;1.929369271e-01
8.592740479e+02;1.895038635e-01
8.595117188e+02;1.933627427e-01
8.597494507e+02;1.896901578e-01
8.599871826e+02;1.930699944e-01
8.602249146e+02;1.879603267e-01
8.604626465e+02;1.925111264e-01
8.607003784e+02;1.916861236e-01
8.609381714e+02;1.892909706e-01
8.611759033e+02;1.872417778e-01
8.614136963e+02;1.885191947e-01
8.616514893e+02;1.921119392e-01
8.618892822e+02;1.865764558e-01
8.621270752e+02;1.874280572e-01
8.623649292e+02;1.867627352e-01
8.626027222e+02;1.845538616e-01
8.628405762e+02;1.851127446e-01
8.630784302e+02;1.855385453e-01
8.633162842e+02;1.826111227e-01
8.635541382e+02;1.823183894e-01
8.637919922e+02;1.851127446e-01
8.640299072e+02;1.833030581e-01
8.642678223e+02;1.854587048e-01
8.645057373e+02;1.843675822e-01
8.647436523e+02;1.853256375e-01
8.649815674e+02;1.814667732e-01
8.652194824e+02;1.802425832e-01
8.654574585e+02;1.809877455e-01
8.656953735e+02;1.802159697e-01
8.659333496e+02;1.802957952e-01
8.661713257e+02;1.790449917e-01
8.664093018e+02;1.781933755e-01
8.666472778e+02;1.743078977e-01
8.668853149e+02;1.744941920e-01
8.671233521e+02;1.768095046e-01
8.673613281e+02;1.747603118e-01
8.675993652e+02;1.790449917e-01
8.678374023e+02;1.764635444e-01
8.680755005e+02;1.749466062e-01
8.683135376e+02;1.751062870e-01
8.685516357e+02;1.763837039e-01
8.687896729e+02;1.746804714e-01
8.690277710e+02;1.764369309e-01
8.692658691e+02;1.741748303e-01
8.695040283e+02;1.727377325e-01
8.697421265e+02;1.727643460e-01
8.699802856e+02;1.699167639e-01
8.702183838e+02;1.703425795e-01
8.704565430e+02;1.687191874e-01
8.706947021e+02;1.708482206e-01
8.709328613e+02;1.685595065e-01
8.711710815e+02;1.667232215e-01
8.714092407e+02;1.697836965e-01
8.716474609e+02;1.649135351e-01
8.718856812e+02;1.663506329e-01
8.721239014e+02;1.641151607e-01
8.723621216e+02;1.669095159e-01
8.726003418e+02;1.649933755e-01
8.728386230e+02;1.628909558e-01
8.730768433e+02;1.643280536e-01
8.733151245e+02;1.611078978e-01
8.735534058e+02;1.630506366e-01
8.737916870e+02;1.635296643e-01
8.740299683e+02;1.608417630e-01
8.742683105e+02;1.618264467e-01
8.745066528e+02;1.610812843e-01
8.747449341e+02;1.585530490e-01
8.749832764e+02;1.582337022e-01
8.752216187e+02;1.589522511e-01
8.754600220e+02;1.569030583e-01
8.756983643e+02;1.611611247e-01
8.759367065e+02;1.555191875e-01
8.761751099e+02;1.550933719e-01
8.764135132e+02;1.579409540e-01
8.766519165e+02;1.593780518e-01
8.768903198e+02;1.580207944e-01
8.771287842e+02;1.538425684e-01
8.773671875e+02;1.548538655e-01
8.776056519e+02;1.571425647e-01
8.778441162e+02;1.550135463e-01
8.780825806e+02;1.534966081e-01
8.783210449e+02;1.525119245e-01
8.785595093e+02;1.496909559e-01
8.787980347e+02;1.516869217e-01
8.790364990e+02;1.480143517e-01
8.792750244e+02;1.478546709e-01
8.795135498e+02;1.509949863e-01
8.797520752e+02;1.452465951e-01
8.799906616e+02;1.472958028e-01
8.802291870e+02;1.460715979e-01
8.804677734e+02;1.480675638e-01
8.807062988e+02;1.465506405e-01
8.809448853e+02;1.474554688e-01
8.811834717e+02;1.433570832e-01
8.814221191e+02;1.448474079e-01
8.816607056e+02;1.447143406e-01
8.818993530e+02;1.424256265e-01
8.821379395e+02;1.475086957e-01
8.823765869e+02;1.453264356e-01
8.826152344e+02;1.444216073e-01
8.828539429e+02;1.467635334e-01
8.830925903e+02;1.408288628e-01
8.833312988e+02;1.483070850e-01
8.835699463e+02;1.408820897e-01
8.838086548e+02;1.400038600e-01
8.840473633e+02;1.427982152e-01
8.842860718e+02;1.399240196e-01
8.845248413e+02;1.381941885e-01
8.847635498e+02;1.398707926e-01
8.850023193e+02;1.394183785e-01
8.852410889e+02;1.377151459e-01
8.854798584e+02;1.340159476e-01
8.857186279e+02;1.429312825e-01
8.859573975e+02;1.365974098e-01
8.861961670e+02;1.419732124e-01
8.864349976e+02;1.334038526e-01
8.866738281e+02;1.339361221e-01
8.869126587e+02;1.334836930e-01
8.871514893e+02;1.358256340e-01
8.873903198e+02;1.382740140e-01
8.876292114e+02;1.339095086e-01
8.878680420e+02;1.331643462e-01
8.881069336e+02;1.357191801e-01
8.883458252e+02;1.332441866e-01
8.885847168e+02;1.325788647e-01
8.888236084e+02;1.339095086e-01
8.890625000e+02;1.283207983e-01
8.893014526e+02;1.324724108e-01
8.895404053e+02;1.308224052e-01
8.897793579e+02;1.299441755e-01
8.900183105e+02;1.302635372e-01
8.902572632e+02;1.272296607e-01
8.904962158e+02;1.332441866e-01
8.907352295e+02;1.268304735e-01
8.909741821e+02;1.290659606e-01
8.912131958e+02;1.279748231e-01
8.914522095e+02;1.320732087e-01
8.916912231e+02;1.293586940e-01
8.919302368e+02;1.272030473e-01
8.921693115e+02;1.289328933e-01
8.924083862e+02;1.238498241e-01
8.926473999e+02;1.239562780e-01
8.928864746e+02;1.247546598e-01
8.931255493e+02;1.262449920e-01
8.933646851e+02;1.257393360e-01
8.936037598e+02;1.226256266e-01
8.938428955e+02;1.248611137e-01
8.940819702e+02;1.240094975e-01
8.943211060e+02;1.231845021e-01
8.945602417e+02;1.208691746e-01
8.947994385e+02;1.221465990e-01
8.950385742e+02;1.215877235e-01
8.952777100e+02;1.262183785e-01
8.955169067e+02;1.209756285e-01
8.957561035e+02;1.249675676e-01
8.959953003e+02;1.204699874e-01
8.962344971e+02;1.221732125e-01
8.964737549e+02;1.209490150e-01
8.967129517e+02;1.236635298e-01
8.969522095e+02;1.224659532e-01
8.971914673e+02;1.223861128e-01
8.974307251e+02;1.179151461e-01
8.976699829e+02;1.170103028e-01
8.979092407e+02;1.172764376e-01
8.981484985e+02;1.167707890e-01
8.983878174e+02;1.140296608e-01
8.986271362e+02;1.200974062e-01
8.988664551e+02;1.144288555e-01
8.991057739e+02;1.155465990e-01
8.993450928e+02;1.173296571e-01
8.995844727e+02;1.141095012e-01
8.998237915e+02;1.171433702e-01
9.000631714e+02;1.187667549e-01
9.003025513e+02;1.134175658e-01
9.005419312e+02;1.123530492e-01
9.007813110e+02;1.123264357e-01
9.010206909e+02;1.132312715e-01
9.012601318e+02;1.139232069e-01
9.014995728e+02;1.128586903e-01
9.017390137e+02;1.108893380e-01
9.019784546e+02;1.128853038e-01
9.022178955e+02;1.099578887e-01
9.024573364e+02;1.112353057e-01
9.026968384e+02;1.056998223e-01
9.029362793e+02;1.157861128e-01
9.031757812e+02;1.122998223e-01
9.034152832e+02;1.091861129e-01
9.036547852e+02;1.112619191e-01
9.038943481e+02;1.113417596e-01
9.041338501e+02;1.074296609e-01
9.043734131e+02;1.113417596e-01
9.046129150e+02;1.135506257e-01
9.048524780e+02;1.082014367e-01
9.050920410e+02;1.068973988e-01
9.053316650e+02;1.082546562e-01
9.055712280e+02;1.074828878e-01
9.058108521e+02;1.086538509e-01
9.060504150e+02;1.078288555e-01
9.062900391e+02;1.088401452e-01
9.065296631e+02;1.036240160e-01
9.067693481e+02;1.045820788e-01
9.070089722e+02;1.037038490e-01
9.072486572e+02;1.019207835e-01
9.074882812e+02;1.010159478e-01
9.077279663e+02;1.058594957e-01
9.079676514e+02;1.027723998e-01
9.082073364e+02;1.033312678e-01
9.084470825e+02;1.039167568e-01
9.086867676e+02;1.021603048e-01
9.089265137e+02;1.002441719e-01
9.091662598e+02;1.010425612e-01
9.094060059e+02;1.022933647e-01
9.096457520e+02;1.032780483e-01
9.098854980e+02;1.017078832e-01
9.101252441e+02;1.032248214e-01
9.103650513e+02;9.997804463e-02
9.106048584e+02;1.023199782e-01
9.108446655e+02;1.008828804e-01
9.110844727e+02;9.949900955e-02
9.113242798e+02;9.731675684e-02
9.115641479e+02;1.003772393e-01
9.118039551e+02;9.744981676e-02
9.120438232e+02;9.686433524e-02
9.122836914e+02;9.412320703e-02
9.125235596e+02;9.766272455e-02
9.127634277e+02;9.545385092e-02
9.130032959e+02;9.718368948e-02
9.132432251e+02;9.497481585e-02
9.134831543e+02;9.795546532e-02
9.137230225e+02;9.532078356e-02
9.139629517e+02;9.603933245e-02
9.142029419e+02;9.534739703e-02
9.144428711e+02;9.726352990e-02
9.146828003e+02;9.220707417e-02
9.149227905e+02;9.558691084e-02
9.151627808e+02;9.433610737e-02
9.154027710e+02;9.303207695e-02
9.156427612e+02;9.406998008e-02
9.158827515e+02;9.188771993e-02
9.161228027e+02;9.292562306e-02
9.163627930e+02;8.717723191e-02
9.166028442e+02;9.013126791e-02
9.168428955e+02;9.260626882e-02
9.170829468e+02;9.063691646e-02
9.173229980e+02;8.938610554e-02
9.175631104e+02;8.842804283e-02
9.178031616e+02;8.938610554e-02
9.180432739e+02;9.207400680e-02
9.182833862e+02;8.723045886e-02
9.185234985e+02;9.018449485e-02
9.187636108e+02;8.997158706e-02
9.190037231e+02;8.560707420e-02
9.192438965e+02;9.076997638e-02
9.194840698e+02;8.877401054e-02
9.197241821e+02;8.821513504e-02
9.199643555e+02;8.858771622e-02
9.202045898e+02;8.725707233e-02
9.204447632e+02;8.746998012e-02
9.206849365e+02;8.581997454e-02
9.209251709e+02;8.510142565e-02
9.211654053e+02;8.339820057e-02
9.214056396e+02;8.653852344e-02
9.216458740e+02;8.369094133e-02
9.218861084e+02;8.589981496e-02
9.221264038e+02;8.291917294e-02
9.223666382e+02;8.574014157e-02
9.226069336e+02;8.587320149e-02
9.228472290e+02;8.534094691e-02
9.230875244e+02;8.451594412e-02
9.233278198e+02;8.270626515e-02
9.235681763e+02;8.443610370e-02
9.238084717e+02;8.209417015e-02
9.240488281e+02;8.028449118e-02
9.242891846e+02;8.057723194e-02
9.245295410e+02;8.241352439e-02
9.247698975e+02;8.161513507e-02
9.250102539e+02;8.020465076e-02
9.252506714e+02;8.222723752e-02
9.254910278e+02;8.185465634e-02
9.257314453e+02;7.709094137e-02
9.259718628e+02;7.780949026e-02
9.262122803e+02;8.249336481e-02
9.264527588e+02;8.028449118e-02
9.266931763e+02;7.855465263e-02
9.269336548e+02;8.259981871e-02
9.271741333e+02;7.762320340e-02
9.274146118e+02;7.778287679e-02
9.276550903e+02;7.929981500e-02
9.278955688e+02;7.650545985e-02
9.281360474e+02;7.969900966e-02
9.283765869e+02;8.142884821e-02
9.286171265e+02;7.916674763e-02
9.288576660e+02;8.113610744e-02
9.290982056e+02;7.914013416e-02
9.293387451e+02;8.031110466e-02
9.295792847e+02;7.448288053e-02
9.298198853e+02;7.442965358e-02
9.300604248e+02;7.214093953e-02
9.303010254e+02;7.216755301e-02
9.305416260e+02;7.120949030e-02
9.307822266e+02;7.200787961e-02
9.310228882e+02;7.315222919e-02
9.312634888e+02;7.381755859e-02
9.315041504e+02;7.522804290e-02
9.317448120e+02;7.552078366e-02
9.319854736e+02;7.254013419e-02
9.322261353e+02;7.142239064e-02
9.324667969e+02;7.349819690e-02
9.327075195e+02;7.256674767e-02
9.329481812e+02;6.993207335e-02
9.331889038e+02;7.325868309e-02
9.334296265e+02;7.227400690e-02
9.336703491e+02;6.939981133e-02
9.339110718e+02;7.126271725e-02
9.341518555e+02;7.144900411e-02
9.343925781e+02;6.908045709e-02
9.346333618e+02;6.753690541e-02
9.348741455e+02;6.796271354e-02
9.351149292e+02;6.623287499e-02
9.353557129e+02;6.663206965e-02
9.355964966e+02;6.695142388e-02
9.358373413e+02;6.777642667e-02
9.360781250e+02;6.934658438e-02
9.363189697e+02;6.740384549e-02
9.365598145e+02;6.729739159e-02
9.368006592e+02;6.665868312e-02
9.370415649e+02;6.578045338e-02
9.372824097e+02;6.766997278e-02
9.375233154e+02;6.578045338e-02
9.377642212e+02;6.751029938e-02
9.380051270e+02;6.607320160e-02
9.382460327e+02;6.766997278e-02
9.384869385e+02;6.546109915e-02
9.387278442e+02;6.676513702e-02
9.389688110e+02;6.402400136e-02
9.392097778e+02;6.450303644e-02
9.394507446e+02;6.192158535e-02
9.396917114e+02;6.503529847e-02
9.399326782e+02;6.258691102e-02
9.401736450e+02;6.232078001e-02
9.404146729e+02;6.035142392e-02
9.406556396e+02;6.351836026e-02
9.408966675e+02;6.138932705e-02
9.411376953e+02;6.011190638e-02
9.413787842e+02;6.319900602e-02
9.416198120e+02;5.902077630e-02
9.418608398e+02;6.665868312e-02
9.421019287e+02;6.335867941e-02
9.423430176e+02;6.242723018e-02
9.425841064e+02;6.210787594e-02
9.428251953e+02;6.019174680e-02
9.430662842e+02;5.782319605e-02
9.433074341e+02;5.604013056e-02
9.435485229e+02;5.665222928e-02
9.437896729e+02;5.835545436e-02
9.440308228e+02;5.468287319e-02
9.442719727e+02;5.811594054e-02
9.445131226e+02;5.814255029e-02
9.447543335e+02;5.721110106e-02
9.449954834e+02;5.755706877e-02
9.452366943e+02;5.710464716e-02
9.454779053e+02;5.601352081e-02
9.457191162e+02;5.662561581e-02
9.459603271e+02;5.617319793e-02
9.462015381e+02;5.633287504e-02
9.464428101e+02;5.489577726e-02
9.466840820e+02;5.484255031e-02
9.469252930e+02;5.726432428e-02
9.471665649e+02;5.284658447e-02
9.474078979e+02;5.454980955e-02
9.476491699e+02;5.345867947e-02
9.478904419e+02;5.180868134e-02
9.481317749e+02;5.436351895e-02
9.483731079e+02;5.348529294e-02
9.486144409e+02;5.252722651e-02
9.488557739e+02;5.146271363e-02
9.490971069e+02;5.026512966e-02
9.493384399e+02;5.239416286e-02
9.495798340e+02;5.204819515e-02
9.498212280e+02;5.178206787e-02
9.500626221e+02;5.140948668e-02
9.503040161e+02;5.154255033e-02
9.505454102e+02;5.148932338e-02
9.507868042e+02;5.353851989e-02
9.510282593e+02;5.143610016e-02
9.512697144e+02;5.170222744e-02
9.515111084e+02;5.175545439e-02
9.517525635e+02;5.167561397e-02
9.519940796e+02;4.983932525e-02
9.522355347e+02;4.741755128e-02
9.524769897e+02;4.592722654e-02
9.527185059e+02;4.789658263e-02
9.529600220e+02;4.576754943e-02
9.532015381e+02;4.472964630e-02
9.534430542e+02;4.824255034e-02
9.536845703e+02;4.757722840e-02
9.539261475e+02;4.560787231e-02
9.541676636e+02;4.515545443e-02
9.544092407e+02;4.669900239e-02
9.546508179e+02;4.587399960e-02
9.548923950e+02;4.520867765e-02
9.551339722e+02;4.667238891e-02
9.553756104e+02;4.725787416e-02
9.556171875e+02;4.629980773e-02
9.558588257e+02;4.462319613e-02
9.561004639e+02;4.659254849e-02
9.563421021e+02;4.467641935e-02
9.565837402e+02;4.323932156e-02
9.568253784e+02;4.363851622e-02
9.570670776e+02;4.270706326e-02
9.573087158e+02;4.033851624e-02
9.575504150e+02;4.257399961e-02
9.577921143e+02;4.150948301e-02
9.580338135e+02;4.294658080e-02
9.582755737e+02;4.185545072e-02
9.585172729e+02;4.222803190e-02
9.587590332e+02;4.289335385e-02
9.590007324e+02;4.036512971e-02
9.592424927e+02;3.951351717e-02
9.594843140e+02;4.142964631e-02
9.597260742e+02;4.068448395e-02
9.599678345e+02;4.116351530e-02
9.602096558e+02;4.193529114e-02
9.604514160e+02;4.177561402e-02
9.606932373e+02;3.919416294e-02
9.609350586e+02;4.236109555e-02
9.611769409e+02;3.967319429e-02
9.614187622e+02;4.055142030e-02
9.616605835e+02;4.009899870e-02
9.619024658e+02;3.860867769e-02
9.621443481e+02;4.039174318e-02
9.623862305e+02;3.767722473e-02
9.626281128e+02;4.052480683e-02
9.628699951e+02;3.727803007e-02
9.631119385e+02;3.796996549e-02
9.633538818e+02;3.807641938e-02
9.635957642e+02;3.762399778e-02
9.638377075e+02;3.751754761e-02
9.640796509e+02;3.807641938e-02
9.643216553e+02;3.634658083e-02
9.645635986e+02;3.887480497e-02
9.648056030e+02;3.828932345e-02
9.650475464e+02;3.746432066e-02
9.652895508e+02;3.735787049e-02
9.655315552e+02;3.432399780e-02
9.657735596e+02;3.323287144e-02
9.660156250e+02;3.666593507e-02
9.662576294e+02;3.504254669e-02
9.664996948e+02;3.294012696e-02
9.667417603e+02;3.301996738e-02
9.669838257e+02;3.554819152e-02
9.672258911e+02;3.461674228e-02
9.674679565e+02;3.395141661e-02
9.677100830e+02;3.373851627e-02
9.679522095e+02;3.211512789e-02
9.681942749e+02;3.512238711e-02
9.684364014e+02;3.573448211e-02
9.686785278e+02;3.584093601e-02
9.689207153e+02;3.408448398e-02
9.691628418e+02;3.349899873e-02
9.694050293e+02;3.363206238e-02
9.696471558e+02;3.328609467e-02
9.698893433e+02;3.413770720e-02
9.701315308e+02;3.536190093e-02
9.703737793e+02;3.235464543e-02
9.706159668e+02;3.333932161e-02
9.708582153e+02;3.176916018e-02
9.711004028e+02;3.011916019e-02
9.713426514e+02;3.115706332e-02
9.715848999e+02;3.115706332e-02
9.718271484e+02;3.198206425e-02
9.720694580e+02;2.868206240e-02
9.723117065e+02;3.057157807e-02
9.725540161e+02;3.174254671e-02
9.727963257e+02;3.059819154e-02
9.730386353e+02;3.049173951e-02
9.732809448e+02;3.187561035e-02
9.735232544e+02;3.001270816e-02
9.737655640e+02;2.873528749e-02
9.740079346e+02;3.091754578e-02
9.742503052e+02;3.102399781e-02
9.744926758e+02;2.838931978e-02
9.747350464e+02;2.852238528e-02
9.749774170e+02;2.905464359e-02
9.752197876e+02;3.038528748e-02
9.754622192e+02;2.737803012e-02
9.757046509e+02;2.814980410e-02
9.759470825e+02;2.838931978e-02
9.761895142e+02;2.868206240e-02
9.764319458e+02;2.956028841e-02
9.766743774e+02;2.705867402e-02
9.769168701e+02;3.097077273e-02
9.771593018e+02;2.759093232e-02
9.774017944e+02;2.687238529e-02
9.776442871e+02;3.067803010e-02
9.778867798e+02;2.881512605e-02
9.781292725e+02;2.889496461e-02
9.783718262e+02;3.027883731e-02
9.786143799e+02;3.054496646e-02
9.788568726e+02;2.649980411e-02
9.790994263e+02;2.956028841e-02
9.793419800e+02;2.995948121e-02
9.795845947e+02;2.828286774e-02
9.798271484e+02;2.673931979e-02
9.800697021e+02;2.679254487e-02
9.803123169e+02;2.423770726e-02
9.805549316e+02;2.767077088e-02
9.807975464e+02;2.429093234e-02
9.810401611e+02;2.469012514e-02
9.812828369e+02;2.591431886e-02
9.815254517e+02;2.732480317e-02
9.817681274e+02;2.636673860e-02
9.820108032e+02;2.540867403e-02
9.822534790e+02;2.551512606e-02
9.824961548e+02;2.700544894e-02
9.827388306e+02;2.716512606e-02
9.829815674e+02;2.796351351e-02
9.832242432e+02;2.610060945e-02
9.834669800e+02;2.660625614e-02
9.837097168e+02;2.665948123e-02
9.839524536e+02;2.775061131e-02
9.841951904e+02;2.575464174e-02
9.844379883e+02;2.266754396e-02
9.846807251e+02;2.373206057e-02
9.849235229e+02;2.423770726e-02
9.851663208e+02;2.516915835e-02
9.854091187e+02;2.373206057e-02
9.856519165e+02;2.639335208e-02
9.858947144e+02;2.461028658e-02
9.861375732e+02;2.256109379e-02
9.863804321e+02;2.407802828e-02
9.866232300e+02;2.487641573e-02
9.868660889e+02;2.261431888e-02
9.871089478e+02;2.194899693e-02
9.873518677e+02;2.402480319e-02
9.875947266e+02;2.256109379e-02
9.878376465e+02;2.458367497e-02
9.880805664e+02;2.242802829e-02
9.883234863e+02;2.248125523e-02
9.885664062e+02;2.261431888e-02
9.888093262e+02;2.202883549e-02
9.890522461e+02;2.218851261e-02
9.892952271e+02;2.264093235e-02
9.895382080e+02;2.245464176e-02
9.897811279e+02;2.091109380e-02
9.900241699e+02;2.128367312e-02
9.902671509e+02;2.362561040e-02
9.905101318e+02;2.370544896e-02
9.907531738e+02;2.157641575e-02
9.909961548e+02;2.242802829e-02
9.912391968e+02;2.136351168e-02
9.914822388e+02;2.234818973e-02
9.917252808e+02;2.264093235e-02
9.919683838e+02;2.274738438e-02
9.922114258e+02;2.405141667e-02
9.924545288e+02;2.293367311e-02
9.926975708e+02;2.245464176e-02
9.929406738e+02;2.208206058e-02
9.931837769e+02;2.019254491e-02
9.934269409e+02;1.971351169e-02
9.936700439e+02;2.067157626e-02
9.939132080e+02;1.902157627e-02
9.941563110e+02;1.981996372e-02
9.943994751e+02;1.920786686e-02
9.946426392e+02;1.923448034e-02
9.948858643e+02;2.123044804e-02
9.951290283e+02;2.176270634e-02
9.953721924e+02;1.904818974e-02
9.956154175e+02;1.888851263e-02
9.958586426e+02;2.016593143e-02
9.961018677e+02;1.912802830e-02
9.963450928e+02;2.192238346e-02
9.965883179e+02;2.104415745e-02
9.968316040e+02;2.032560855e-02
9.970748291e+02;1.843609288e-02
9.973181152e+02;1.902157627e-02
9.975614014e+02;1.798367314e-02
9.978046875e+02;1.934093051e-02
9.980480347e+02;1.801028661e-02
9.982913208e+02;1.777076907e-02
9.985346680e+02;1.657318883e-02
9.987779541e+02;1.806351170e-02
9.990213013e+02;1.628044620e-02
9.992646484e+02;1.997964084e-02
9.995079956e+02;1.870222203e-02
9.997514038e+02;1.824980229e-02
9.999947510e+02;1.958044805e-02
1.000238159e+03;1.883528568e-02
1.000481567e+03;1.723851077e-02
1.000724976e+03;1.816996373e-02
1.000968384e+03;2.099093236e-02
1.001211792e+03;2.125706151e-02
1.001455261e+03;1.566834934e-02
1.001698669e+03;1.758447848e-02
1.001942139e+03;1.785060763e-02
1.002185608e+03;1.721189916e-02
1.002429077e+03;1.856915653e-02
1.002672546e+03;1.718528569e-02
1.002916077e+03;1.721189916e-02
1.003159546e+03;1.766431890e-02
1.003403076e+03;1.564173773e-02
1.003646606e+03;1.673286594e-02
1.003890137e+03;1.545544621e-02
1.004133667e+03;1.444415655e-02
1.004377258e+03;1.646673679e-02
1.004620789e+03;1.694577001e-02
1.004864380e+03;1.729173772e-02
1.005107971e+03;1.827641577e-02
1.005351562e+03;1.763770543e-02
1.005595154e+03;1.793044806e-02
1.005838745e+03;1.697238162e-02
1.006082336e+03;1.707883365e-02
1.006325989e+03;1.502963994e-02
1.006569641e+03;1.548205968e-02
1.006813293e+03;1.654657535e-02
1.007056946e+03;1.516270451e-02
1.007300598e+03;1.260786504e-02
1.007544312e+03;1.604093052e-02
1.007787964e+03;1.441754308e-02
1.008031677e+03;1.492318884e-02
1.008275391e+03;1.596109197e-02
1.008519104e+03;1.729173772e-02
1.008762817e+03;1.471028477e-02
1.009006531e+03;1.444415655e-02
1.009250305e+03;1.633367315e-02
1.009494019e+03;1.657318883e-02
1.009737793e+03;1.433770452e-02
1.009981567e+03;1.883528568e-02
1.010225342e+03;1.604093052e-02
1.010469177e+03;1.582802646e-02
1.010712952e+03;1.223528478e-02
1.010956787e+03;1.659980230e-02
1.011200623e+03;1.167641394e-02
1.011444397e+03;1.383205969e-02
1.011688293e+03;1.231512334e-02
1.011932129e+03;1.409818791e-02
1.012175964e+03;1.247480046e-02
1.012419861e+03;1.473689824e-02
1.012663696e+03;1.415141392e-02
1.012907593e+03;1.545544621e-02
1.013151489e+03;1.345947850e-02
1.013395447e+03;1.311351079e-02
1.013639343e+03;1.340625249e-02
1.013883240e+03;1.540222112e-02
1.014127197e+03;1.391189825e-02
1.014371155e+03;1.497641392e-02
1.014615112e+03;1.556189824e-02
1.014859070e+03;1.609415561e-02
1.015103027e+03;1.471028477e-02
1.015347046e+03;1.383205969e-02
1.015591003e+03;1.295383368e-02
1.015835022e+03;1.188931707e-02
1.016079041e+03;1.050544530e-02
1.016323059e+03;1.287399419e-02
1.016567078e+03;1.114415564e-02
1.016811157e+03;1.135705877e-02
1.017055176e+03;1.255463995e-02
1.017299255e+03;1.231512334e-02
1.017543335e+03;1.239496190e-02
1.017787415e+03;1.058528479e-02
1.018031494e+03;1.141028479e-02
1.018275574e+03;1.260786504e-02
1.018519714e+03;1.295383368e-02
1.018763855e+03;1.015947759e-02
1.019007935e+03;3.745766822e-03
1.019252075e+03;2.148992382e-03
1.019496216e+03;3.160282969e-03
1.019740417e+03;1.989315031e-03
1.019984558e+03;1.696572872e-03
1.020228760e+03;-1.131048630e-04
[EndOfFile]
