#Thorlabs FTS
[SpectrumHeader]
#Date;20251128
#Time;17123670
#GMTTime;20123670
#Instrument;0
#InstrModel;CCS200
#Series;0
#InterferometerSerial;M00311012
#Type;emission
#ChannelIndex;0
#XAxisUnit;nm_air
#YAxisUnit;intensity
#Average;1
#RollingAverage;0
#SpectrumSmooth;0
#SSmoothParam1;0
#SSmoothParam2;0
#SSmoothParam3;0
#SSmoothParam4;0
#IntegrationTime;3.000000
#TriggerMode;0
#AirMeasureOpt;0
#AirTemp;0.00
#AirPressure;0.00
#AirRelHum;0.00
#WnrMin;9799.037109
#WnrMax;50982.906250
#Length;3648
#Resolution;0.0000000000e+00
#ADC;0
#InstrStatus;0
#RefLaserLocked;0
#ChannelIndex;0
#AttenuationFilter;0
#Stitched;0
#ExcitationWavelength_nm;0
#SoftwareVersion;3.310000
#FirmwareVersion;
#Motor_FirmwareVersion;
#ReconstructionAlgorithms_SoftwareVersion;
#Sensor_FirmwareVersion;
#InstrSeriesIdentifier;MUN_CCS_SERIES
#RefGainIndex;0
#RefSignalInPerecent;0.0
#BBRefGainIndex;0
#BBRefSignalInPerecent;0.0
#AutogainStatus;0
#Name;
#Comment;""
#ExtComment;""
#Source;
[Data]
1.960870056e+02;-3.373238724e-04
1.962940979e+02;-2.562321257e-03
1.965012054e+02;-1.141539775e-03
1.967083282e+02;3.596632159e-04
1.969154510e+02;1.458758255e-03
1.971225891e+02;9.159125329e-05
1.973297424e+02;1.887673396e-03
1.975368958e+02;9.226143011e-04
1.977440643e+02;1.887673396e-03
1.979512482e+02;-2.569023054e-04
1.981584320e+02;3.120804438e-03
1.983656311e+02;8.153855451e-04
1.985728455e+02;7.885783562e-04
1.987800751e+02;2.423817292e-03
1.989873047e+02;-3.373238724e-04
1.991945496e+02;-1.382804476e-03
1.994018097e+02;-9.538893937e-04
1.996090698e+02;-1.114732586e-03
1.998163452e+02;-6.925192429e-05
2.000236359e+02;-5.249742535e-04
2.002309418e+02;-1.838526805e-03
2.004382477e+02;-2.884007525e-03
2.006455688e+02;3.328560269e-04
2.008528900e+02;-1.704490860e-03
2.010602417e+02;-8.734678268e-04
2.012675934e+02;-1.382804476e-03
2.014749451e+02;4.936992191e-04
2.016823273e+02;-6.322030094e-04
2.018897095e+02;8.421927341e-04
2.020971069e+02;-1.764807093e-04
2.023045044e+02;6.009279750e-04
2.025119171e+02;5.205064081e-04
2.027193451e+02;2.879539737e-03
2.029267883e+02;4.219899420e-03
2.031342316e+02;1.003035926e-03
2.033416901e+02;1.083457493e-03
2.035491638e+02;5.473135971e-04
2.037566376e+02;-1.275575720e-03
2.039641418e+02;-6.858174456e-04
2.041716309e+02;-1.409611665e-03
2.043791504e+02;-7.662390126e-04
2.045866699e+02;-2.723164391e-03
2.047942047e+02;-1.087925397e-03
2.050017548e+02;-9.806966409e-04
2.052093048e+02;-3.909382795e-04
2.054168701e+02;-1.838526805e-03
2.056244507e+02;-7.662390126e-04
2.058320312e+02;-1.168346964e-03
2.060396423e+02;1.485565444e-03
2.062472534e+02;1.116966541e-05
2.064548645e+02;6.813495420e-04
2.066624908e+02;8.421927341e-04
2.068701324e+02;2.209359780e-03
2.070777893e+02;4.668920010e-04
2.072854462e+02;2.128938213e-03
2.074931335e+02;3.596632159e-04
2.077008057e+02;2.316588536e-03
2.079085083e+02;-2.032878983e-04
2.081162109e+02;1.271107933e-03
2.083239288e+02;-1.650876482e-03
2.085316467e+02;-7.126246346e-04
2.087393951e+02;-1.329190098e-03
2.089471436e+02;-2.032878983e-04
2.091548920e+02;-8.734678268e-04
2.093626709e+02;3.060488089e-04
2.095704498e+02;-1.918948488e-03
2.097782440e+02;-9.002750157e-04
2.099860382e+02;-1.007503830e-03
2.101938629e+02;6.813495420e-04
2.104016724e+02;3.864704049e-04
2.106095123e+02;-2.032878983e-04
2.108173523e+02;8.689999231e-04
2.110252075e+02;9.226143011e-04
2.112330780e+02;-3.373238724e-04
2.114409637e+02;1.378336689e-03
2.116488495e+02;1.217493438e-03
2.118567505e+02;1.431951066e-03
2.120646515e+02;2.584660426e-03
2.122725677e+02;2.879539737e-03
2.124804993e+02;1.405143877e-03
2.126884460e+02;1.297915122e-03
2.128963928e+02;-8.466605796e-04
2.131043549e+02;3.060488089e-04
2.133123322e+02;-1.892141299e-03
2.135203094e+02;-1.409611665e-03
2.137283173e+02;-1.087925397e-03
2.139363098e+02;-1.838526805e-03
2.141443329e+02;-1.034311019e-03
2.143523560e+02;4.132775939e-04
2.145603943e+02;-9.605912055e-05
2.147684479e+02;8.958071121e-04
2.149765015e+02;1.452056458e-04
2.151845703e+02;-6.322030094e-04
2.153926544e+02;-2.032878983e-04
2.156007538e+02;1.083457493e-03
2.158088531e+02;2.638274804e-03
2.160169678e+02;1.539179822e-03
2.162250824e+02;1.244300627e-03
2.164332123e+02;3.040382871e-03
2.166413574e+02;1.324722311e-03
2.168495178e+02;1.988200383e-04
2.170576782e+02;-5.517814425e-04
2.172658691e+02;-1.918948488e-03
2.174740448e+02;-2.079791622e-03
2.176822510e+02;-6.858174456e-04
2.178904572e+02;-4.760511220e-03
2.180986786e+02;1.190686249e-03
2.183069000e+02;-2.884007525e-03
2.185151520e+02;-1.168346964e-03
2.187234039e+02;-6.925192429e-05
2.189316559e+02;8.958071121e-04
2.191399384e+02;-1.624069293e-03
2.193482208e+02;-4.445526574e-04
2.195565186e+02;-4.981670645e-04
2.197648163e+02;3.844598774e-03
2.199731293e+02;6.009279750e-04
2.201814575e+02;5.205064081e-04
2.203898010e+02;3.596632159e-04
2.205981445e+02;1.592794200e-03
2.208065033e+02;1.565987011e-03
2.210148773e+02;3.362069139e-03
2.212232513e+02;-1.570454915e-03
2.214316406e+02;1.217493438e-03
2.216400452e+02;-1.496735058e-04
2.218484650e+02;6.813495420e-04
2.220568848e+02;-9.270822047e-04
2.222653198e+02;3.328560269e-04
2.224737549e+02;-1.650876482e-03
2.226822205e+02;1.083457493e-03
2.228906860e+02;-1.892141299e-03
2.230991516e+02;7.081567310e-04
2.233076477e+02;-9.002750157e-04
2.235161438e+02;6.478405703e-05
2.237246552e+02;7.617711672e-04
2.239331665e+02;3.797686077e-05
2.241416931e+02;2.792416199e-04
2.243502350e+02;2.959961304e-03
2.245587921e+02;7.081567310e-04
2.247673492e+02;2.450624481e-03
2.249759216e+02;1.720128348e-04
2.251845093e+02;1.163879060e-03
2.253930969e+02;1.163879060e-03
2.256017151e+02;1.887673396e-03
2.258103180e+02;-6.925192429e-05
2.260189514e+02;6.478405703e-05
2.262275848e+02;-1.704490860e-03
2.264362335e+02;7.885783562e-04
2.266448975e+02;-1.865333994e-03
2.268535614e+02;-4.713598755e-04
2.270622406e+02;-5.249742535e-04
2.272709351e+02;1.565987011e-03
2.274796295e+02;-2.669550013e-03
2.276883392e+02;1.116966541e-05
2.278970642e+02;-2.569023054e-04
2.281058044e+02;-4.445526574e-04
2.283145447e+02;6.545423530e-04
2.285233002e+02;9.159125329e-05
2.287320557e+02;-1.114732586e-03
2.289408417e+02;-5.249742535e-04
2.291496277e+02;4.400848120e-04
2.293584137e+02;1.780444640e-03
2.295672302e+02;9.494215483e-04
2.297760468e+02;-4.713598755e-04
2.299848785e+02;-6.858174456e-04
2.301937103e+02;2.792416199e-04
2.304025726e+02;-4.244472802e-05
2.306114197e+02;1.452056458e-04
2.308202972e+02;-2.455092268e-03
2.310291748e+02;6.478405703e-05
2.312380676e+02;-3.661416238e-03
2.314469757e+02;-1.034311019e-03
2.316558990e+02;-1.087925397e-03
2.318648224e+02;-9.270822047e-04
2.320737610e+02;3.328560269e-04
2.322826996e+02;-3.641310905e-04
2.324916534e+02;8.689999231e-04
2.327006226e+02;1.753637451e-03
2.329096069e+02;-9.605912055e-05
2.331185913e+02;-9.806966409e-04
2.333275909e+02;7.081567310e-04
2.335366058e+02;1.190686249e-03
2.337456207e+02;1.431951066e-03
2.339546661e+02;2.075323835e-03
2.341636963e+02;8.421927341e-04
2.343727570e+02;-1.302382909e-03
2.345818176e+02;-6.590102566e-04
2.347908936e+02;6.277351640e-04
2.349999847e+02;1.083457493e-03
2.352090759e+02;-7.930462016e-04
2.354181824e+02;6.478405703e-05
2.356273041e+02;-6.590102566e-04
2.358364258e+02;-1.355997287e-03
2.360455627e+02;-2.213827567e-03
2.362547150e+02;6.545423530e-04
2.364638824e+02;6.813495420e-04
2.366730499e+02;-2.669550013e-03
2.368822327e+02;2.792416199e-04
2.370914154e+02;1.244300627e-03
2.373006287e+02;2.852732548e-03
2.375098419e+02;2.048516646e-03
2.377190552e+02;2.262974158e-03
2.379282990e+02;-1.248768531e-03
2.381375427e+02;-5.249742535e-04
2.383468018e+02;1.324722311e-03
2.385560608e+02;1.512372633e-03
2.387653503e+02;5.205064081e-04
2.389746246e+02;-3.641310905e-04
2.391839294e+02;-1.865333994e-03
2.393932343e+02;-2.837094944e-04
2.396025543e+02;-1.275575720e-03
2.398118896e+02;7.617711672e-04
2.400212402e+02;1.183984496e-04
2.402305908e+02;-1.061118208e-03
2.404399414e+02;-1.409611665e-03
2.406493225e+02;-4.713598755e-04
2.408587036e+02;1.452056458e-04
2.410681000e+02;1.452056458e-04
2.412775116e+02;9.762287373e-04
2.414869232e+02;3.013575682e-03
2.416963501e+02;1.378336689e-03
2.419057922e+02;2.048516646e-03
2.421152344e+02;1.297915122e-03
2.423246918e+02;7.885783562e-04
2.425341644e+02;-4.244472802e-05
2.427436371e+02;-8.198533906e-04
2.429531403e+02;6.478405703e-05
2.431626434e+02;1.405143877e-03
2.433721466e+02;-1.302382909e-03
2.435816650e+02;3.328560269e-04
2.437911987e+02;-1.496735058e-04
2.440007477e+02;-1.329190098e-03
2.442103119e+02;-1.195154153e-03
2.444198761e+02;1.029843115e-03
2.446294403e+02;-5.785886315e-04
2.448390350e+02;-9.605912055e-05
2.450486298e+02;9.762287373e-04
2.452582397e+02;2.182552591e-03
2.454678650e+02;-7.662390126e-04
2.456774902e+02;-1.168346964e-03
2.458871307e+02;1.190686249e-03
2.460967865e+02;-1.228663168e-04
2.463064423e+02;-1.490033348e-03
2.465161133e+02;9.762287373e-04
2.467257996e+02;-3.373238724e-04
2.469354858e+02;3.797686077e-05
2.471451874e+02;-1.758105238e-03
2.473549042e+02;-2.026177244e-03
2.475646362e+02;-1.758105238e-03
2.477743683e+02;-1.436418970e-03
2.479841156e+02;-2.837094944e-04
2.481938782e+02;-2.187020378e-03
2.484036407e+02;-1.168346964e-03
2.486134186e+02;-1.302382909e-03
2.488232117e+02;2.397010103e-03
2.490330048e+02;6.545423530e-04
2.492428284e+02;-9.605912055e-05
2.494526367e+02;3.737369785e-03
2.496624756e+02;3.596632159e-04
2.498723145e+02;4.702428821e-03
2.500821686e+02;8.153855451e-04
2.502920380e+02;4.668920010e-04
2.505019073e+02;-2.300951019e-04
2.507117920e+02;3.596632159e-04
2.509216919e+02;-8.198533906e-04
2.511315918e+02;9.159125329e-05
2.513415222e+02;-1.275575720e-03
2.515514374e+02;-4.981670645e-04
2.517613831e+02;-1.382804476e-03
2.519713287e+02;-1.168346964e-03
2.521812897e+02;-1.758105238e-03
2.523912659e+02;1.297915122e-03
2.526012421e+02;-2.240634756e-03
2.528112335e+02;-4.713598755e-04
2.530212402e+02;-1.838526805e-03
2.532312469e+02;1.726830262e-03
2.534412689e+02;1.163879060e-03
2.536513062e+02;-1.168346964e-03
2.538613586e+02;1.056650304e-03
2.540714111e+02;1.673215767e-03
2.542814789e+02;9.494215483e-04
2.544915466e+02;2.128938213e-03
2.547016449e+02;4.936992191e-04
2.549117432e+02;1.700022956e-03
2.551218567e+02;-1.543647726e-03
2.553319702e+02;1.378336689e-03
2.555420990e+02;-8.734678268e-04
2.557522430e+02;-8.734678268e-04
2.559623871e+02;-2.052984433e-03
2.561725464e+02;-1.195154153e-03
2.563827209e+02;1.720128348e-04
2.565928955e+02;-2.569023054e-04
2.568031006e+02;-1.496735058e-04
2.570133057e+02;4.936992191e-04
2.572235107e+02;-8.466605796e-04
2.574337463e+02;3.864704049e-04
2.576439819e+02;1.163879060e-03
2.578542480e+02;6.277351640e-04
2.580644836e+02;1.458758255e-03
2.582747498e+02;1.887673396e-03
2.584850464e+02;2.182552591e-03
2.586953430e+02;3.442490706e-03
2.589056396e+02;4.936992191e-04
2.591159363e+02;1.137071871e-03
2.593262634e+02;1.297915122e-03
2.595365906e+02;-1.563753176e-05
2.597469482e+02;-1.624069293e-03
2.599573059e+02;1.271107933e-03
2.601676636e+02;-1.087925397e-03
2.603780212e+02;-2.569023054e-04
2.605884094e+02;-1.329190098e-03
2.607988281e+02;2.745503560e-03
2.610092163e+02;-8.198533906e-04
2.612196350e+02;7.617711672e-04
2.614300842e+02;-1.496735058e-04
2.616405029e+02;9.159125329e-05
2.618509521e+02;2.792416199e-04
2.620614319e+02;3.328560269e-04
2.622718811e+02;5.473135971e-04
2.624823608e+02;1.834059018e-03
2.626928711e+02;2.477431670e-03
2.629033508e+02;2.316588536e-03
2.631138916e+02;1.271107933e-03
2.633244019e+02;-9.538893937e-04
2.635349426e+02;-4.445526574e-04
2.637454834e+02;-1.228663168e-04
2.639560242e+02;-9.002750157e-04
2.641665955e+02;-9.806966409e-04
2.643771973e+02;-1.918948488e-03
2.645877686e+02;-7.126246346e-04
2.647983704e+02;-1.409611665e-03
2.650089722e+02;-2.837094944e-04
2.652196045e+02;-6.590102566e-04
2.654302368e+02;1.458758255e-03
2.656408691e+02;-9.270822047e-04
2.658515320e+02;4.132775939e-04
2.660621948e+02;3.864704049e-04
2.662728577e+02;1.405143877e-03
2.664835510e+02;1.083457493e-03
2.666942444e+02;-5.517814425e-04
2.669049377e+02;1.271107933e-03
2.671156616e+02;2.236166969e-03
2.673263855e+02;9.159125329e-05
2.675371094e+02;-1.731298049e-03
2.677478638e+02;1.700022956e-03
2.679586182e+02;-1.007503830e-03
2.681694031e+02;-2.032878983e-04
2.683801575e+02;-1.007503830e-03
2.685909729e+02;-1.918948488e-03
2.688017578e+02;4.132775939e-04
2.690125732e+02;-1.141539775e-03
2.692233887e+02;4.668920010e-04
2.694342346e+02;6.478405703e-05
2.696450806e+02;1.003035926e-03
2.698559265e+02;-1.563753176e-05
2.700667725e+02;9.159125329e-05
2.702776489e+02;1.083457493e-03
2.704885559e+02;2.048516646e-03
2.706994324e+02;2.343395725e-03
2.709103394e+02;1.351529500e-03
2.711212769e+02;1.726830262e-03
2.713321838e+02;9.226143011e-04
2.715431213e+02;1.887673396e-03
2.717540894e+02;1.512372633e-03
2.719650269e+02;-4.713598755e-04
2.721760254e+02;6.009279750e-04
2.723869934e+02;6.277351640e-04
2.725979919e+02;9.494215483e-04
2.728089905e+02;-3.446958726e-03
2.730199890e+02;-3.105166834e-04
2.732310181e+02;-1.329190098e-03
2.734420471e+02;-2.052984433e-03
2.736531067e+02;-1.061118208e-03
2.738641663e+02;1.539179822e-03
2.740752258e+02;7.081567310e-04
2.742862854e+02;1.914480585e-03
2.744973755e+02;-9.605912055e-05
2.747084961e+02;6.009279750e-04
2.749195862e+02;1.297915122e-03
2.751307068e+02;1.780444640e-03
2.753418274e+02;1.163879060e-03
2.755529785e+02;2.879539737e-03
2.757641296e+02;1.405143877e-03
2.759752808e+02;4.936992191e-04
2.761864624e+02;-1.329190098e-03
2.763976440e+02;1.539179822e-03
2.766088562e+02;-1.677683671e-03
2.768200378e+02;-8.734678268e-04
2.770312500e+02;-2.160213189e-03
2.772424927e+02;-8.198533906e-04
2.774537354e+02;-2.837094944e-04
2.776649780e+02;1.887673396e-03
2.778762207e+02;-3.641310905e-04
2.780874939e+02;1.619601389e-03
2.782987671e+02;1.029843115e-03
2.785100708e+02;-5.517814425e-04
2.787213745e+02;1.378336689e-03
2.789326782e+02;1.083457493e-03
2.791439819e+02;-1.758105238e-03
2.793553162e+02;2.155745402e-03
2.795666504e+02;6.009279750e-04
2.797780151e+02;4.668920010e-04
2.799893799e+02;8.689999231e-04
2.802007446e+02;-3.373238724e-04
2.804121399e+02;4.936992191e-04
2.806235352e+02;2.792416199e-04
2.808349304e+02;-4.244472802e-05
2.810463562e+02;-2.160213189e-03
2.812577820e+02;-9.538893937e-04
2.814692078e+02;2.504238859e-03
2.816806641e+02;-9.806966409e-04
2.818921204e+02;-2.569023054e-04
2.821036072e+02;-1.496735058e-04
2.823150635e+02;3.596632159e-04
2.825265808e+02;4.400848120e-04
2.827380676e+02;-9.605912055e-05
2.829495850e+02;3.328560269e-04
2.831611023e+02;1.994902268e-03
2.833726501e+02;1.137071871e-03
2.835841675e+02;1.592794200e-03
2.837957458e+02;6.277351640e-04
2.840072937e+02;2.691889182e-03
2.842188721e+02;-6.925192429e-05
2.844304504e+02;1.083457493e-03
2.846420593e+02;2.792416199e-04
2.848536682e+02;9.159125329e-05
2.850652771e+02;-4.445526574e-04
2.852769165e+02;-8.466605796e-04
2.854885559e+02;-9.270822047e-04
2.857001953e+02;1.914480585e-03
2.859118652e+02;-2.187020378e-03
2.861235352e+02;-9.605912055e-05
2.863352051e+02;-2.615935635e-03
2.865469055e+02;1.163879060e-03
2.867586060e+02;3.596632159e-04
2.869703064e+02;1.351529500e-03
2.871820374e+02;1.485565444e-03
2.873937683e+02;3.093997249e-03
2.876055298e+02;1.726830262e-03
2.878172913e+02;1.485565444e-03
2.880290527e+02;-3.641310905e-04
2.882408142e+02;1.726830262e-03
2.884526062e+02;6.277351640e-04
2.886643982e+02;2.611467615e-03
2.888762207e+02;-3.641310905e-04
2.890880432e+02;9.494215483e-04
2.892998657e+02;-1.141539775e-03
2.895116882e+02;-5.249742535e-04
2.897235413e+02;-1.624069293e-03
2.899354248e+02;-5.785886315e-04
2.901472778e+02;-9.538893937e-04
2.903591614e+02;1.029843115e-03
2.905710754e+02;-1.543647726e-03
2.907829590e+02;5.473135971e-04
2.909948730e+02;1.003035926e-03
2.912068176e+02;2.584660426e-03
2.914187317e+02;1.860866207e-03
2.916306763e+02;4.132775939e-04
2.918426514e+02;-1.764807093e-04
2.920546265e+02;3.147611627e-03
2.922666016e+02;-7.662390126e-04
2.924785767e+02;2.021709457e-03
2.926905823e+02;-1.597262104e-03
2.929025879e+02;1.988200383e-04
2.931146240e+02;-1.221961342e-03
2.933266296e+02;6.478405703e-05
2.935386963e+02;-2.776778769e-03
2.937507324e+02;-2.321056323e-03
2.939627991e+02;5.205064081e-04
2.941748657e+02;7.617711672e-04
2.943869629e+02;-1.704490860e-03
2.945990601e+02;8.958071121e-04
2.948111572e+02;-3.641310905e-04
2.950232849e+02;4.668920010e-04
2.952354126e+02;2.209359780e-03
2.954475403e+02;3.013575682e-03
2.956596680e+02;-1.496735058e-04
2.958718262e+02;2.236166969e-03
2.960840149e+02;1.565987011e-03
2.962962036e+02;1.485565444e-03
2.965083923e+02;1.619601389e-03
2.967205811e+02;1.324722311e-03
2.969328003e+02;-2.569023054e-04
2.971450195e+02;-9.605912055e-05
2.973572388e+02;-3.500573104e-03
2.975694885e+02;3.596632159e-04
2.977817383e+02;-1.007503830e-03
2.979940186e+02;1.592794200e-03
2.982062683e+02;-1.275575720e-03
2.984185791e+02;-9.002750157e-04
2.986308594e+02;-3.641310905e-04
2.988431702e+02;2.236166969e-03
2.990554810e+02;-6.925192429e-05
2.992678223e+02;7.081567310e-04
2.994801636e+02;-2.569023054e-04
2.996925049e+02;6.009279750e-04
2.999048462e+02;1.539179822e-03
3.001172180e+02;1.700022956e-03
3.003296204e+02;5.473135971e-04
3.005419922e+02;2.075323835e-03
3.007543945e+02;1.083457493e-03
3.009668274e+02;-8.466605796e-04
3.011792297e+02;-7.394318236e-04
3.013916626e+02;9.494215483e-04
3.016041260e+02;-2.562321257e-03
3.018165588e+02;1.163879060e-03
3.020290222e+02;-2.830393147e-03
3.022415161e+02;6.813495420e-04
3.024539795e+02;-1.329190098e-03
3.026665039e+02;-3.105166834e-04
3.028789978e+02;-1.061118208e-03
3.030915222e+02;3.120804438e-03
3.033040466e+02;1.137071871e-03
3.035165710e+02;1.351529500e-03
3.037291260e+02;1.029843115e-03
3.039416809e+02;1.700022956e-03
3.041542664e+02;2.256272273e-04
3.043668518e+02;-9.002750157e-04
3.045794373e+02;2.792416199e-04
3.047920532e+02;1.056650304e-03
3.050046387e+02;1.217493438e-03
3.052172852e+02;2.155745402e-03
3.054299011e+02;-7.930462016e-04
3.056425476e+02;3.060488089e-04
3.058552246e+02;-4.177454684e-04
3.060678711e+02;-7.662390126e-04
3.062805481e+02;-2.187020378e-03
3.064932556e+02;1.190686249e-03
3.067059326e+02;-2.535513835e-03
3.069186401e+02;-8.734678268e-04
3.071313782e+02;-8.198533906e-04
3.073440857e+02;9.226143011e-04
3.075568237e+02;-1.496735058e-04
3.077695923e+02;7.617711672e-04
3.079823608e+02;1.163879060e-03
3.081951294e+02;1.137071871e-03
3.084078979e+02;-1.228663168e-04
3.086206970e+02;2.665081993e-03
3.088334961e+02;1.887673396e-03
3.090463257e+02;3.328560269e-04
3.092591248e+02;1.183984496e-04
3.094719849e+02;-1.061118208e-03
3.096848145e+02;-1.490033348e-03
3.098976746e+02;1.988200383e-04
3.101105347e+02;-1.355997287e-03
3.103234253e+02;3.328560269e-04
3.105363159e+02;-2.294249134e-03
3.107492065e+02;-9.605912055e-05
3.109621277e+02;-8.466605796e-04
3.111750183e+02;-2.837094944e-04
3.113879700e+02;-1.221961342e-03
3.116008911e+02;8.153855451e-04
3.118138428e+02;-4.177454684e-04
3.120268250e+02;1.592794200e-03
3.122397766e+02;1.941287774e-03
3.124527588e+02;2.825925127e-03
3.126657715e+02;9.159125329e-05
3.128787842e+02;3.228033194e-03
3.130917969e+02;1.297915122e-03
3.133048096e+02;2.289781347e-03
3.135178528e+02;-9.605912055e-05
3.137308960e+02;1.458758255e-03
3.139439392e+02;-5.517814425e-04
3.141570129e+02;3.864704049e-04
3.143700867e+02;-2.562321257e-03
3.145831909e+02;3.797686077e-05
3.147962952e+02;9.159125329e-05
3.150093994e+02;-8.466605796e-04
3.152225037e+02;-4.981670645e-04
3.154356384e+02;-2.079791622e-03
3.156487732e+02;-8.466605796e-04
3.158619385e+02;-6.053958205e-04
3.160751038e+02;-1.436418970e-03
3.162882690e+02;1.083457493e-03
3.165014648e+02;9.226143011e-04
3.167146606e+02;2.852732548e-03
3.169278564e+02;1.565987011e-03
3.171410828e+02;1.807251829e-03
3.173543091e+02;-1.650876482e-03
3.175675354e+02;2.256272273e-04
3.177807922e+02;-2.669550013e-03
3.179940491e+02;1.217493438e-03
3.182073059e+02;-6.053958205e-04
3.184205933e+02;1.324722311e-03
3.186338806e+02;-6.858174456e-04
3.188471680e+02;-1.248768531e-03
3.190604858e+02;-1.543647726e-03
3.192738037e+02;-1.355997287e-03
3.194871521e+02;1.720128348e-04
3.197004700e+02;1.244300627e-03
3.199138184e+02;4.132775939e-04
3.201271973e+02;1.029843115e-03
3.203405762e+02;-7.662390126e-04
3.205539551e+02;1.324722311e-03
3.207673340e+02;-1.496735058e-04
3.209807434e+02;-4.445526574e-04
3.211941833e+02;3.328560269e-04
3.214075928e+02;1.244300627e-03
3.216210327e+02;9.226143011e-04
3.218344727e+02;-5.517814425e-04
3.220479431e+02;1.452056458e-04
3.222614136e+02;-1.972562866e-03
3.224748840e+02;-1.624069293e-03
3.226883850e+02;4.936992191e-04
3.229018860e+02;-1.811719616e-03
3.231153870e+02;1.083457493e-03
3.233289185e+02;-1.302382909e-03
3.235424500e+02;1.137071871e-03
3.237559814e+02;-8.198533906e-04
3.239695435e+02;9.226143011e-04
3.241831055e+02;-1.543647726e-03
3.243966675e+02;1.324722311e-03
3.246102600e+02;1.941287774e-03
3.248238525e+02;1.753637451e-03
3.250374451e+02;5.741207860e-04
3.252510681e+02;1.807251829e-03
3.254646912e+02;1.217493438e-03
3.256783447e+02;2.397010103e-03
3.258919983e+02;1.378336689e-03
3.261056519e+02;6.545423530e-04
3.263193054e+02;7.081567310e-04
3.265329895e+02;-5.517814425e-04
3.267466736e+02;-7.930462016e-04
3.269603882e+02;-2.569023054e-04
3.271741028e+02;-3.641310905e-04
3.273878174e+02;-1.543647726e-03
3.276015625e+02;-5.249742535e-04
3.278152771e+02;8.958071121e-04
3.280290527e+02;1.029843115e-03
3.282427979e+02;-6.925192429e-05
3.284565735e+02;-1.764807093e-04
3.286703796e+02;6.009279750e-04
3.288841553e+02;-2.569023054e-04
3.290979614e+02;1.807251829e-03
3.293117981e+02;8.958071121e-04
3.295256042e+02;3.228033194e-03
3.297394409e+02;8.689999231e-04
3.299533081e+02;1.003035926e-03
3.301671448e+02;-4.177454684e-04
3.303810425e+02;-5.785886315e-04
3.305949097e+02;7.617711672e-04
3.308088074e+02;-7.930462016e-04
3.310227051e+02;-9.002750157e-04
3.312366028e+02;-4.244472802e-05
3.314505310e+02;-1.382804476e-03
3.316644592e+02;6.478405703e-05
3.318784180e+02;-3.634609049e-03
3.320923767e+02;1.834059018e-03
3.323063354e+02;4.668920010e-04
3.325202942e+02;1.485565444e-03
3.327342834e+02;3.060488089e-04
3.329482727e+02;8.153855451e-04
3.331622925e+02;-4.177454684e-04
3.333763123e+02;8.153855451e-04
3.335903320e+02;3.683755407e-03
3.338043823e+02;1.083457493e-03
3.340184326e+02;1.271107933e-03
3.342324829e+02;5.741207860e-04
3.344465332e+02;1.183984496e-04
3.346606140e+02;1.458758255e-03
3.348747253e+02;-6.590102566e-04
3.350888062e+02;-2.569023054e-04
3.353029175e+02;-1.892141299e-03
3.355170593e+02;-1.248768531e-03
3.357311707e+02;-1.892141299e-03
3.359453125e+02;4.132775939e-04
3.361594849e+02;-1.302382909e-03
3.363736572e+02;-1.195154153e-03
3.365878296e+02;3.596632159e-04
3.368020020e+02;1.003035926e-03
3.370162048e+02;1.780444640e-03
3.372304077e+02;1.914480585e-03
3.374446106e+02;1.297915122e-03
3.376588440e+02;1.110264682e-03
3.378730774e+02;7.885783562e-04
3.380873413e+02;1.726830262e-03
3.383016052e+02;5.473135971e-04
3.385158691e+02;2.075323835e-03
3.387301331e+02;-1.563753176e-05
3.389444275e+02;2.792416199e-04
3.391587524e+02;-9.538893937e-04
3.393730469e+02;7.081567310e-04
3.395873718e+02;-2.052984433e-03
3.398016968e+02;-2.569023054e-04
3.400160522e+02;-1.496735058e-04
3.402304077e+02;-1.228663168e-04
3.404447632e+02;-1.275575720e-03
3.406591492e+02;-8.466605796e-04
3.408735352e+02;-2.749971580e-03
3.410879211e+02;1.163879060e-03
3.413023376e+02;1.351529500e-03
3.415167542e+02;5.741207860e-04
3.417311707e+02;-2.569023054e-04
3.419456177e+02;2.128938213e-03
3.421600647e+02;7.081567310e-04
3.423745117e+02;2.048516646e-03
3.425889893e+02;2.792416199e-04
3.428034668e+02;2.262974158e-03
3.430179443e+02;-1.195154153e-03
3.432324524e+02;4.400848120e-04
3.434469604e+02;-1.892141299e-03
3.436614990e+02;2.792416199e-04
3.438760376e+02;-1.784912427e-03
3.440905762e+02;-4.244472802e-05
3.443051147e+02;-2.455092268e-03
3.445196838e+02;-4.244472802e-05
3.447342529e+02;-2.401477890e-03
3.449488525e+02;2.524344309e-04
3.451634521e+02;-4.713598755e-04
3.453780518e+02;1.988200383e-04
3.455926514e+02;-3.373238724e-04
3.458072815e+02;1.351529500e-03
3.460219116e+02;3.328560269e-04
3.462365723e+02;1.485565444e-03
3.464512329e+02;-7.930462016e-04
3.466658936e+02;8.153855451e-04
3.468805847e+02;2.397010103e-03
3.470952759e+02;-3.373238724e-04
3.473099670e+02;1.452056458e-04
3.475246887e+02;-1.704490860e-03
3.477394104e+02;-9.270822047e-04
3.479541321e+02;-8.466605796e-04
3.481688843e+02;-8.466605796e-04
3.483836365e+02;5.741207860e-04
3.485983887e+02;-3.105166834e-04
3.488131714e+02;8.421927341e-04
3.490279541e+02;-1.838526805e-03
3.492427673e+02;1.137071871e-03
3.494575500e+02;1.914480585e-03
3.496723633e+02;2.450624481e-03
3.498872070e+02;-5.785886315e-04
3.501020508e+02;1.110264682e-03
3.503168945e+02;1.485565444e-03
3.505317383e+02;2.557853237e-03
3.507466125e+02;1.753637451e-03
3.509614868e+02;1.860866207e-03
3.511763916e+02;1.378336689e-03
3.513912964e+02;9.226143011e-04
3.516062012e+02;-1.275575720e-03
3.518211060e+02;3.797686077e-05
3.520360413e+02;-1.784912427e-03
3.522509766e+02;-2.401477890e-03
3.524659424e+02;-1.490033348e-03
3.526809082e+02;1.720128348e-04
3.528958740e+02;6.478405703e-05
3.531108704e+02;-1.490033348e-03
3.533258667e+02;-4.981670645e-04
3.535408630e+02;4.400848120e-04
3.537558899e+02;1.183984496e-04
3.539709167e+02;-1.543647726e-03
3.541859436e+02;-1.007503830e-03
3.544010010e+02;1.190686249e-03
3.546160583e+02;1.190686249e-03
3.548311157e+02;1.860866207e-03
3.550462036e+02;2.155745402e-03
3.552612915e+02;1.110264682e-03
3.554763794e+02;1.029843115e-03
3.556914978e+02;2.370202914e-03
3.559066162e+02;-1.168346964e-03
3.561217651e+02;-4.981670645e-04
3.563368835e+02;-1.114732586e-03
3.565520325e+02;-8.466605796e-04
3.567672119e+02;-4.385210574e-03
3.569823914e+02;-1.811719616e-03
3.571975708e+02;-6.053958205e-04
3.574127502e+02;1.485565444e-03
3.576279602e+02;1.083457493e-03
3.578431702e+02;-3.909382795e-04
3.580584106e+02;1.968095079e-03
3.582736511e+02;2.155745402e-03
3.584888916e+02;8.689999231e-04
3.587041626e+02;2.155745402e-03
3.589194031e+02;1.083457493e-03
3.591347046e+02;3.254840383e-03
3.593499756e+02;1.834059018e-03
3.595652771e+02;1.512372633e-03
3.597806091e+02;1.994902268e-03
3.599959106e+02;1.217493438e-03
3.602112427e+02;5.741207860e-04
3.604265747e+02;2.792416199e-04
3.606419373e+02;-1.061118208e-03
3.608572998e+02;3.864704049e-04
3.610726624e+02;-2.187020378e-03
3.612880554e+02;-1.563753176e-05
3.615034485e+02;-1.811719616e-03
3.617188416e+02;1.834059018e-03
3.619342651e+02;7.081567310e-04
3.621496887e+02;2.986768493e-03
3.623651428e+02;1.619601389e-03
3.625805664e+02;1.860866207e-03
3.627960510e+02;1.029843115e-03
3.630115051e+02;2.075323835e-03
3.632269897e+02;1.297915122e-03
3.634424744e+02;8.689999231e-04
3.636579590e+02;2.048516646e-03
3.638734741e+02;4.246706609e-03
3.640889893e+02;-1.221961342e-03
3.643045349e+02;1.458758255e-03
3.645200806e+02;-1.007503830e-03
3.647356262e+02;3.328560269e-04
3.649511719e+02;-1.563753176e-05
3.651667480e+02;1.137071871e-03
3.653823242e+02;-6.858174456e-04
3.655979309e+02;6.009279750e-04
3.658135376e+02;9.226143011e-04
3.660291443e+02;1.163879060e-03
3.662447815e+02;7.617711672e-04
3.664604187e+02;1.458758255e-03
3.666760559e+02;1.673215767e-03
3.668917236e+02;1.137071871e-03
3.671073914e+02;1.673215767e-03
3.673230591e+02;2.638274804e-03
3.675387268e+02;1.700022956e-03
3.677544250e+02;1.431951066e-03
3.679701538e+02;3.630141029e-03
3.681858826e+02;2.906346926e-03
3.684016113e+02;2.048516646e-03
3.686173401e+02;2.423817292e-03
3.688330994e+02;1.029843115e-03
3.690488586e+02;1.163879060e-03
3.692646179e+02;-9.002750157e-04
3.694804077e+02;1.083457493e-03
3.696961975e+02;-1.275575720e-03
3.699119873e+02;4.400848120e-04
3.701278076e+02;8.421927341e-04
3.703436279e+02;1.458758255e-03
3.705594788e+02;-1.329190098e-03
3.707752991e+02;-1.764807093e-04
3.709911804e+02;-5.785886315e-04
3.712070312e+02;2.155745402e-03
3.714229126e+02;1.458758255e-03
3.716387939e+02;1.163879060e-03
3.718547058e+02;-1.563753176e-05
3.720706177e+02;3.093997249e-03
3.722865295e+02;2.799117938e-03
3.725024414e+02;3.174418816e-03
3.727183838e+02;1.887673396e-03
3.729343262e+02;3.844598774e-03
3.731502991e+02;1.592794200e-03
3.733662720e+02;1.994902268e-03
3.735822449e+02;1.029843115e-03
3.737982483e+02;-5.517814425e-04
3.740142517e+02;-3.641310905e-04
3.742302551e+02;1.753637451e-03
3.744462891e+02;5.205064081e-04
3.746623230e+02;1.485565444e-03
3.748783569e+02;1.190686249e-03
3.750944214e+02;2.316588536e-03
3.753104858e+02;4.400848120e-04
3.755265503e+02;3.174418816e-03
3.757426453e+02;2.665081993e-03
3.759587402e+02;2.316588536e-03
3.761748352e+02;2.450624481e-03
3.763909607e+02;4.353935365e-03
3.766070862e+02;2.209359780e-03
3.768232117e+02;2.209359780e-03
3.770393677e+02;3.864704049e-04
3.772555237e+02;2.852732548e-03
3.774717102e+02;3.067190060e-03
3.776878662e+02;4.936992191e-04
3.779040833e+02;-8.734678268e-04
3.781202698e+02;1.726830262e-03
3.783364868e+02;9.494215483e-04
3.785527039e+02;1.968095079e-03
3.787689514e+02;-2.026177244e-03
3.789851685e+02;1.994902268e-03
3.792014465e+02;8.689999231e-04
3.794176941e+02;7.349639782e-04
3.796339722e+02;1.110264682e-03
3.798502502e+02;4.273513798e-03
3.800665588e+02;1.887673396e-03
3.802828674e+02;4.166285042e-03
3.804991760e+02;1.941287774e-03
3.807154846e+02;3.174418816e-03
3.809318237e+02;1.565987011e-03
3.811481934e+02;3.925020341e-03
3.813645325e+02;1.405143877e-03
3.815809021e+02;2.531046048e-03
3.817973022e+02;1.271107933e-03
3.820136719e+02;1.834059018e-03
3.822300720e+02;-6.322030094e-04
3.824465027e+02;2.423817292e-03
3.826629028e+02;1.029843115e-03
3.828793335e+02;1.592794200e-03
3.830957947e+02;1.183984496e-04
3.833122253e+02;2.021709457e-03
3.835286865e+02;3.549719462e-03
3.837451782e+02;3.335261950e-03
3.839616394e+02;3.093997249e-03
3.841781616e+02;2.236166969e-03
3.843946533e+02;3.362069139e-03
3.846111755e+02;2.691889182e-03
3.848276978e+02;4.729236010e-03
3.850442200e+02;5.774716847e-03
3.852607727e+02;4.916886333e-03
3.854773254e+02;3.978634719e-03
3.856939087e+02;1.726830262e-03
3.859104614e+02;1.807251829e-03
3.861270752e+02;1.458758255e-03
3.863436584e+02;3.147611627e-03
3.865602722e+02;1.029843115e-03
3.867768860e+02;3.067190060e-03
3.869935303e+02;1.512372633e-03
3.872101746e+02;3.067190060e-03
3.874268188e+02;2.048516646e-03
3.876434631e+02;2.611467615e-03
3.878601379e+02;2.075323835e-03
3.880768127e+02;4.514778499e-03
3.882935181e+02;3.013575682e-03
3.885102234e+02;4.219899420e-03
3.887269287e+02;4.059056286e-03
3.889436646e+02;5.506644957e-03
3.891604004e+02;4.595200066e-03
3.893771362e+02;6.418089382e-03
3.895939026e+02;4.353935365e-03
3.898106689e+02;4.970500711e-03
3.900274353e+02;5.613873713e-03
3.902442322e+02;5.292187445e-03
3.904610291e+02;3.951827530e-03
3.906778259e+02;2.852732548e-03
3.908946533e+02;3.388876328e-03
3.911114807e+02;3.630141029e-03
3.913283081e+02;2.531046048e-03
3.915451660e+02;3.951827530e-03
3.917620239e+02;2.933154115e-03
3.919788818e+02;4.595200066e-03
3.921957703e+02;3.603333840e-03
3.924126587e+02;3.308454761e-03
3.926295776e+02;5.533452146e-03
3.928464661e+02;7.731642108e-03
3.930634155e+02;1.914480585e-03
3.932803345e+02;6.444896571e-03
3.934972839e+02;5.721102469e-03
3.937142334e+02;7.892485708e-03
3.939311829e+02;6.954233628e-03
3.941481628e+02;6.257246248e-03
3.943651428e+02;3.925020341e-03
3.945821533e+02;6.444896571e-03
3.947991638e+02;4.943693522e-03
3.950161743e+02;3.308454761e-03
3.952332153e+02;3.174418816e-03
3.954502258e+02;5.345801823e-03
3.956672974e+02;2.933154115e-03
3.958843384e+02;5.801524036e-03
3.961014099e+02;5.881945603e-03
3.963184814e+02;6.257246248e-03
3.965355835e+02;5.453030579e-03
3.967526855e+02;6.578932516e-03
3.969697876e+02;6.632546894e-03
3.971869202e+02;8.187364787e-03
3.974040527e+02;6.257246248e-03
3.976211853e+02;8.803930134e-03
3.978383484e+02;7.570798974e-03
3.980555115e+02;8.669894189e-03
3.982726746e+02;9.259652346e-03
3.984898682e+02;6.364475004e-03
3.987070618e+02;8.053328842e-03
3.989242554e+02;6.525318138e-03
3.991414795e+02;5.694295280e-03
3.993587036e+02;7.543991785e-03
3.995759277e+02;5.694295280e-03
3.997931824e+02;6.284053437e-03
4.000104370e+02;7.168691140e-03
4.002276917e+02;7.597606163e-03
4.004449768e+02;6.284053437e-03
4.006622620e+02;6.525318138e-03
4.008795776e+02;6.203631870e-03
4.010968933e+02;9.393688291e-03
4.013142090e+02;8.455436677e-03
4.015315247e+02;8.026521653e-03
4.017488708e+02;8.803930134e-03
4.019662170e+02;9.286459535e-03
4.021835938e+02;6.525318138e-03
4.024009399e+02;1.156507153e-02
4.026183472e+02;8.509051055e-03
4.028357239e+02;8.240979165e-03
4.030531311e+02;7.409955841e-03
4.032705383e+02;7.597606163e-03
4.034879761e+02;8.080136031e-03
4.037054138e+02;7.141883951e-03
4.039228516e+02;8.053328842e-03
4.041402893e+02;8.455436677e-03
4.043577576e+02;6.498510949e-03
4.045752563e+02;8.428629488e-03
4.047927246e+02;7.409955841e-03
4.050102234e+02;9.688567370e-03
4.052277222e+02;8.106943220e-03
4.054452515e+02;9.366881102e-03
4.056627808e+02;1.057320461e-02
4.058803101e+02;9.206037968e-03
4.060978699e+02;9.849410504e-03
4.063154297e+02;1.207440812e-02
4.065329895e+02;1.137742121e-02
4.067505798e+02;9.634952992e-03
4.069681702e+02;1.086808369e-02
4.071857605e+02;1.121657714e-02
4.074033813e+02;1.065362617e-02
4.076210022e+02;8.696701378e-03
4.078386230e+02;1.081446931e-02
4.080562744e+02;1.017109677e-02
4.082739258e+02;1.132380590e-02
4.084915771e+02;9.634952992e-03
4.087092590e+02;1.311988849e-02
4.089269409e+02;1.194037218e-02
4.091446533e+02;1.132380590e-02
4.093623352e+02;1.033193991e-02
4.095800781e+02;1.164549310e-02
4.097977905e+02;1.033193991e-02
4.100155334e+02;1.145784277e-02
4.102332764e+02;1.164549310e-02
4.104510193e+02;1.285181660e-02
4.106687927e+02;1.258374471e-02
4.108865662e+02;1.480874140e-02
4.111043701e+02;1.266416628e-02
4.113221741e+02;1.301265974e-02
4.115399780e+02;1.228886563e-02
4.117577820e+02;1.143103559e-02
4.119756165e+02;1.349518914e-02
4.121934509e+02;1.054639742e-02
4.124113159e+02;1.078766212e-02
4.126291809e+02;1.421898324e-02
4.128470459e+02;1.207440812e-02
4.130649414e+02;1.523765735e-02
4.132828369e+02;1.389729697e-02
4.135007324e+02;1.523765735e-02
4.137186279e+02;1.392410416e-02
4.139365540e+02;1.379006822e-02
4.141545105e+02;1.456747670e-02
4.143724365e+02;1.553253643e-02
4.145903931e+02;1.352199633e-02
4.148083801e+02;1.620271616e-02
4.150263367e+02;1.488916297e-02
4.152443237e+02;1.947319321e-02
4.154623413e+02;1.561295800e-02
4.156803284e+02;1.483554859e-02
4.158983459e+02;1.588102989e-02
4.161163940e+02;1.494277734e-02
4.163344116e+02;1.287862379e-02
4.165524597e+02;1.566657238e-02
4.167705383e+02;1.454066951e-02
4.169885864e+02;1.440663356e-02
4.172066650e+02;1.322711725e-02
4.174247742e+02;1.566657238e-02
4.176428833e+02;1.403133292e-02
4.178609924e+02;1.636355929e-02
4.180791016e+02;1.896385662e-02
4.182972412e+02;1.915150695e-02
4.185153809e+02;1.995572262e-02
4.187335205e+02;1.706054620e-02
4.189516907e+02;1.813283376e-02
4.191698608e+02;1.968765073e-02
4.193880615e+02;1.928554289e-02
4.196062622e+02;2.022379451e-02
4.198244629e+02;1.917831413e-02
4.200426636e+02;2.172499895e-02
4.202608948e+02;1.743584685e-02
4.204791260e+02;1.719458215e-02
4.206973877e+02;1.671205275e-02
4.209156494e+02;1.807921939e-02
4.211339111e+02;1.614910178e-02
4.213521729e+02;1.689970307e-02
4.215704651e+02;1.730181091e-02
4.217887573e+02;2.218072116e-02
4.220070801e+02;1.899066381e-02
4.222254028e+02;2.212710679e-02
4.224437256e+02;1.909789257e-02
4.226620789e+02;2.049186826e-02
4.228804321e+02;2.196626365e-02
4.230987854e+02;2.234156430e-02
4.233171692e+02;2.057228982e-02
4.235355225e+02;2.242198586e-02
4.237539368e+02;2.086716890e-02
4.239723206e+02;2.373553813e-02
4.241907349e+02;1.866897754e-02
4.244091797e+02;2.113524079e-02
4.246275940e+02;2.081355453e-02
4.248460388e+02;2.137650549e-02
4.250645142e+02;2.116204798e-02
4.252829590e+02;2.183222771e-02
4.255014343e+02;2.110843360e-02
4.257199402e+02;2.089397609e-02
4.259384155e+02;2.086716890e-02
4.261569214e+02;2.314577997e-02
4.263754578e+02;2.183222771e-02
4.265939941e+02;2.274367213e-02
4.268125305e+02;2.596053481e-02
4.270310669e+02;2.448613942e-02
4.272496338e+02;2.252921462e-02
4.274682007e+02;2.260963619e-02
4.276867676e+02;2.531716228e-02
4.279053650e+02;2.612137794e-02
4.281239624e+02;2.282409370e-02
4.283425903e+02;2.781023271e-02
4.285611877e+02;2.537077665e-02
4.287798157e+02;2.432529628e-02
4.289984741e+02;2.590692043e-02
4.292171326e+02;2.630902827e-02
4.294357910e+02;2.510270476e-02
4.296544495e+02;2.293132246e-02
4.298731384e+02;2.451294661e-02
4.300918274e+02;2.628222108e-02
4.303105469e+02;2.279728651e-02
4.305292664e+02;2.724727988e-02
4.307479858e+02;2.679155767e-02
4.309667053e+02;2.826595493e-02
4.311854553e+02;2.641625702e-02
4.314042358e+02;2.944547124e-02
4.316229858e+02;2.925782092e-02
4.318417664e+02;2.818553336e-02
4.320605469e+02;2.907017060e-02
4.322793579e+02;3.124155290e-02
4.324981689e+02;2.762258239e-02
4.327169800e+02;3.016926534e-02
4.329358215e+02;2.952589281e-02
4.331546631e+02;3.027649410e-02
4.333735046e+02;2.968673594e-02
4.335923462e+02;3.150962666e-02
4.338112183e+02;2.673794329e-02
4.340301208e+02;2.815872617e-02
4.342489929e+02;3.008884378e-02
4.344678955e+02;2.826595493e-02
4.346868286e+02;2.614818513e-02
4.349057312e+02;2.920420654e-02
4.351246643e+02;2.965992875e-02
4.353436279e+02;2.912378497e-02
4.355625610e+02;3.105390258e-02
4.357815247e+02;3.177769855e-02
4.360005188e+02;3.121474572e-02
4.362194824e+02;3.325209394e-02
4.364384766e+02;3.357378021e-02
4.366575012e+02;3.365420178e-02
4.368765259e+02;3.075902350e-02
4.370955505e+02;3.620088473e-02
4.373145752e+02;3.207257763e-02
4.375336304e+02;3.445841745e-02
4.377526855e+02;3.295721486e-02
4.379717407e+02;3.030330129e-02
4.381908264e+02;3.408311680e-02
4.384099121e+02;3.164366260e-02
4.386290283e+02;3.298402205e-02
4.388481140e+02;3.469968215e-02
4.390672607e+02;3.341293707e-02
4.392863770e+02;3.459245339e-02
4.395055237e+02;3.416353837e-02
4.397246704e+02;3.657618538e-02
4.399438171e+02;3.483371809e-02
4.401629944e+02;3.467287496e-02
4.403821716e+02;3.778250888e-02
4.406013794e+02;3.705871478e-02
4.408205872e+02;3.855991736e-02
4.410397949e+02;3.386865929e-02
4.412590332e+02;3.641534224e-02
4.414782410e+02;3.630811349e-02
4.416975098e+02;3.735359386e-02
4.419167480e+02;3.963220492e-02
4.421360168e+02;3.542347625e-02
4.423552856e+02;3.799696639e-02
4.425745850e+02;3.528944030e-02
4.427938843e+02;3.748762980e-02
4.430131836e+02;3.665660694e-02
4.432325134e+02;3.625449911e-02
4.434518433e+02;3.882798925e-02
4.436711731e+02;3.697829321e-02
4.438905029e+02;3.861353174e-02
4.441098633e+02;3.837226704e-02
4.443292542e+02;4.032919183e-02
4.445486145e+02;4.081172124e-02
4.447680054e+02;3.979304805e-02
4.449874268e+02;4.250057414e-02
4.452068176e+02;4.464514926e-02
4.454262390e+02;4.268822446e-02
4.456456909e+02;4.188400880e-02
4.458651123e+02;4.091894999e-02
4.460845642e+02;4.255418852e-02
4.463040466e+02;3.995389119e-02
4.465234985e+02;4.070449248e-02
4.467429810e+02;4.405539110e-02
4.469624939e+02;4.233973101e-02
4.471819763e+02;4.400177673e-02
4.474014893e+02;4.207165912e-02
4.476210327e+02;4.475237802e-02
4.478405457e+02;4.499364272e-02
4.480601196e+02;4.780840129e-02
4.482796631e+02;4.665569216e-02
4.484992371e+02;4.598551244e-02
4.487188110e+02;4.587828368e-02
4.489383850e+02;4.435027018e-02
4.491579895e+02;4.453792050e-02
4.493775940e+02;4.871984571e-02
4.495972290e+02;4.681653529e-02
4.498168335e+02;4.997978359e-02
4.500364685e+02;4.791563004e-02
4.502561340e+02;4.941683263e-02
4.504757996e+02;4.534213617e-02
4.506954651e+02;4.896111041e-02
4.509151306e+02;4.853219539e-02
4.511348267e+02;4.968490452e-02
4.513545227e+02;4.804966599e-02
4.515742493e+02;4.751352221e-02
4.517939758e+02;5.276773125e-02
4.520137024e+02;5.032827705e-02
4.522334290e+02;5.174905807e-02
4.524531860e+02;5.434935540e-02
4.526729431e+02;5.231200904e-02
4.528927307e+02;5.485869199e-02
4.531125183e+02;5.341110379e-02
4.533323059e+02;5.587736517e-02
4.535521240e+02;5.469784886e-02
4.537719421e+02;5.577013642e-02
4.539917603e+02;5.394724756e-02
4.542115784e+02;5.847766250e-02
4.544314270e+02;5.558248609e-02
4.546513062e+02;5.842404813e-02
4.548711548e+02;5.373279005e-02
4.550910339e+02;5.681561679e-02
4.553109131e+02;5.531441420e-02
4.555308228e+02;5.885296315e-02
4.557507324e+02;5.429574102e-02
4.559706421e+02;5.761983246e-02
4.561905823e+02;5.756621808e-02
4.564105225e+02;5.917464942e-02
4.566304626e+02;5.818278342e-02
4.568504333e+02;6.048820540e-02
4.570704041e+02;5.968398601e-02
4.572903748e+02;5.971079320e-02
4.575103760e+02;6.139964983e-02
4.577303772e+02;6.399994344e-02
4.579503784e+02;6.461650878e-02
4.581704102e+02;6.627855450e-02
4.583904419e+02;6.539391726e-02
4.586104736e+02;6.536711007e-02
4.588305359e+02;6.375867873e-02
4.590505981e+02;6.689511985e-02
4.592706604e+02;6.316892058e-02
4.594907532e+02;6.467012316e-02
4.597108459e+02;6.528668851e-02
4.599309692e+02;6.676108390e-02
4.601510620e+02;6.627855450e-02
4.603711853e+02;6.389271468e-02
4.605913391e+02;6.791380048e-02
4.608114929e+02;6.786018610e-02
4.610316467e+02;6.794060767e-02
4.612518005e+02;7.126469910e-02
4.614719849e+02;7.075536251e-02
4.616921692e+02;7.279270887e-02
4.619123535e+02;7.201530039e-02
4.621325684e+02;7.533939183e-02
4.623527832e+02;7.153277099e-02
4.625730286e+02;6.960265338e-02
4.627932739e+02;7.407945395e-02
4.630135193e+02;7.271228731e-02
4.632337646e+02;7.635806501e-02
4.634540405e+02;7.480324805e-02
4.636743164e+02;7.852944732e-02
4.638946228e+02;7.793968916e-02
4.641149292e+02;7.659932971e-02
4.643352356e+02;7.858306170e-02
4.645555420e+02;8.094209433e-02
4.647758789e+02;7.777884603e-02
4.649962158e+02;8.123697340e-02
4.652165833e+02;7.968215644e-02
4.654369507e+02;8.397130668e-02
4.656573181e+02;7.751077414e-02
4.658777161e+02;8.434660733e-02
4.660980835e+02;8.155865967e-02
4.663185120e+02;8.145143092e-02
4.665389099e+02;8.019149303e-02
4.667593384e+02;8.091528714e-02
4.669797668e+02;8.373004198e-02
4.672002258e+02;8.000384271e-02
4.674206848e+02;8.598184586e-02
4.676411438e+02;8.582100272e-02
4.678616333e+02;8.611588180e-02
4.680821228e+02;8.675925434e-02
4.683026123e+02;8.284540474e-02
4.685231323e+02;8.700051904e-02
4.687436523e+02;8.536528051e-02
4.689641724e+02;8.638395369e-02
4.691847229e+02;9.453333914e-02
4.694052734e+02;9.024418890e-02
4.696258240e+02;9.032461047e-02
4.698464050e+02;9.045864642e-02
4.700669861e+02;9.276406467e-02
4.702875671e+02;9.362189472e-02
4.705081787e+02;9.214749932e-02
4.707287903e+02;9.426526725e-02
4.709494019e+02;9.045864642e-02
4.711700439e+02;9.220111370e-02
4.713906860e+02;9.504267573e-02
4.716113281e+02;9.745533019e-02
4.718320007e+02;9.045864642e-02
4.720526733e+02;9.590051323e-02
4.722733459e+02;9.319297969e-02
4.724940491e+02;9.372912347e-02
4.727147522e+02;9.740171582e-02
4.729354553e+02;9.616858512e-02
4.731561890e+02;9.391677380e-02
4.733769226e+02;9.890291840e-02
4.735976868e+02;9.876888245e-02
4.738184204e+02;9.986797720e-02
4.740391846e+02;1.007794216e-01
4.742599792e+02;1.029239967e-01
4.744807739e+02;1.023610458e-01
4.747015686e+02;1.037550196e-01
4.749223633e+02;1.038354412e-01
4.751431885e+02;1.042107418e-01
4.753640137e+02;1.012083367e-01
4.755848694e+02;1.055242941e-01
4.758056946e+02;1.061944738e-01
4.760265503e+02;1.076420620e-01
4.762474365e+02;1.052562222e-01
4.764683228e+02;1.057387516e-01
4.766892090e+02;1.052562222e-01
4.769100952e+02;1.064089313e-01
4.771310120e+02;1.081513986e-01
4.773519287e+02;1.104032025e-01
4.775728760e+02;1.100279018e-01
4.777938232e+02;1.113682613e-01
4.780147705e+02;1.091432646e-01
4.782357178e+02;1.130839214e-01
4.784566956e+02;1.106444672e-01
4.786777039e+02;1.111269966e-01
4.788986816e+02;1.108053103e-01
4.791196899e+02;1.150408462e-01
4.793406982e+02;1.119312122e-01
4.795617371e+02;1.169709638e-01
4.797827759e+02;1.134324148e-01
4.800038147e+02;1.139149442e-01
4.802248535e+02;1.170781925e-01
4.804459229e+02;1.193031892e-01
4.806670227e+02;1.153625324e-01
4.808880920e+02;1.153893396e-01
4.811091919e+02;1.137272939e-01
4.813302917e+02;1.204290912e-01
4.815514221e+02;1.174266860e-01
4.817725525e+02;1.178824082e-01
4.819936829e+02;1.209384277e-01
4.822148438e+02;1.242625192e-01
4.824360046e+02;1.206971630e-01
4.826571655e+02;1.232170388e-01
4.828783569e+02;1.207507774e-01
4.830995483e+02;1.225736663e-01
4.833207397e+02;1.243161336e-01
4.835419617e+02;1.244501770e-01
4.837631836e+02;1.258977652e-01
4.839844055e+02;1.294363141e-01
4.842056580e+02;1.305890232e-01
4.844269104e+02;1.271845102e-01
4.846481628e+02;1.310715526e-01
4.848694458e+02;1.246646345e-01
4.850907288e+02;1.300260723e-01
4.853120117e+02;1.302137226e-01
4.855333252e+02;1.331088990e-01
4.857546387e+02;1.278278828e-01
4.859759521e+02;1.326531768e-01
4.861972961e+02;1.333501637e-01
4.864186401e+02;1.346369088e-01
4.866399841e+02;1.342884153e-01
4.868613586e+02;1.350926310e-01
4.870827332e+02;1.405612975e-01
4.873041077e+02;1.390332878e-01
4.875255127e+02;1.389796734e-01
4.877469177e+02;1.396498531e-01
4.879683228e+02;1.365670264e-01
4.881897583e+02;1.393281668e-01
4.884111938e+02;1.437245458e-01
4.886326599e+02;1.413655132e-01
4.888540955e+02;1.383631080e-01
4.890755615e+02;1.394085884e-01
4.892970581e+02;1.418480426e-01
4.895185547e+02;1.395694315e-01
4.897400513e+02;1.488447189e-01
4.899615479e+02;1.455742419e-01
4.901830750e+02;1.441534609e-01
4.904046021e+02;1.446359903e-01
4.906261597e+02;1.508820653e-01
4.908476868e+02;1.452793628e-01
4.910692749e+02;1.509088725e-01
4.912908325e+02;1.434832811e-01
4.915124207e+02;1.477724314e-01
4.917340088e+02;1.540989280e-01
4.919555969e+02;1.553588659e-01
4.921772156e+02;1.554392874e-01
4.923988342e+02;1.592727154e-01
4.926204834e+02;1.580663919e-01
4.928421326e+02;1.518203169e-01
4.930637817e+02;1.596748233e-01
4.932854309e+02;1.598356664e-01
4.935071106e+02;1.601841599e-01
4.937287903e+02;1.614440978e-01
4.939505005e+02;1.575570554e-01
4.941722107e+02;1.615781337e-01
4.943939209e+02;1.596748233e-01
4.946156616e+02;1.638299376e-01
4.948373718e+02;1.642320454e-01
4.950591431e+02;1.650630683e-01
4.952808838e+02;1.639907807e-01
4.955026550e+02;1.654115617e-01
4.957244263e+02;1.679582596e-01
4.959462280e+02;1.749817431e-01
4.961680298e+02;1.684407890e-01
4.963898315e+02;1.697007269e-01
4.966116638e+02;1.698079556e-01
4.968334961e+02;1.743115634e-01
4.970553284e+02;1.727835536e-01
4.972771606e+02;1.720329523e-01
4.974990234e+02;1.743919849e-01
4.977209167e+02;1.791904718e-01
4.979427795e+02;1.734001189e-01
4.981646729e+02;1.741239130e-01
4.983865662e+02;1.755178869e-01
4.986084900e+02;1.800214946e-01
4.988304138e+02;1.814154685e-01
4.990523376e+02;1.799410731e-01
4.992742920e+02;1.802091449e-01
4.994962463e+02;1.866696775e-01
4.997182007e+02;1.865088344e-01
4.999401855e+02;1.875543147e-01
5.001621704e+02;1.910928637e-01
5.003841553e+02;1.876615435e-01
5.006061707e+02;1.888946742e-01
5.008281860e+02;1.964006871e-01
5.010502014e+02;1.887070239e-01
5.012722473e+02;1.914681643e-01
5.014942932e+02;1.909320205e-01
5.017163391e+02;1.928889453e-01
5.019384155e+02;1.928621382e-01
5.021604919e+02;1.951675564e-01
5.023825684e+02;1.997247785e-01
5.026046753e+02;1.997783929e-01
5.028267822e+02;1.976070106e-01
5.030488892e+02;1.982235759e-01
5.032710266e+02;1.983844191e-01
5.034931641e+02;2.000732720e-01
5.037153015e+02;2.020301968e-01
5.039374695e+02;2.056759745e-01
5.041596375e+02;2.039871216e-01
5.043818054e+02;2.056223601e-01
5.046040039e+02;2.091072947e-01
5.048262024e+02;2.073916346e-01
5.050484314e+02;2.068554908e-01
5.052706299e+02;2.069627196e-01
5.054928589e+02;2.113322914e-01
5.057151184e+02;2.069627196e-01
5.059373779e+02;2.112786770e-01
5.061596375e+02;2.072307914e-01
5.063818970e+02;2.106353045e-01
5.066041870e+02;2.153533697e-01
5.068264771e+02;2.131283730e-01
5.070487671e+02;2.177124023e-01
5.072710876e+02;2.121365070e-01
5.074934082e+02;2.148440331e-01
5.077157593e+02;2.205003500e-01
5.079380798e+02;2.170690298e-01
5.081604614e+02;2.111446410e-01
5.083828125e+02;2.171226442e-01
5.086051941e+02;2.217870951e-01
5.088275757e+02;2.226181179e-01
5.090499573e+02;2.231006473e-01
5.092723694e+02;2.285961360e-01
5.094947815e+02;2.239048630e-01
5.097172241e+02;2.267464399e-01
5.099396667e+02;2.309551686e-01
5.101621094e+02;2.280331850e-01
5.103845520e+02;2.310892045e-01
5.106070251e+02;2.301509529e-01
5.108294983e+02;2.298024595e-01
5.110520020e+02;2.302313745e-01
5.112745056e+02;2.279259562e-01
5.114970093e+02;2.294003516e-01
5.117195129e+02;2.315985411e-01
5.119420471e+02;2.407934070e-01
5.121646118e+02;2.367187142e-01
5.123871460e+02;2.371208221e-01
5.126096802e+02;2.393190116e-01
5.128322754e+02;2.413563579e-01
5.130548706e+02;2.384611815e-01
5.132774658e+02;2.473075539e-01
5.135000610e+02;2.408470213e-01
5.137226562e+02;2.451629788e-01
5.139452515e+02;2.487819493e-01
5.141679077e+02;2.477096617e-01
5.143905640e+02;2.521596551e-01
5.146132202e+02;2.535804212e-01
5.148358765e+02;2.540361583e-01
5.150585327e+02;2.525081336e-01
5.152812500e+02;2.513822317e-01
5.155039062e+02;2.583253086e-01
5.157266235e+02;2.549476027e-01
5.159493408e+02;2.567973137e-01
5.161720581e+02;2.577623725e-01
5.163947754e+02;2.575479150e-01
5.166175537e+02;2.636063397e-01
5.168402710e+02;2.555909753e-01
5.170630493e+02;2.620783150e-01
5.172858276e+02;2.702545226e-01
5.175086060e+02;2.644105554e-01
5.177314453e+02;2.646786273e-01
5.179542236e+02;2.644641697e-01
5.181770630e+02;2.632042170e-01
5.183999023e+02;2.692090273e-01
5.186227417e+02;2.692090273e-01
5.188455811e+02;2.711659670e-01
5.190684204e+02;2.758035958e-01
5.192912598e+02;2.747313082e-01
5.195141602e+02;2.767150402e-01
5.197370605e+02;2.785379291e-01
5.199599609e+02;2.768490911e-01
5.201828613e+02;2.818888426e-01
5.204057617e+02;2.830147445e-01
5.206287231e+02;2.841138244e-01
5.208516235e+02;2.858294845e-01
5.210745850e+02;2.817011774e-01
5.212975464e+02;2.822641432e-01
5.215205078e+02;2.879472673e-01
5.217435303e+02;2.851057053e-01
5.219664917e+02;2.848376334e-01
5.221895142e+02;2.872770727e-01
5.224125366e+02;2.932550907e-01
5.226355591e+02;2.921559811e-01
5.228585815e+02;2.944613993e-01
5.230816040e+02;2.993403077e-01
5.233046875e+02;2.982948422e-01
5.235277100e+02;2.952120006e-01
5.237507935e+02;2.943541706e-01
5.239738770e+02;3.000105023e-01
5.241969604e+02;3.028520644e-01
5.244201050e+02;3.018065691e-01
5.246431885e+02;3.054523468e-01
5.248663330e+02;3.055595756e-01
5.250894775e+02;3.055059612e-01
5.253126221e+02;3.085619807e-01
5.255357666e+02;3.099023402e-01
5.257589111e+02;3.093930185e-01
5.259821167e+02;3.076237440e-01
5.262053223e+02;3.107065558e-01
5.264285278e+02;3.095806539e-01
5.266517334e+02;3.157463372e-01
5.268749390e+02;3.138430119e-01
5.270981445e+02;3.140306771e-01
5.273214111e+02;3.184270561e-01
5.275446167e+02;3.196869791e-01
5.277678833e+02;3.168722391e-01
5.279911499e+02;3.193385005e-01
5.282144165e+02;3.227162063e-01
5.284377441e+02;3.189095855e-01
5.286610107e+02;3.295252323e-01
5.288843384e+02;3.255309463e-01
5.291076660e+02;3.298469186e-01
5.293309937e+02;3.290427029e-01
5.295543213e+02;3.324472010e-01
5.297777100e+02;3.293643892e-01
5.300010376e+02;3.287478089e-01
5.302244263e+02;3.325276375e-01
5.304478149e+02;3.339752257e-01
5.306712036e+02;3.380230963e-01
5.308945923e+02;3.385860622e-01
5.311179810e+02;3.320451081e-01
5.313414307e+02;3.452342451e-01
5.315648804e+02;3.447785079e-01
5.317883301e+02;3.450197875e-01
5.320117798e+02;3.426607549e-01
5.322352295e+02;3.440011144e-01
5.324586792e+02;3.484242857e-01
5.326821899e+02;3.474592268e-01
5.329057007e+02;3.465746045e-01
5.331291504e+02;3.448589444e-01
5.333527222e+02;3.470303118e-01
5.335762329e+02;3.547776043e-01
5.337997437e+02;3.493089378e-01
5.340233154e+02;3.526062071e-01
5.342468262e+02;3.518556058e-01
5.344703979e+02;3.501667678e-01
5.346939697e+02;3.549652398e-01
5.349176025e+02;3.543486893e-01
5.351411743e+02;3.615866303e-01
5.353648071e+02;3.615598083e-01
5.355883789e+02;3.551529050e-01
5.358120117e+02;3.603534997e-01
5.360356445e+02;3.607288003e-01
5.362593384e+02;3.641065061e-01
5.364829712e+02;3.650179505e-01
5.367066650e+02;3.663583100e-01
5.369302979e+02;3.646426499e-01
5.371539917e+02;3.655808866e-01
5.373776855e+02;3.706474602e-01
5.376014404e+02;3.668944538e-01
5.378251343e+02;3.662510812e-01
5.380488892e+02;3.681543767e-01
5.382726440e+02;3.730601072e-01
5.384963379e+02;3.690658510e-01
5.387201538e+02;3.730333149e-01
5.389439087e+02;3.698164523e-01
5.391676636e+02;3.776441514e-01
5.393914795e+02;3.767058849e-01
5.396152954e+02;3.742128313e-01
5.398391113e+02;3.816920221e-01
5.400629272e+02;3.758212626e-01
5.402867432e+02;3.868122101e-01
5.405105591e+02;3.863832951e-01
5.407344360e+02;3.857399225e-01
5.409583130e+02;3.829787672e-01
5.411821899e+02;3.820673227e-01
5.414060669e+02;3.844799697e-01
5.416299438e+02;3.874019682e-01
5.418538818e+02;3.948811591e-01
5.420777588e+02;3.956317604e-01
5.423016968e+02;3.928438127e-01
5.425256348e+02;3.923344910e-01
5.427495728e+02;3.981516361e-01
5.429735107e+02;3.995456100e-01
5.431975098e+02;4.013148844e-01
5.434214478e+02;4.039151967e-01
5.436454468e+02;4.050678909e-01
5.438694458e+02;4.004838765e-01
5.440934448e+02;4.001353681e-01
5.443174438e+02;4.054431915e-01
5.445415039e+02;3.998405039e-01
5.447655640e+02;4.145308435e-01
5.449895630e+02;4.069176018e-01
5.452136230e+02;4.095178843e-01
5.454376831e+02;4.120913744e-01
5.456618042e+02;4.135925770e-01
5.458858643e+02;4.138606489e-01
5.461099854e+02;4.186591506e-01
5.463341064e+02;4.084992111e-01
5.465582275e+02;4.116088450e-01
5.467823486e+02;4.146112502e-01
5.470064697e+02;4.119573534e-01
5.472306519e+02;4.057112634e-01
5.474547729e+02;4.176940918e-01
5.476789551e+02;4.157907665e-01
5.479031372e+02;4.189004004e-01
5.481273193e+02;4.158443809e-01
5.483515015e+02;4.236989021e-01
5.485757446e+02;4.225461781e-01
5.487999878e+02;4.262723923e-01
5.490241699e+02;4.246639609e-01
5.492484131e+02;4.341000915e-01
5.494726562e+02;4.333763123e-01
5.496969604e+02;4.335907698e-01
5.499212036e+02;4.343949854e-01
5.501455078e+02;4.314461946e-01
5.503698120e+02;4.371561110e-01
5.505941162e+02;4.387645423e-01
5.508184204e+02;4.393811226e-01
5.510427246e+02;4.356549084e-01
5.512670898e+02;4.396223724e-01
5.514913940e+02;4.501844049e-01
5.517157593e+02;4.424371421e-01
5.519401245e+02;4.509082139e-01
5.521644897e+02;4.461633265e-01
5.523889160e+02;4.531064034e-01
5.526132812e+02;4.493533969e-01
5.528377075e+02;4.534012675e-01
5.530621338e+02;4.503184557e-01
5.532865601e+02;4.507473707e-01
5.535109863e+02;4.528919458e-01
5.537354126e+02;4.637488425e-01
5.539598999e+02;4.596473575e-01
5.541843262e+02;4.590039849e-01
5.544088135e+02;4.583874047e-01
5.546333008e+02;4.622208476e-01
5.548577881e+02;4.594865143e-01
5.550823364e+02;4.678235352e-01
5.553068237e+02;4.634271562e-01
5.555313721e+02;4.631859064e-01
5.557559204e+02;4.663223326e-01
5.559804688e+02;4.705310762e-01
5.562050171e+02;4.711744487e-01
5.564295654e+02;4.700753391e-01
5.566541748e+02;4.677967429e-01
5.568787231e+02;4.680379927e-01
5.571033325e+02;4.681988358e-01
5.573279419e+02;4.727560580e-01
5.575525513e+02;4.749274552e-01
5.577772217e+02;4.740964174e-01
5.580018311e+02;4.781174958e-01
5.582265015e+02;4.793774486e-01
5.584511719e+02;4.783587754e-01
5.586758423e+02;4.869370759e-01
5.589005127e+02;4.806373715e-01
5.591251831e+02;4.893765450e-01
5.593499146e+02;4.903683960e-01
5.595745850e+02;4.924593568e-01
5.597993164e+02;4.954617620e-01
5.600240479e+02;4.968289435e-01
5.602488403e+02;4.986786246e-01
5.604735718e+02;4.970165789e-01
5.606983032e+02;4.964804351e-01
5.609230957e+02;5.020295382e-01
5.611478882e+02;4.955153763e-01
5.613726807e+02;5.020563602e-01
5.615974731e+02;5.006891489e-01
5.618223267e+02;5.110099316e-01
5.620471191e+02;5.037720203e-01
5.622719727e+02;5.046298504e-01
5.624968262e+02;5.163713694e-01
5.627216797e+02;5.136102438e-01
5.629465332e+02;5.131276846e-01
5.631713867e+02;5.129668713e-01
5.633963013e+02;5.097768307e-01
5.636211548e+02;5.188108087e-01
5.638460693e+02;5.172291994e-01
5.640709839e+02;5.233680606e-01
5.642958984e+02;5.159960985e-01
5.645208740e+02;5.194810033e-01
5.647457886e+02;5.226710439e-01
5.649707642e+02;5.265045166e-01
5.651957397e+02;5.317587256e-01
5.654207153e+02;5.332331061e-01
5.656456909e+02;5.305523872e-01
5.658707275e+02;5.397740602e-01
5.660957031e+02;5.423743725e-01
5.663207397e+02;5.396936536e-01
5.665457764e+02;5.454303622e-01
5.667708130e+02;5.461809635e-01
5.669958496e+02;5.538210273e-01
5.672208862e+02;5.531776547e-01
5.674459839e+02;5.478430390e-01
5.676710205e+02;5.506309867e-01
5.678961182e+02;5.583514571e-01
5.681212158e+02;5.534189343e-01
5.683463745e+02;5.578421354e-01
5.685714722e+02;5.595845580e-01
5.687966309e+02;5.611125827e-01
5.690217285e+02;5.647851825e-01
5.692468872e+02;5.593165159e-01
5.694720459e+02;5.585659146e-01
5.696972046e+02;5.652676821e-01
5.699224243e+02;5.663936138e-01
5.701475830e+02;5.693960190e-01
5.703728027e+02;5.678948164e-01
5.705980225e+02;5.760442019e-01
5.708232422e+02;5.822098255e-01
5.710484619e+02;5.744893551e-01
5.712736816e+02;5.775454044e-01
5.714989624e+02;5.663132071e-01
5.717242432e+02;5.771700740e-01
5.719495239e+02;5.848101377e-01
5.721748047e+02;5.832553506e-01
5.724000854e+02;5.864989758e-01
5.726253662e+02;5.837378502e-01
5.728507080e+02;5.815396905e-01
5.730760498e+02;5.800116658e-01
5.733013306e+02;5.782423615e-01
5.735266724e+02;5.899839401e-01
5.737520752e+02;5.968197584e-01
5.739774170e+02;5.929595232e-01
5.742028198e+02;5.925574303e-01
5.744281616e+02;5.937637687e-01
5.746535645e+02;5.981065035e-01
5.748789673e+02;6.053980589e-01
5.751043701e+02;6.086149216e-01
5.753298340e+02;6.069529057e-01
5.755552368e+02;6.040040851e-01
5.757807007e+02;6.046474576e-01
5.760061646e+02;6.102501750e-01
5.762316284e+02;6.043525934e-01
5.764570923e+02;6.058537960e-01
5.766826172e+02;6.111884117e-01
5.769080811e+02;6.130113006e-01
5.771336060e+02;6.211875081e-01
5.773591309e+02;6.161745787e-01
5.775846558e+02;6.181582808e-01
5.778101807e+02;6.289348006e-01
5.780357666e+02;6.211875081e-01
5.782612915e+02;6.253962517e-01
5.784868774e+02;6.210534573e-01
5.787124634e+02;6.258519888e-01
5.789380493e+02;6.226083040e-01
5.791636353e+02;6.223670244e-01
5.793892212e+02;6.331167221e-01
5.796148682e+02;6.277284622e-01
5.798405151e+02;6.300874949e-01
5.800661621e+02;6.401938200e-01
5.802918091e+02;6.327682137e-01
5.805174561e+02;6.399525404e-01
5.807431030e+02;6.331971288e-01
5.809688110e+02;6.450726986e-01
5.811944580e+02;6.408103704e-01
5.814201660e+02;6.448850632e-01
5.816458740e+02;6.419630647e-01
5.818716431e+02;6.430889964e-01
5.820973511e+02;6.440004110e-01
5.823231201e+02;6.459841728e-01
5.825488281e+02;6.515332460e-01
5.827745972e+02;6.520425677e-01
5.830003662e+02;6.417754292e-01
5.832261963e+02;6.495763063e-01
5.834519653e+02;6.474049687e-01
5.836777344e+02;6.537046432e-01
5.839035645e+02;6.454212070e-01
5.841293945e+02;6.512652040e-01
5.843552246e+02;6.541067362e-01
5.845810547e+02;6.548305154e-01
5.848069458e+02;6.563853621e-01
5.850327759e+02;6.577525139e-01
5.852586670e+02;6.624705791e-01
5.854845581e+02;6.618808508e-01
5.857104492e+02;6.674567461e-01
5.859363403e+02;6.622025371e-01
5.861622925e+02;6.605136991e-01
5.863881836e+02;6.569215059e-01
5.866141357e+02;6.669206023e-01
5.868400879e+02;6.676980257e-01
5.870660400e+02;6.598703265e-01
5.872919922e+02;6.685290337e-01
5.875180054e+02;6.555275321e-01
5.877439575e+02;6.658214927e-01
5.879699707e+02;6.634088755e-01
5.881959839e+02;6.716654897e-01
5.884219971e+02;6.681805253e-01
5.886480103e+02;6.786353588e-01
5.888740234e+02;6.707271934e-01
5.891000977e+02;6.793054938e-01
5.893261719e+02;6.779919863e-01
5.895522461e+02;6.778847575e-01
5.897783203e+02;6.797344089e-01
5.900043945e+02;6.776970625e-01
5.902304688e+02;6.731130481e-01
5.904566040e+02;6.756329536e-01
5.906827393e+02;6.861413717e-01
5.909088135e+02;6.855247617e-01
5.911350098e+02;6.838627458e-01
5.913611450e+02;6.889829040e-01
5.915872803e+02;6.990624070e-01
5.918134766e+02;6.953630447e-01
5.920396118e+02;6.843988895e-01
5.922658081e+02;6.873476505e-01
5.924920044e+02;7.009925246e-01
5.927182617e+02;7.045310736e-01
5.929444580e+02;7.013142109e-01
5.931707153e+02;7.016090751e-01
5.933969116e+02;7.022792697e-01
5.936231689e+02;7.006976604e-01
5.938494263e+02;6.929235458e-01
5.940757446e+02;7.001883388e-01
5.943020020e+02;7.045042515e-01
5.945282593e+02;7.024133205e-01
5.947545776e+02;6.966229677e-01
5.949808960e+02;6.853639483e-01
5.952072144e+02;6.950681210e-01
5.954335327e+02;6.962476373e-01
5.956599121e+02;6.978024840e-01
5.958862305e+02;7.049331665e-01
5.961126099e+02;6.962208748e-01
5.963389893e+02;7.072386146e-01
5.965653687e+02;7.049599886e-01
5.967917480e+02;7.080964446e-01
5.970181885e+02;7.046919465e-01
5.972445679e+02;7.118494511e-01
5.974710083e+02;7.108575702e-01
5.976974487e+02;7.051208615e-01
5.979238892e+02;7.165943384e-01
5.981503296e+02;7.158169150e-01
5.983768311e+02;7.244488597e-01
5.986032715e+02;7.220361829e-01
5.988297729e+02;7.249581814e-01
5.990562744e+02;7.278801799e-01
5.992827759e+02;7.269418836e-01
5.995092773e+02;7.316063643e-01
5.997357788e+02;7.329466939e-01
5.999623413e+02;7.306144834e-01
6.001889038e+02;7.321693301e-01
6.004154663e+02;7.342870831e-01
6.006420288e+02;7.386566401e-01
6.008685913e+02;7.414982319e-01
6.010951538e+02;7.367801666e-01
6.013217773e+02;7.416590452e-01
6.015484009e+02;7.356274128e-01
6.017749634e+02;7.361099720e-01
6.020015869e+02;7.364852428e-01
6.022282715e+02;7.423292398e-01
6.024548950e+02;7.476906776e-01
6.026815796e+02;7.460554242e-01
6.029082031e+02;7.440448999e-01
6.031348877e+02;7.504518032e-01
6.033615723e+02;7.569927573e-01
6.035883179e+02;7.526232004e-01
6.038150024e+02;7.559741139e-01
6.040416870e+02;7.557328343e-01
6.042684326e+02;7.686538696e-01
6.044951782e+02;7.494331598e-01
6.047219238e+02;7.472081184e-01
6.049486694e+02;7.579846382e-01
6.051754761e+02;7.603972554e-01
6.054022217e+02;7.521674633e-01
6.056290283e+02;7.594054341e-01
6.058558350e+02;7.531861663e-01
6.060826416e+02;7.566710711e-01
6.063094482e+02;7.655978799e-01
6.065363159e+02;7.565638423e-01
6.067631226e+02;7.661340237e-01
6.069899902e+02;7.637749910e-01
6.072168579e+02;7.741225958e-01
6.074437256e+02;7.671794891e-01
6.076705933e+02;7.714418769e-01
6.078974609e+02;7.684126496e-01
6.081243896e+02;7.674207687e-01
6.083513184e+02;7.770981789e-01
6.085781860e+02;7.692168355e-01
6.088051147e+02;7.837999463e-01
6.090321045e+02;7.718439698e-01
6.092590332e+02;7.732379436e-01
6.094860229e+02;7.796448469e-01
6.097129517e+02;7.824596167e-01
6.099399414e+02;7.817090154e-01
6.101669312e+02;7.798324823e-01
6.103939209e+02;7.861322165e-01
6.106209717e+02;7.871240377e-01
6.108479614e+02;7.949785590e-01
6.110750122e+02;7.968550920e-01
6.113020630e+02;7.978737354e-01
6.115291138e+02;7.915740609e-01
6.117561646e+02;7.958363891e-01
6.119832764e+02;7.968014479e-01
6.122103271e+02;7.936918139e-01
6.124374390e+02;7.960508466e-01
6.126645508e+02;7.994017601e-01
6.128916626e+02;8.048436046e-01
6.131187744e+02;8.128589392e-01
6.133458862e+02;8.023505211e-01
6.135730591e+02;8.053797483e-01
6.138002319e+02;8.049508333e-01
6.140273438e+02;8.126444817e-01
6.142545166e+02;8.130733967e-01
6.144817505e+02;8.021628857e-01
6.147089233e+02;8.184616566e-01
6.149361572e+02;8.121888041e-01
6.151633301e+02;8.150839806e-01
6.153905640e+02;8.088914752e-01
6.156177979e+02;8.087038398e-01
6.158450317e+02;8.132074475e-01
6.160723267e+02;8.109288216e-01
6.162995605e+02;8.175502419e-01
6.165268555e+02;8.161026239e-01
6.167541504e+02;8.139312267e-01
6.169814453e+02;8.122960329e-01
6.172087402e+02;8.122692108e-01
6.174360352e+02;8.211423755e-01
6.176633911e+02;8.297474980e-01
6.178907471e+02;8.342779279e-01
6.181180420e+02;8.377360702e-01
6.183453979e+02;8.329107761e-01
6.185728149e+02;8.418107629e-01
6.188001709e+02;8.294258118e-01
6.190275879e+02;8.432583213e-01
6.192549438e+02;8.285411596e-01
6.194823608e+02;8.388887644e-01
6.197097778e+02;8.341975212e-01
6.199371948e+02;8.311146498e-01
6.201646729e+02;8.277101517e-01
6.203920898e+02;8.263429999e-01
6.206195679e+02;8.288628459e-01
6.208470459e+02;8.288628459e-01
6.210745239e+02;8.343047500e-01
6.213020020e+02;8.263965845e-01
6.215294800e+02;8.339294195e-01
6.217570190e+02;8.286752105e-01
6.219844971e+02;8.304712772e-01
6.222120361e+02;8.322941661e-01
6.224395752e+02;8.385939002e-01
6.226671143e+02;8.349748850e-01
6.228947144e+02;8.398270011e-01
6.231222534e+02;8.367441893e-01
6.233498535e+02;8.367977738e-01
6.235774536e+02;8.360204101e-01
6.238050537e+02;8.295866847e-01
6.240326538e+02;8.353770375e-01
6.242602539e+02;8.385670781e-01
6.244879150e+02;8.395053148e-01
6.247155762e+02;8.429366350e-01
6.249431763e+02;8.388083577e-01
6.251708374e+02;8.347068429e-01
6.253985596e+02;8.375751972e-01
6.256262207e+02;8.376556039e-01
6.258538818e+02;8.366905451e-01
6.260816040e+02;8.407920599e-01
6.263093262e+02;8.445987105e-01
6.265370483e+02;8.488073945e-01
6.267647705e+02;8.437408805e-01
6.269924927e+02;8.419983983e-01
6.272202759e+02;8.403095603e-01
6.274480591e+02;8.522387147e-01
6.276757812e+02;8.421592116e-01
6.279035645e+02;8.581899405e-01
6.281314087e+02;8.536595106e-01
6.283591919e+02;8.493703604e-01
6.285869751e+02;8.442770243e-01
6.288148193e+02;8.632565141e-01
6.290426636e+02;8.543832898e-01
6.292705078e+02;8.562866449e-01
6.294983521e+02;8.565011024e-01
6.297261963e+02;8.545709848e-01
6.299541016e+02;8.716203570e-01
6.301819458e+02;8.639266491e-01
6.304098511e+02;8.707088828e-01
6.306377563e+02;8.640875220e-01
6.308656616e+02;8.671167493e-01
6.310936279e+02;8.699314594e-01
6.313215332e+02;8.600396514e-01
6.315494995e+02;8.600932360e-01
6.317774658e+02;8.621574044e-01
6.320054321e+02;8.738721609e-01
6.322333984e+02;8.569567800e-01
6.324613647e+02;8.680549860e-01
6.326893921e+02;8.679209352e-01
6.329173584e+02;8.757218122e-01
6.331453857e+02;8.704944253e-01
6.333734131e+02;8.620233536e-01
6.336014404e+02;8.677601218e-01
6.338294678e+02;8.755878210e-01
6.340575562e+02;8.734164238e-01
6.342855835e+02;8.797160983e-01
6.345136719e+02;8.783221245e-01
6.347417603e+02;8.805739284e-01
6.349698486e+02;8.718883991e-01
6.351979980e+02;8.754537702e-01
6.354260864e+02;8.798233271e-01
6.356542358e+02;8.799305558e-01
6.358823853e+02;8.716739416e-01
6.361105347e+02;8.700386882e-01
6.363386841e+02;8.741402030e-01
6.365668335e+02;8.740329742e-01
6.367949829e+02;8.788850904e-01
6.370231934e+02;8.790995479e-01
6.372514038e+02;8.806275725e-01
6.374796143e+02;8.684570789e-01
6.377078247e+02;8.744350672e-01
6.379360352e+02;8.703603745e-01
6.381643066e+02;8.813513517e-01
6.383925171e+02;8.716203570e-01
6.386207886e+02;8.795016408e-01
6.388490601e+02;8.713254333e-01
6.390773315e+02;8.788582683e-01
6.393056030e+02;8.771157861e-01
6.395339355e+02;8.839784265e-01
6.397622070e+02;8.848899007e-01
6.399905396e+02;8.829731941e-01
6.402188721e+02;8.802708983e-01
6.404472046e+02;8.880456686e-01
6.406755371e+02;8.874517679e-01
6.409039307e+02;8.869750500e-01
6.411323242e+02;8.748371601e-01
6.413606567e+02;8.844289780e-01
6.415890503e+02;8.852319121e-01
6.418174438e+02;8.815256953e-01
6.420458984e+02;8.891437650e-01
6.422742920e+02;9.001296759e-01
6.425027466e+02;9.009516835e-01
6.427311401e+02;9.030190110e-01
6.429595947e+02;8.928602338e-01
6.431880493e+02;8.865303993e-01
6.434165649e+02;8.775365353e-01
6.436450195e+02;8.774890900e-01
6.438735352e+02;8.878387213e-01
6.441019897e+02;8.853290677e-01
6.443305054e+02;8.723013997e-01
6.445590210e+02;8.577941656e-01
6.447875977e+02;8.607596159e-01
6.450161133e+02;8.620633483e-01
6.452446899e+02;8.549045324e-01
6.454732056e+02;8.590080738e-01
6.457017822e+02;8.402441144e-01
6.459303589e+02;8.610016704e-01
6.461589966e+02;8.496717811e-01
6.463875732e+02;8.464009166e-01
6.466162109e+02;8.727540970e-01
6.468447876e+02;8.711377978e-01
6.470734253e+02;8.531212807e-01
6.473020630e+02;8.796207905e-01
6.475307617e+02;8.905155659e-01
6.477593994e+02;8.816488385e-01
6.479880981e+02;8.923202753e-01
6.482167358e+02;8.816818595e-01
6.484454346e+02;8.902024627e-01
6.486741333e+02;8.630883098e-01
6.489028320e+02;8.812328577e-01
6.491315918e+02;8.761581779e-01
6.493602905e+02;8.808787465e-01
6.495890503e+02;8.895811439e-01
6.498178101e+02;8.814317584e-01
6.500465698e+02;8.855332732e-01
6.502753296e+02;8.834691048e-01
6.505041504e+02;8.758022785e-01
6.507329102e+02;8.844341636e-01
6.509617310e+02;8.708161116e-01
6.511905518e+02;8.711109757e-01
6.514193726e+02;8.723441362e-01
6.516481934e+02;8.628811836e-01
6.518770142e+02;8.733896017e-01
6.521058960e+02;8.666610122e-01
6.523347778e+02;8.666073680e-01
6.525636597e+02;8.615676165e-01
6.527925415e+02;8.636854291e-01
6.530214233e+02;8.607902527e-01
6.532503052e+02;8.619965315e-01
6.534792480e+02;8.540884256e-01
6.537081299e+02;8.565011024e-01
6.539370728e+02;8.547854424e-01
6.541660156e+02;8.489146233e-01
6.543949585e+02;8.523459435e-01
6.546239624e+02;8.513808846e-01
6.548529053e+02;8.526408672e-01
6.550819092e+02;8.545709848e-01
6.553109131e+02;8.476547003e-01
6.555399170e+02;8.496920466e-01
6.557689209e+02;8.534182310e-01
6.559979248e+02;8.560185432e-01
6.562269897e+02;8.548926711e-01
6.564560547e+02;8.698510528e-01
6.566851196e+02;8.579218388e-01
6.569141846e+02;8.529625535e-01
6.571432495e+02;8.549462557e-01
6.573723145e+02;8.547317982e-01
6.576014404e+02;8.567691445e-01
6.578305054e+02;8.596107364e-01
6.580596313e+02;8.621842265e-01
6.582887573e+02;8.574661613e-01
6.585178833e+02;8.614603877e-01
6.587470703e+02;8.585116267e-01
6.589761963e+02;8.467700481e-01
6.592053833e+02;8.432314992e-01
6.594345703e+02;8.505498767e-01
6.596637573e+02;8.479763865e-01
6.598929443e+02;8.414890766e-01
6.601221313e+02;8.399342299e-01
6.603513794e+02;8.358327150e-01
6.605805664e+02;8.325890899e-01
6.608098145e+02;8.346531987e-01
6.610390625e+02;8.378968835e-01
6.612683105e+02;8.439821005e-01
6.614975586e+02;8.451616168e-01
6.617268677e+02;8.380041122e-01
6.619561768e+02;8.333664536e-01
6.621854248e+02;8.420252204e-01
6.624147339e+02;8.426685929e-01
6.626441040e+02;8.506035209e-01
6.628734131e+02;8.498796821e-01
6.631027222e+02;8.467700481e-01
6.633320923e+02;8.533646464e-01
6.635614624e+02;8.446254730e-01
6.637908325e+02;8.408188820e-01
6.640202026e+02;8.478423357e-01
6.642495728e+02;8.409261107e-01
6.644790039e+02;8.427758217e-01
6.647083740e+02;8.420252204e-01
6.649378052e+02;8.358595371e-01
6.651672363e+02;8.466092348e-01
6.653966675e+02;8.419447541e-01
6.656260986e+02;8.424004912e-01
6.658555908e+02;8.410601616e-01
6.660850220e+02;8.476815224e-01
6.663145142e+02;8.419447541e-01
6.665440063e+02;8.466092348e-01
6.667734985e+02;8.462071419e-01
6.670030518e+02;8.452420831e-01
6.672325439e+02;8.514345288e-01
6.674620972e+02;8.495312333e-01
6.676915894e+02;8.462071419e-01
6.679211426e+02;8.470649719e-01
6.681506958e+02;8.481908441e-01
6.683803101e+02;8.529357314e-01
6.686098633e+02;8.518366218e-01
6.688394775e+02;8.424541354e-01
6.690690308e+02;8.417035341e-01
6.692986450e+02;8.391836286e-01
6.695282593e+02;8.369586468e-01
6.697579346e+02;8.347604275e-01
6.699875488e+02;8.399074078e-01
6.702172241e+02;8.444378376e-01
6.704468384e+02;8.451348543e-01
6.706765137e+02;8.311682940e-01
6.709061890e+02;8.328035474e-01
6.711359253e+02;8.384598494e-01
6.713656006e+02;8.315435648e-01
6.715953369e+02;8.263161778e-01
6.718250122e+02;8.252707124e-01
6.720547485e+02;8.402023315e-01
6.722844849e+02;8.316507936e-01
6.725142822e+02;8.273884654e-01
6.727440186e+02;8.330447674e-01
6.729738159e+02;8.365297318e-01
6.732035522e+02;8.356987238e-01
6.734333496e+02;8.308466077e-01
6.736631470e+02;8.341438770e-01
6.738929443e+02;8.388887644e-01
6.741228027e+02;8.309001923e-01
6.743526001e+02;8.398270011e-01
6.745824585e+02;8.345459700e-01
6.748123169e+02;8.400146365e-01
6.750421753e+02;8.413818479e-01
6.752720337e+02;8.325890899e-01
6.755019531e+02;8.370390534e-01
6.757318115e+02;8.319724798e-01
6.759617310e+02;8.278977871e-01
6.761916504e+02;8.212227821e-01
6.764215698e+02;8.288628459e-01
6.766514893e+02;8.192390800e-01
6.768814087e+02;8.242788315e-01
6.771113892e+02;8.306857347e-01
6.773413696e+02;8.275492787e-01
6.775712891e+02;8.324550390e-01
6.778012695e+02;8.314363360e-01
6.780313110e+02;8.359399438e-01
6.782612915e+02;8.359131813e-01
6.784912720e+02;8.408457041e-01
6.787213135e+02;8.218661547e-01
6.789513550e+02;8.300155997e-01
6.791813965e+02;8.197484016e-01
6.794114380e+02;8.265574574e-01
6.796415405e+02;8.281927109e-01
6.798715820e+02;8.253779411e-01
6.801016846e+02;8.274152875e-01
6.803317871e+02;8.294794559e-01
6.805618896e+02;8.314363360e-01
6.807919922e+02;8.228848577e-01
6.810220947e+02;8.304445148e-01
6.812522583e+02;8.276833296e-01
6.814823608e+02;8.233405948e-01
6.817125244e+02;8.319188952e-01
6.819426880e+02;8.326963186e-01
6.821728516e+02;8.334469199e-01
6.824030151e+02;8.188369870e-01
6.826332397e+02;8.201504946e-01
6.828634644e+02;8.228580356e-01
6.830936279e+02;8.281927109e-01
6.833238525e+02;8.257263899e-01
6.835540771e+02;8.191050291e-01
6.837843628e+02;8.206330538e-01
6.840145874e+02;8.197752237e-01
6.842448730e+02;8.189978004e-01
6.844751587e+02;8.327767253e-01
6.847054443e+02;8.289164901e-01
6.849357300e+02;8.265842199e-01
6.851660156e+02;8.352965713e-01
6.853963623e+02;8.206598759e-01
6.856266479e+02;8.181936145e-01
6.858569946e+02;8.240643740e-01
6.860873413e+02;8.157809377e-01
6.863176880e+02;8.324013948e-01
6.865480347e+02;8.153788447e-01
6.867784424e+02;8.275492787e-01
6.870087891e+02;8.189709783e-01
6.872391968e+02;8.185957074e-01
6.874696045e+02;8.160490394e-01
6.877000122e+02;8.229116797e-01
6.879304199e+02;8.096688986e-01
6.881608887e+02;8.171480894e-01
6.883912964e+02;8.195071220e-01
6.886217651e+02;8.052456975e-01
6.888522339e+02;8.153788447e-01
6.890827026e+02;8.095616698e-01
6.893131714e+02;8.067737222e-01
6.895437012e+02;8.151107430e-01
6.897741699e+02;8.148962855e-01
6.900046997e+02;8.074975014e-01
6.902352295e+02;8.212227821e-01
6.904657593e+02;8.145478368e-01
6.906962891e+02;8.136363626e-01
6.909268799e+02;8.184884787e-01
6.911574097e+02;8.116794229e-01
6.913880005e+02;8.119475245e-01
6.916185913e+02;8.045219183e-01
6.918491821e+02;8.084089756e-01
6.920797729e+02;8.165315390e-01
6.923104248e+02;8.091863990e-01
6.925410156e+02;8.116794229e-01
6.927716675e+02;8.104999065e-01
6.930023193e+02;8.119743466e-01
6.932329712e+02;8.083553314e-01
6.934636230e+02;8.030207157e-01
6.936942749e+02;8.110628724e-01
6.939249878e+02;8.042806387e-01
6.941557007e+02;8.112505078e-01
6.943864136e+02;8.118671179e-01
6.946171265e+02;7.981685996e-01
6.948478394e+02;8.055673838e-01
6.950785522e+02;8.069881797e-01
6.953093262e+02;8.031815886e-01
6.955400391e+02;8.017876148e-01
6.957708130e+02;7.999110818e-01
6.960015869e+02;8.083553314e-01
6.962323608e+02;8.038785458e-01
6.964631958e+02;8.045219183e-01
6.966939697e+02;8.044683337e-01
6.969248047e+02;8.034496307e-01
6.971556396e+02;8.046291471e-01
6.973864746e+02;8.069881797e-01
6.976173096e+02;8.042002320e-01
6.978481445e+02;8.142529130e-01
6.980790405e+02;8.031011224e-01
6.983099365e+02;8.055406213e-01
6.985407715e+02;8.059695363e-01
6.987716675e+02;8.108484149e-01
6.990025635e+02;8.136363626e-01
6.992335205e+02;8.003131747e-01
6.994644165e+02;8.160222173e-01
6.996953735e+02;8.155664802e-01
6.999263306e+02;8.165583611e-01
7.001572876e+02;8.177646995e-01
7.003882446e+02;8.160222173e-01
7.006192017e+02;8.160222173e-01
7.008502197e+02;8.191586733e-01
7.010811768e+02;8.139580488e-01
7.013121948e+02;8.155396581e-01
7.015432129e+02;8.015195131e-01
7.017742310e+02;8.047900200e-01
7.020052490e+02;8.077387810e-01
7.022363281e+02;8.120547533e-01
7.024674072e+02;8.047095537e-01
7.026984253e+02;8.117062449e-01
7.029295044e+02;8.019216061e-01
7.031605835e+02;8.061839938e-01
7.033917236e+02;7.961580753e-01
7.036228027e+02;7.982222438e-01
7.038539429e+02;7.995893955e-01
7.040850220e+02;7.945764661e-01
7.043161621e+02;8.067469001e-01
7.045473022e+02;8.005544543e-01
7.047785034e+02;8.028062582e-01
7.050096436e+02;8.126981258e-01
7.052408447e+02;8.012782335e-01
7.054719849e+02;8.076047301e-01
7.057031860e+02;7.986243367e-01
7.059343872e+02;8.010101914e-01
7.061656494e+02;7.972571850e-01
7.063968506e+02;8.008761406e-01
7.066281128e+02;8.016535640e-01
7.068593140e+02;8.019752502e-01
7.070905762e+02;7.944424152e-01
7.073218384e+02;8.062644005e-01
7.075531616e+02;8.006080985e-01
7.077844238e+02;7.984098792e-01
7.080157471e+02;7.979809642e-01
7.082470093e+02;8.020288348e-01
7.084783325e+02;8.084625602e-01
7.087096558e+02;8.085430264e-01
7.089409790e+02;8.031279445e-01
7.091723633e+02;8.078728318e-01
7.094036865e+02;8.056210279e-01
7.096350708e+02;8.213568330e-01
7.098664551e+02;8.151107430e-01
7.100978394e+02;8.163707256e-01
7.103292236e+02;8.180059195e-01
7.105606689e+02;8.085162044e-01
7.107920532e+02;8.220270276e-01
7.110234985e+02;8.165583611e-01
7.112549438e+02;8.092399836e-01
7.114863892e+02;8.072562814e-01
7.117178345e+02;7.991068959e-01
7.119492798e+02;8.095348477e-01
7.121807861e+02;8.093740344e-01
7.124122314e+02;8.107143641e-01
7.126437378e+02;8.035568595e-01
7.128752441e+02;8.051652908e-01
7.131067505e+02;8.044415116e-01
7.133383179e+02;8.076047301e-01
7.135698242e+02;7.992408872e-01
7.138013916e+02;8.026990294e-01
7.140329590e+02;7.984098792e-01
7.142645264e+02;8.069613576e-01
7.144960938e+02;7.962921262e-01
7.147276611e+02;8.025382161e-01
7.149592896e+02;7.942279577e-01
7.151908569e+02;7.968550920e-01
7.154224854e+02;7.935845852e-01
7.156541138e+02;8.005276322e-01
7.158857422e+02;7.930484414e-01
7.161173706e+02;7.890005708e-01
7.163490601e+02;7.809315920e-01
7.165806885e+02;7.902873158e-01
7.168123779e+02;7.868023515e-01
7.170440674e+02;7.753288746e-01
7.172757568e+02;7.816821933e-01
7.175075073e+02;7.796180248e-01
7.177391968e+02;7.782240510e-01
7.179709473e+02;7.807439566e-01
7.182026367e+02;7.792427540e-01
7.184343872e+02;7.878478765e-01
7.186661377e+02;7.831565738e-01
7.188979492e+02;7.805830836e-01
7.191296997e+02;7.833710313e-01
7.193615112e+02;7.743102312e-01
7.195933228e+02;7.807171345e-01
7.198250732e+02;7.750876546e-01
7.200569458e+02;7.705304027e-01
7.202887573e+02;7.850599289e-01
7.205205688e+02;7.776343226e-01
7.207524414e+02;7.834782600e-01
7.209842529e+02;7.717903256e-01
7.212161255e+02;7.803150415e-01
7.214479980e+02;7.738813162e-01
7.216799316e+02;7.678765059e-01
7.219118042e+02;7.717903256e-01
7.221437378e+02;7.772054076e-01
7.223756104e+02;7.814141512e-01
7.226075439e+02;7.740957737e-01
7.228394775e+02;7.686806917e-01
7.230714111e+02;7.660803795e-01
7.233034058e+02;7.556256056e-01
7.235353394e+02;7.553307414e-01
7.237673340e+02;7.471813560e-01
7.239993286e+02;7.586280107e-01
7.242313232e+02;7.588156462e-01
7.244633179e+02;7.481731772e-01
7.246953735e+02;7.411765456e-01
7.249273682e+02;7.471008897e-01
7.251594238e+02;7.343674898e-01
7.253914795e+02;7.425705194e-01
7.256235352e+02;7.376111746e-01
7.258555908e+02;7.456265092e-01
7.260876465e+02;7.357614636e-01
7.263197632e+02;7.388442755e-01
7.265518188e+02;7.335096598e-01
7.267839355e+02;7.434015274e-01
7.270160522e+02;7.356542349e-01
7.272481689e+02;7.467256188e-01
7.274803467e+02;7.408548594e-01
7.277124634e+02;7.305608988e-01
7.279446411e+02;7.357882857e-01
7.281768188e+02;7.402918935e-01
7.284089355e+02;7.344478965e-01
7.286411743e+02;7.372358441e-01
7.288733521e+02;7.402382493e-01
7.291055298e+02;7.365657091e-01
7.293377686e+02;7.375039458e-01
7.295700073e+02;7.360563278e-01
7.298022461e+02;7.332416177e-01
7.300344849e+02;7.358418703e-01
7.302667236e+02;7.306681275e-01
7.304990234e+02;7.385494113e-01
7.307312622e+02;7.406939864e-01
7.309635620e+02;7.349304557e-01
7.311958618e+02;7.283895016e-01
7.314281616e+02;7.427313328e-01
7.316604614e+02;7.267542481e-01
7.318928223e+02;7.365120649e-01
7.321251221e+02;7.400237918e-01
7.323574829e+02;7.326518297e-01
7.325898438e+02;7.337241173e-01
7.328222046e+02;7.345551252e-01
7.330545654e+02;7.306681275e-01
7.332869873e+02;7.279605865e-01
7.335193481e+02;7.280678153e-01
7.337517700e+02;7.284699082e-01
7.339841919e+02;7.230280638e-01
7.342166138e+02;7.197039723e-01
7.344490356e+02;7.203741670e-01
7.346815186e+02;7.182563543e-01
7.349139404e+02;7.099461555e-01
7.351464233e+02;7.210979462e-01
7.353789062e+02;7.117958069e-01
7.356113892e+02;7.125196457e-01
7.358438721e+02;7.104822993e-01
7.360763550e+02;7.179614902e-01
7.363088989e+02;7.075334787e-01
7.365414429e+02;7.063807845e-01
7.367739258e+02;7.096244693e-01
7.370065308e+02;7.119835019e-01
7.372390747e+02;7.026813626e-01
7.374716187e+02;7.006976604e-01
7.377042236e+02;7.099729180e-01
7.379367676e+02;7.076138854e-01
7.381693726e+02;7.056570053e-01
7.384019775e+02;7.104018331e-01
7.386345825e+02;7.109916210e-01
7.388672485e+02;7.054961324e-01
7.390998535e+02;7.015554905e-01
7.393325195e+02;7.009657025e-01
7.395651855e+02;7.004295588e-01
7.397978516e+02;7.070777416e-01
7.400305176e+02;7.113133073e-01
7.402631836e+02;7.108307481e-01
7.404959106e+02;7.041558027e-01
7.407285767e+02;6.997057796e-01
7.409613037e+02;6.933792830e-01
7.411940308e+02;6.988747716e-01
7.414267578e+02;6.868115067e-01
7.416594849e+02;6.952825785e-01
7.418922729e+02;6.952289939e-01
7.421250000e+02;6.911811233e-01
7.423577881e+02;6.921997666e-01
7.425905762e+02;6.845061183e-01
7.428233643e+02;6.895458698e-01
7.430562134e+02;6.883395314e-01
7.432890015e+02;6.811016202e-01
7.435218506e+02;6.824687719e-01
7.437546387e+02;6.798416376e-01
7.439874878e+02;6.742121577e-01
7.442203369e+02;6.724964976e-01
7.444532471e+02;6.825760007e-01
7.446860962e+02;6.761422753e-01
7.449190063e+02;6.676712036e-01
7.451518555e+02;6.693868637e-01
7.453847656e+02;6.731130481e-01
7.456176758e+02;6.730326414e-01
7.458506470e+02;6.669206023e-01
7.460835571e+02;6.655266285e-01
7.463164673e+02;6.675103307e-01
7.465494385e+02;6.652317643e-01
7.467824097e+02;6.618004441e-01
7.470153809e+02;6.665452719e-01
7.472483521e+02;6.681805253e-01
7.474813843e+02;6.628994942e-01
7.477143555e+02;6.628994942e-01
7.479473877e+02;6.477266550e-01
7.481804199e+02;6.515064240e-01
7.484134521e+02;6.561977267e-01
7.486464844e+02;6.404618621e-01
7.488795166e+02;6.489865780e-01
7.491126099e+02;6.512115598e-01
7.493457031e+02;6.421775222e-01
7.495787354e+02;6.497103572e-01
7.498118286e+02;6.463326812e-01
7.500449829e+02;6.463594437e-01
7.502780762e+02;6.438931823e-01
7.505111694e+02;6.496835351e-01
7.507443237e+02;6.518281102e-01
7.509774780e+02;6.444293261e-01
7.512106323e+02;6.426869035e-01
7.514437866e+02;6.377543807e-01
7.516769409e+02;6.350468397e-01
7.519101562e+02;6.357974410e-01
7.521433105e+02;6.309185028e-01
7.523765259e+02;6.300606728e-01
7.526097412e+02;6.260128021e-01
7.528429565e+02;6.206513643e-01
7.530762329e+02;6.279965639e-01
7.533094482e+02;6.236269474e-01
7.535427246e+02;6.225546598e-01
7.537759399e+02;6.171128154e-01
7.540092163e+02;6.209730506e-01
7.542425537e+02;6.103038192e-01
7.544758301e+02;6.136010885e-01
7.547091064e+02;6.121534705e-01
7.549424438e+02;6.181851029e-01
7.551757812e+02;6.129845381e-01
7.554090576e+02;6.118854284e-01
7.556424561e+02;6.149414182e-01
7.558757935e+02;6.170324087e-01
7.561091309e+02;6.219381094e-01
7.563425293e+02;6.326878071e-01
7.565759277e+02;6.159601212e-01
7.568092651e+02;6.203296781e-01
7.570426636e+02;6.158528924e-01
7.572761230e+02;6.081860065e-01
7.575095215e+02;6.099016666e-01
7.577429810e+02;6.186140180e-01
7.579763794e+02;6.188016534e-01
7.582098389e+02;6.151826978e-01
7.584432983e+02;6.092582941e-01
7.586767578e+02;6.182387471e-01
7.589102783e+02;6.125556231e-01
7.591437378e+02;6.144052744e-01
7.593772583e+02;6.077839136e-01
7.596107788e+02;6.105718613e-01
7.598442993e+02;5.972218513e-01
7.600778198e+02;6.017522812e-01
7.603113403e+02;5.966857076e-01
7.605449219e+02;6.041381359e-01
7.607785034e+02;5.996613503e-01
7.610120239e+02;5.996613503e-01
7.612456055e+02;5.874908566e-01
7.614792480e+02;6.026637554e-01
7.617128296e+02;5.914851427e-01
7.619464111e+02;5.991520286e-01
7.621800537e+02;5.886167884e-01
7.624136963e+02;6.004655361e-01
7.626473389e+02;5.941926837e-01
7.628809814e+02;5.997417569e-01
7.631146240e+02;5.999562144e-01
7.633483276e+02;5.929863453e-01
7.635819702e+02;5.966321230e-01
7.638156738e+02;5.957474709e-01
7.640493774e+02;5.920212865e-01
7.642830811e+02;5.981601477e-01
7.645167847e+02;5.883486867e-01
7.647505493e+02;5.842739940e-01
7.649842529e+02;5.796363354e-01
7.652180176e+02;5.880806446e-01
7.654517822e+02;5.850782394e-01
7.656855469e+02;5.824242830e-01
7.659193726e+02;5.862845182e-01
7.661531372e+02;5.869278908e-01
7.663869019e+02;5.809767246e-01
7.666207275e+02;5.915923715e-01
7.668545532e+02;5.707631707e-01
7.670883789e+02;5.799312592e-01
7.673222046e+02;5.791270137e-01
7.675560913e+02;5.798776150e-01
7.677899170e+02;5.840327144e-01
7.680238037e+02;5.777866840e-01
7.682576904e+02;5.823438764e-01
7.684915771e+02;5.778670907e-01
7.687254639e+02;5.672514439e-01
7.689594116e+02;5.702806711e-01
7.691932983e+02;5.693691969e-01
7.694272461e+02;5.733634830e-01
7.696611938e+02;5.622116923e-01
7.698951416e+02;5.661791563e-01
7.701290894e+02;5.646779537e-01
7.703630371e+02;5.648924112e-01
7.705970459e+02;5.625869632e-01
7.708309937e+02;5.576276779e-01
7.710650024e+02;5.545716286e-01
7.712990112e+02;5.610053539e-01
7.715330200e+02;5.510867238e-01
7.717670898e+02;5.568502545e-01
7.720010986e+02;5.483255386e-01
7.722351685e+02;5.598526597e-01
7.724692383e+02;5.461005569e-01
7.727033081e+02;5.560460091e-01
7.729373779e+02;5.530704260e-01
7.731714478e+02;5.498267412e-01
7.734055176e+02;5.511403084e-01
7.736396484e+02;5.469048023e-01
7.738737793e+02;5.400421023e-01
7.741079102e+02;5.456448197e-01
7.743420410e+02;5.456448197e-01
7.745761719e+02;5.487544537e-01
7.748103638e+02;5.397740602e-01
7.750444946e+02;5.415433645e-01
7.752786865e+02;5.407927632e-01
7.755128784e+02;5.413289070e-01
7.757470703e+02;5.296945572e-01
7.759812622e+02;5.447602272e-01
7.762155151e+02;5.358334184e-01
7.764497070e+02;5.437415242e-01
7.766839600e+02;5.382728577e-01
7.769182129e+02;5.326433182e-01
7.771524658e+02;5.315174460e-01
7.773867188e+02;5.316514969e-01
7.776209717e+02;5.267993808e-01
7.778552856e+02;5.248156190e-01
7.780895996e+02;5.276840329e-01
7.783239136e+02;5.295605063e-01
7.785582275e+02;5.203120112e-01
7.787925415e+02;5.169075131e-01
7.790268555e+02;5.117069483e-01
7.792612305e+02;5.169343352e-01
7.794955444e+02;5.146021247e-01
7.797299194e+02;5.185963511e-01
7.799642944e+02;5.237433314e-01
7.801986694e+02;5.192397237e-01
7.804331055e+02;5.143876672e-01
7.806674805e+02;5.191324949e-01
7.809019165e+02;5.144412518e-01
7.811363525e+02;5.141195655e-01
7.813707886e+02;5.083023906e-01
7.816052246e+02;5.085704923e-01
7.818396606e+02;5.048710704e-01
7.820741577e+02;5.085436702e-01
7.823085938e+02;5.063990951e-01
7.825430908e+02;5.193201900e-01
7.827775879e+02;5.135834217e-01
7.830120850e+02;5.180870295e-01
7.832465820e+02;5.118677616e-01
7.834811401e+02;5.175508857e-01
7.837156372e+02;5.063722730e-01
7.839501953e+02;5.214647651e-01
7.841847534e+02;5.094283223e-01
7.844193115e+02;5.144680738e-01
7.846539307e+02;5.107150674e-01
7.848884888e+02;5.113316178e-01
7.851231079e+02;4.952741265e-01
7.853576660e+02;5.118409395e-01
7.855922852e+02;5.042813420e-01
7.858269043e+02;5.016810298e-01
7.860615845e+02;4.960783422e-01
7.862962036e+02;4.939069450e-01
7.865308228e+02;4.978476167e-01
7.867655029e+02;4.879557490e-01
7.870001831e+02;4.921912849e-01
7.872348633e+02;4.950864613e-01
7.874695435e+02;4.920304418e-01
7.877042847e+02;4.880897999e-01
7.879389648e+02;4.829427898e-01
7.881737061e+02;4.892424941e-01
7.884084473e+02;4.825406969e-01
7.886431885e+02;4.910117686e-01
7.888779297e+02;4.861060679e-01
7.891126709e+02;4.831840694e-01
7.893474731e+02;4.805569649e-01
7.895822144e+02;4.801816642e-01
7.898170166e+02;4.799403846e-01
7.900518188e+02;4.780370891e-01
7.902866211e+02;4.784660041e-01
7.905214844e+02;4.696464241e-01
7.907562866e+02;4.686813653e-01
7.909911499e+02;4.731313586e-01
7.912260132e+02;4.699144959e-01
7.914608765e+02;4.727292657e-01
7.916957397e+02;4.689226449e-01
7.919306030e+02;4.724343717e-01
7.921655273e+02;4.740160108e-01
7.924003906e+02;4.753831625e-01
7.926353149e+02;4.732654095e-01
7.928702393e+02;4.793774486e-01
7.931051636e+02;4.768575728e-01
7.933400879e+02;4.713889062e-01
7.935750732e+02;4.641241431e-01
7.938099976e+02;4.683596790e-01
7.940449829e+02;4.651964307e-01
7.942799683e+02;4.670997560e-01
7.945149536e+02;4.660006464e-01
7.947499390e+02;4.627569914e-01
7.949849854e+02;4.610949457e-01
7.952199707e+02;4.636416137e-01
7.954550171e+02;4.580389261e-01
7.956900635e+02;4.546076059e-01
7.959251099e+02;4.585214555e-01
7.961601562e+02;4.551973641e-01
7.963952026e+02;4.466190636e-01
7.966303101e+02;4.452250898e-01
7.968654175e+02;4.498895407e-01
7.971004639e+02;4.503184557e-01
7.973355713e+02;4.403461814e-01
7.975707397e+02;4.451178610e-01
7.978058472e+02;4.371829331e-01
7.980410156e+02;4.428660572e-01
7.982761230e+02;4.331618547e-01
7.985112915e+02;4.439919591e-01
7.987464600e+02;4.418473840e-01
7.989816284e+02;4.421154559e-01
7.992167969e+02;4.392202795e-01
7.994520264e+02;4.395419657e-01
7.996872559e+02;4.371561110e-01
7.999224243e+02;4.371293187e-01
8.001576538e+02;4.360302091e-01
8.003928833e+02;4.329741895e-01
8.006281738e+02;4.366735816e-01
8.008634033e+02;4.364591241e-01
8.010986938e+02;4.323040247e-01
8.013339844e+02;4.362714887e-01
8.015692749e+02;4.313389659e-01
8.018045654e+02;4.341805279e-01
8.020398560e+02;4.381479919e-01
8.022751465e+02;4.333763123e-01
8.025104980e+02;4.307223856e-01
8.027458496e+02;4.326793253e-01
8.029812012e+02;4.314998090e-01
8.032165527e+02;4.302934706e-01
8.034519043e+02;4.272642732e-01
8.036872559e+02;4.299181700e-01
8.039226685e+02;4.232163727e-01
8.041580811e+02;4.217419624e-01
8.043934326e+02;4.184983075e-01
8.046288452e+02;4.236452878e-01
8.048643188e+02;4.197046161e-01
8.050997314e+02;4.253877401e-01
8.053352051e+02;4.171579480e-01
8.055706177e+02;4.215543270e-01
8.058060913e+02;4.191148579e-01
8.060415649e+02;4.176940918e-01
8.062770386e+02;4.143431783e-01
8.065125732e+02;4.141019285e-01
8.067480469e+02;4.118233025e-01
8.069835815e+02;4.153082371e-01
8.072191162e+02;4.153618515e-01
8.074546509e+02;4.212058187e-01
8.076901855e+02;4.072124660e-01
8.079257202e+02;4.079630673e-01
8.081613159e+02;4.069980085e-01
8.083968506e+02;4.082579613e-01
8.086324463e+02;4.055504203e-01
8.088680420e+02;4.058184922e-01
8.091036377e+02;4.032986164e-01
8.093392334e+02;4.012880921e-01
8.095748901e+02;3.958998322e-01
8.098104858e+02;3.986877799e-01
8.100461426e+02;3.935140073e-01
8.102817993e+02;3.956853747e-01
8.105174561e+02;3.928438127e-01
8.107531128e+02;3.916106820e-01
8.109888306e+02;3.864905238e-01
8.112244873e+02;3.898950219e-01
8.114602051e+02;3.852573931e-01
8.116959229e+02;3.870534599e-01
8.119316406e+02;3.868122101e-01
8.121673584e+02;3.876700401e-01
8.124031372e+02;3.811558783e-01
8.126388550e+02;3.821209371e-01
8.128746338e+02;3.777513802e-01
8.131104126e+02;3.792257607e-01
8.133461914e+02;3.718537986e-01
8.135819702e+02;3.670016825e-01
8.138177490e+02;3.700040877e-01
8.140535889e+02;3.732477725e-01
8.142894287e+02;3.717197478e-01
8.145252075e+02;3.725507855e-01
8.147610474e+02;3.697628379e-01
8.149969482e+02;3.640260696e-01
8.152327881e+02;3.647230566e-01
8.154686279e+02;3.709155321e-01
8.157045288e+02;3.631414473e-01
8.159404297e+02;3.683956563e-01
8.161763306e+02;3.660902381e-01
8.164122314e+02;3.589595258e-01
8.166481323e+02;3.668676317e-01
8.168840942e+02;3.619351089e-01
8.171199951e+02;3.623104095e-01
8.173559570e+02;3.580212593e-01
8.175919189e+02;3.591739833e-01
8.178278809e+02;3.522845209e-01
8.180638428e+02;3.579944670e-01
8.182998657e+02;3.512658477e-01
8.185358276e+02;3.482366502e-01
8.187718506e+02;3.482366502e-01
8.190078735e+02;3.464941680e-01
8.192438965e+02;3.450734019e-01
8.194799194e+02;3.498450816e-01
8.197160034e+02;3.366827369e-01
8.199520264e+02;3.395242989e-01
8.201881104e+02;3.359053433e-01
8.204241943e+02;3.439742923e-01
8.206602783e+02;3.314017355e-01
8.208963623e+02;3.393366635e-01
8.211325073e+02;3.401676714e-01
8.213685913e+02;3.351547420e-01
8.216047363e+02;3.275951147e-01
8.218408813e+02;3.337071538e-01
8.220770264e+02;3.300613761e-01
8.223131714e+02;3.358249068e-01
8.225493164e+02;3.331710100e-01
8.227855225e+02;3.332782388e-01
8.230216675e+02;3.275415003e-01
8.232578735e+02;3.331173956e-01
8.234940796e+02;3.269249201e-01
8.237302856e+02;3.311336637e-01
8.239665527e+02;3.252628744e-01
8.242027588e+02;3.333854675e-01
8.244390259e+02;3.255041540e-01
8.246752930e+02;3.316161931e-01
8.249115601e+02;3.267372847e-01
8.251478271e+02;3.360661864e-01
8.253840942e+02;3.302222192e-01
8.256203613e+02;3.296860754e-01
8.258566895e+02;3.283725083e-01
8.260930176e+02;3.304902911e-01
8.263293457e+02;3.259330690e-01
8.265656738e+02;3.248607814e-01
8.268020020e+02;3.202231228e-01
8.270383301e+02;3.176228404e-01
8.272747192e+02;3.151297569e-01
8.275111084e+02;3.201695085e-01
8.277474976e+02;3.166041672e-01
8.279838867e+02;3.165505528e-01
8.282202759e+02;3.111622930e-01
8.284566650e+02;3.112695217e-01
8.286931152e+02;3.111355007e-01
8.289295044e+02;3.084279597e-01
8.291659546e+02;3.087764382e-01
8.294024048e+02;3.068463206e-01
8.296388550e+02;2.964719534e-01
8.298753662e+02;3.060957193e-01
8.301118164e+02;3.005466461e-01
8.303483276e+02;3.100631833e-01
8.305848389e+02;3.038439155e-01
8.308213501e+02;3.033077717e-01
8.310578613e+02;3.016725481e-01
8.312943726e+02;3.052378893e-01
8.315309448e+02;2.951315939e-01
8.317674561e+02;2.997960448e-01
8.320040283e+02;2.939252555e-01
8.322406006e+02;2.942737639e-01
8.324771729e+02;2.990722358e-01
8.327138062e+02;2.993671298e-01
8.329503784e+02;2.924776673e-01
8.331870117e+02;2.986165285e-01
8.334235840e+02;2.953728437e-01
8.336602173e+02;3.009487391e-01
8.338968506e+02;2.918879092e-01
8.341335449e+02;2.934427261e-01
8.343701782e+02;2.940324843e-01
8.346068726e+02;2.976246476e-01
8.348435059e+02;2.916734517e-01
8.350802002e+02;2.904403210e-01
8.353168945e+02;2.896361053e-01
8.355535889e+02;2.920487523e-01
8.357903442e+02;2.906279862e-01
8.360270386e+02;2.966327965e-01
8.362637939e+02;2.892876267e-01
8.365005493e+02;2.883225679e-01
8.367373047e+02;2.885638177e-01
8.369740601e+02;2.902258635e-01
8.372108765e+02;2.897701561e-01
8.374476318e+02;2.873575091e-01
8.376844482e+02;2.863388360e-01
8.379212646e+02;2.869822085e-01
8.381580200e+02;2.921291888e-01
8.383948975e+02;2.940324843e-01
8.386317139e+02;2.897433341e-01
8.388685303e+02;2.903330922e-01
8.391054077e+02;2.856150270e-01
8.393422852e+02;2.915662229e-01
8.395791626e+02;2.852397263e-01
8.398160400e+02;2.923704386e-01
8.400529175e+02;2.815939486e-01
8.402898560e+02;2.901454568e-01
8.405267334e+02;2.866605222e-01
8.407636719e+02;2.860707641e-01
8.410006104e+02;2.805752754e-01
8.412375488e+02;2.801999748e-01
8.414744873e+02;2.761252820e-01
8.417114868e+02;2.814063132e-01
8.419484253e+02;2.801463604e-01
8.421854248e+02;2.763665617e-01
8.424224243e+02;2.730424702e-01
8.426594238e+02;2.728548050e-01
8.428964233e+02;2.680027187e-01
8.431334839e+02;2.740343213e-01
8.433704834e+02;2.668499947e-01
8.436075439e+02;2.714340389e-01
8.438446045e+02;2.732301056e-01
8.440816650e+02;2.744096220e-01
8.443187256e+02;2.690481842e-01
8.445557861e+02;2.714340389e-01
8.447929077e+02;2.687264979e-01
8.450299683e+02;2.704153657e-01
8.452670898e+02;2.660457790e-01
8.455042114e+02;2.691017985e-01
8.457413330e+02;2.647054195e-01
8.459785156e+02;2.638207972e-01
8.462156372e+02;2.657240927e-01
8.464528198e+02;2.637403607e-01
8.466899414e+02;2.662334442e-01
8.469271240e+02;2.676005960e-01
8.471643677e+02;2.607647777e-01
8.474015503e+02;2.695307136e-01
8.476387329e+02;2.607915699e-01
8.478759766e+02;2.593439817e-01
8.481132202e+02;2.585933805e-01
8.483504639e+02;2.599873543e-01
8.485877075e+02;2.564220130e-01
8.488249512e+02;2.666891515e-01
8.490621948e+02;2.576819360e-01
8.492994995e+02;2.632042170e-01
8.495368042e+02;2.540093660e-01
8.497740479e+02;2.570117712e-01
8.500113525e+02;2.460744232e-01
8.502487183e+02;2.525617480e-01
8.504860229e+02;2.431792468e-01
8.507233887e+02;2.456991225e-01
8.509606934e+02;2.429647893e-01
8.511980591e+02;2.443051487e-01
8.514354248e+02;2.476828545e-01
8.516727905e+02;2.433937043e-01
8.519102173e+02;2.419461161e-01
8.521475830e+02;2.422141880e-01
8.523850098e+02;2.395870835e-01
8.526224365e+02;2.416512370e-01
8.528598633e+02;2.425894886e-01
8.530972900e+02;2.392117828e-01
8.533347168e+02;2.399355769e-01
8.535721436e+02;2.375229299e-01
8.538096313e+02;2.361021489e-01
8.540471191e+02;2.425358742e-01
8.542846069e+02;2.367187142e-01
8.545220947e+02;2.376569659e-01
8.547595825e+02;2.305798680e-01
8.549971313e+02;2.373084724e-01
8.552346191e+02;2.302849889e-01
8.554721680e+02;2.306334823e-01
8.557097168e+02;2.275774628e-01
8.559472656e+02;2.311964333e-01
8.561848145e+02;2.347617894e-01
8.564224243e+02;2.332069725e-01
8.566599731e+02;2.283548713e-01
8.568975830e+02;2.283548713e-01
8.571351929e+02;2.256205380e-01
8.573728027e+02;2.330729365e-01
8.576104126e+02;2.288105935e-01
8.578480225e+02;2.304726392e-01
8.580856934e+02;2.280599922e-01
8.583233032e+02;2.287301719e-01
8.585609741e+02;2.243069708e-01
8.587986450e+02;2.284084857e-01
8.590363159e+02;2.257009596e-01
8.592740479e+02;2.316789627e-01
8.595117188e+02;2.247895002e-01
8.597494507e+02;2.206880003e-01
8.599871826e+02;2.241997421e-01
8.602249146e+02;2.203395069e-01
8.604626465e+02;2.217602879e-01
8.607003784e+02;2.240925133e-01
8.609381714e+02;2.198301703e-01
8.611759033e+02;2.235295624e-01
8.614136963e+02;2.189723402e-01
8.616514893e+02;2.226717323e-01
8.618892822e+02;2.191331834e-01
8.621270752e+02;2.209828794e-01
8.623649292e+02;2.144151181e-01
8.626027222e+02;2.142810822e-01
8.628405762e+02;2.174711376e-01
8.630784302e+02;2.122437358e-01
8.633162842e+02;2.112518698e-01
8.635541382e+02;2.129139155e-01
8.637919922e+02;2.131015658e-01
8.640299072e+02;2.137181312e-01
8.642678223e+02;2.166937292e-01
8.645057373e+02;2.080618143e-01
8.647436523e+02;2.053810954e-01
8.649815674e+02;2.063461542e-01
8.652194824e+02;2.065338045e-01
8.654574585e+02;2.063461542e-01
8.656953735e+02;2.038530856e-01
8.659333496e+02;2.043356150e-01
8.661713257e+02;2.021910399e-01
8.664093018e+02;2.033705562e-01
8.666472778e+02;2.056491673e-01
8.668853149e+02;2.038262784e-01
8.671233521e+02;2.003949583e-01
8.673613281e+02;2.021642327e-01
8.675993652e+02;1.973657459e-01
8.678374023e+02;1.992422491e-01
8.680755005e+02;1.968564093e-01
8.683135376e+02;1.900473833e-01
8.685516357e+02;1.930765957e-01
8.687896729e+02;1.922723800e-01
8.690277710e+02;1.938808113e-01
8.692658691e+02;1.931570172e-01
8.695040283e+02;1.889482886e-01
8.697421265e+02;1.919775009e-01
8.699802856e+02;1.871522069e-01
8.702183838e+02;1.916826218e-01
8.704565430e+02;1.885193735e-01
8.706947021e+02;1.888678670e-01
8.709328613e+02;1.894040108e-01
8.711710815e+02;1.901009977e-01
8.714092407e+02;1.894308180e-01
8.716474609e+02;1.863211840e-01
8.718856812e+02;1.861603409e-01
8.721239014e+02;1.877151579e-01
8.723621216e+02;1.853829324e-01
8.726003418e+02;1.934518963e-01
8.728386230e+02;1.888946742e-01
8.730768433e+02;1.888946742e-01
8.733151245e+02;1.855973899e-01
8.735534058e+02;1.843910664e-01
8.737916870e+02;1.886802167e-01
8.740299683e+02;1.797534227e-01
8.742683105e+02;1.831311285e-01
8.745066528e+02;1.837745011e-01
8.747449341e+02;1.780913770e-01
8.749832764e+02;1.790296286e-01
8.752216187e+02;1.773675829e-01
8.754600220e+02;1.766974032e-01
8.756983643e+02;1.803967953e-01
8.759367065e+02;1.769922823e-01
8.761751099e+02;1.787615567e-01
8.764135132e+02;1.766437888e-01
8.766519165e+02;1.756787300e-01
8.768903198e+02;1.718453020e-01
8.771287842e+02;1.710142791e-01
8.773671875e+02;1.699151844e-01
8.776056519e+02;1.679850668e-01
8.778441162e+02;1.681727171e-01
8.780825806e+02;1.707462072e-01
8.783210449e+02;1.675561517e-01
8.785595093e+02;1.707730144e-01
8.787980347e+02;1.650630683e-01
8.790364990e+02;1.664838493e-01
8.792750244e+02;1.570209116e-01
8.795135498e+02;1.613636762e-01
8.797520752e+02;1.608811468e-01
8.799906616e+02;1.597284377e-01
8.802291870e+02;1.596748233e-01
8.804677734e+02;1.624627709e-01
8.807062988e+02;1.591654867e-01
8.809448853e+02;1.621946990e-01
8.811834717e+02;1.581736207e-01
8.814221191e+02;1.588169932e-01
8.816607056e+02;1.571013331e-01
8.818993530e+02;1.561362743e-01
8.821379395e+02;1.513645947e-01
8.823765869e+02;1.520883888e-01
8.826152344e+02;1.514182091e-01
8.828539429e+02;1.492468268e-01
8.830925903e+02;1.486302614e-01
8.833312988e+02;1.521688104e-01
8.835699463e+02;1.471558660e-01
8.838086548e+02;1.481209248e-01
8.840473633e+02;1.481745392e-01
8.842860718e+02;1.451989412e-01
8.845248413e+02;1.469950229e-01
8.847635498e+02;1.463248432e-01
8.850023193e+02;1.509356797e-01
8.852410889e+02;1.487911046e-01
8.854798584e+02;1.425718367e-01
8.857186279e+02;1.419820786e-01
8.859573975e+02;1.452257484e-01
8.861961670e+02;1.460567713e-01
8.864349976e+02;1.413387060e-01
8.866738281e+02;1.436173171e-01
8.869126587e+02;1.393817812e-01
8.871514893e+02;1.408561766e-01
8.873903198e+02;1.381486505e-01
8.876292114e+02;1.365670264e-01
8.878680420e+02;1.391673237e-01
8.881069336e+02;1.418748498e-01
8.883458252e+02;1.363525689e-01
8.885847168e+02;1.346101016e-01
8.888236084e+02;1.315272748e-01
8.890625000e+02;1.341275722e-01
8.893014526e+02;1.349585950e-01
8.895404053e+02;1.341543794e-01
8.897793579e+02;1.376661211e-01
8.900183105e+02;1.339935362e-01
8.902572632e+02;1.312323958e-01
8.904962158e+02;1.367278695e-01
8.907352295e+02;1.345296800e-01
8.909741821e+02;1.328408271e-01
8.912131958e+02;1.283640265e-01
8.914522095e+02;1.324119121e-01
8.916912231e+02;1.287929416e-01
8.919302368e+02;1.286589056e-01
8.921693115e+02;1.267824024e-01
8.924083862e+02;1.290610135e-01
8.926473999e+02;1.231902316e-01
8.928864746e+02;1.244233698e-01
8.931255493e+02;1.261122227e-01
8.933646851e+02;1.231098101e-01
8.936037598e+02;1.268360168e-01
8.938428955e+02;1.219302937e-01
8.940819702e+02;1.249863207e-01
8.943211060e+02;1.228685454e-01
8.945602417e+02;1.221179441e-01
8.947994385e+02;1.193568036e-01
8.950385742e+02;1.260854155e-01
8.952777100e+02;1.219839081e-01
8.955169067e+02;1.196248755e-01
8.957561035e+02;1.198661402e-01
8.959953003e+02;1.200537905e-01
8.962344971e+02;1.225736663e-01
8.964737549e+02;1.148263887e-01
8.967129517e+02;1.163543984e-01
8.969522095e+02;1.156306043e-01
8.971914673e+02;1.184453592e-01
8.974307251e+02;1.182040945e-01
8.976699829e+02;1.176143363e-01
8.979092407e+02;1.185525879e-01
8.981484985e+02;1.155501828e-01
8.983878174e+02;1.158450618e-01
8.986271362e+02;1.200805977e-01
8.988664551e+02;1.167565063e-01
8.991057739e+02;1.165956631e-01
8.993450928e+02;1.144510880e-01
8.995844727e+02;1.179092154e-01
8.998237915e+02;1.112074181e-01
9.000631714e+02;1.156306043e-01
9.003025513e+02;1.121724769e-01
9.005419312e+02;1.150140390e-01
9.007813110e+02;1.100815162e-01
9.010206909e+02;1.163007841e-01
9.012601318e+02;1.101083234e-01
9.014995728e+02;1.099206731e-01
9.017390137e+02;1.126013920e-01
9.019784546e+02;1.077224836e-01
9.022178955e+02;1.091432646e-01
9.024573364e+02;1.094113365e-01
9.026968384e+02;1.061140522e-01
9.029362793e+02;1.087679639e-01
9.031757812e+02;1.034601405e-01
9.034152832e+02;1.064893529e-01
9.036547852e+02;1.076152548e-01
9.038943481e+02;1.060872450e-01
9.041338501e+02;1.046396568e-01
9.043734131e+02;9.984117001e-02
9.046129150e+02;1.035405621e-01
9.048524780e+02;1.036745980e-01
9.050920410e+02;1.015300229e-01
9.053316650e+02;1.012083367e-01
9.055712280e+02;1.053366438e-01
9.058108521e+02;1.015032157e-01
9.060504150e+02;9.721406549e-02
9.062900391e+02;9.981436282e-02
9.065296631e+02;9.697280079e-02
9.067693481e+02;9.938544780e-02
9.070089722e+02;9.702641517e-02
9.072486572e+02;1.008598432e-01
9.074882812e+02;9.815231711e-02
9.077279663e+02;9.882249683e-02
9.079676514e+02;9.938544780e-02
9.082073364e+02;1.007258072e-01
9.084470825e+02;9.844719619e-02
9.086867676e+02;9.895653278e-02
9.089265137e+02;9.766978770e-02
9.091662598e+02;9.705322236e-02
9.094060059e+02;9.273725748e-02
9.096457520e+02;9.742852300e-02
9.098854980e+02;9.619539231e-02
9.101252441e+02;9.474779665e-02
9.103650513e+02;9.185262024e-02
9.106048584e+02;9.193304181e-02
9.108446655e+02;9.279087186e-02
9.110844727e+02;9.321978688e-02
9.113242798e+02;9.083394706e-02
9.115641479e+02;9.104840457e-02
9.118039551e+02;8.547250926e-02
9.120438232e+02;9.241557121e-02
9.122836914e+02;8.750985563e-02
9.125235596e+02;9.051226079e-02
9.127634277e+02;9.002973139e-02
9.130032959e+02;9.080713987e-02
9.132432251e+02;8.901105821e-02
9.134831543e+02;8.986888826e-02
9.137230225e+02;8.941316605e-02
9.139629517e+02;9.096798301e-02
9.142029419e+02;8.745624125e-02
9.144428711e+02;8.662521839e-02
9.146828003e+02;8.520443738e-02
9.149227905e+02;8.633033931e-02
9.151627808e+02;8.431980014e-02
9.154027710e+02;8.667883277e-02
9.156427612e+02;8.177311718e-02
9.158827515e+02;8.705413342e-02
9.161228027e+02;8.222883940e-02
9.163627930e+02;8.364962041e-02
9.166028442e+02;8.166588843e-02
9.168428955e+02;8.150504529e-02
9.170829468e+02;7.992342114e-02
9.173229980e+02;8.322070539e-02
9.175631104e+02;7.976257801e-02
9.178031616e+02;8.091528714e-02
9.180432739e+02;8.346197009e-02
9.182833862e+02;8.115655184e-02
9.185234985e+02;7.917281985e-02
9.187636108e+02;7.949450612e-02
9.190037231e+02;7.941408455e-02
9.192438965e+02;7.917281985e-02
9.194840698e+02;7.627764344e-02
9.197241821e+02;7.721589506e-02
9.199643555e+02;7.592914999e-02
9.202045898e+02;7.590234280e-02
9.204447632e+02;7.493728399e-02
9.206849365e+02;7.533939183e-02
9.209251709e+02;7.472282648e-02
9.211654053e+02;7.531258464e-02
9.214056396e+02;7.499089837e-02
9.216458740e+02;7.386499643e-02
9.218861084e+02;7.129150629e-02
9.221264038e+02;7.340927422e-02
9.223666382e+02;7.005837560e-02
9.226069336e+02;7.375776768e-02
9.228472290e+02;7.260505855e-02
9.230875244e+02;7.303397357e-02
9.233278198e+02;7.118427753e-02
9.235681763e+02;6.944181025e-02
9.238084717e+02;6.944181025e-02
9.240488281e+02;7.244421542e-02
9.242891846e+02;6.759211421e-02
9.245295410e+02;6.863759458e-02
9.247698975e+02;6.796741486e-02
9.250102539e+02;6.686831266e-02
9.252506714e+02;6.898608804e-02
9.254910278e+02;6.842313707e-02
9.257314453e+02;6.662704796e-02
9.259718628e+02;6.751169264e-02
9.262122803e+02;6.373187155e-02
9.264527588e+02;6.788699329e-02
9.266931763e+02;6.668066233e-02
9.269336548e+02;6.606409699e-02
9.271741333e+02;6.630536169e-02
9.274146118e+02;6.282042712e-02
9.276550903e+02;6.434843689e-02
9.278955688e+02;6.802102923e-02
9.281360474e+02;6.316892058e-02
9.283765869e+02;6.448247284e-02
9.286171265e+02;6.362464279e-02
9.288576660e+02;6.249874458e-02
9.290982056e+02;5.960356444e-02
9.293387451e+02;5.898699909e-02
9.295792847e+02;5.912103504e-02
9.298198853e+02;6.172133610e-02
9.300604248e+02;5.745898932e-02
9.303010254e+02;5.995206162e-02
9.305416260e+02;5.665477365e-02
9.307822266e+02;5.979121476e-02
9.310228882e+02;5.879934877e-02
9.312634888e+02;5.761983246e-02
9.315041504e+02;6.003248319e-02
9.317448120e+02;5.861169845e-02
9.319854736e+02;5.727133900e-02
9.322261353e+02;5.767344683e-02
9.324667969e+02;5.461742729e-02
9.327075195e+02;5.316983908e-02
9.329481812e+02;5.684242398e-02
9.331889038e+02;5.577013642e-02
9.334296265e+02;5.338429660e-02
9.336703491e+02;5.083761364e-02
9.339110718e+02;5.099845678e-02
9.341518555e+02;5.110568553e-02
9.343925781e+02;5.115929991e-02
9.346333618e+02;5.174905807e-02
9.348741455e+02;5.043550581e-02
9.351149292e+02;4.759394377e-02
9.353557129e+02;5.064996332e-02
9.355964966e+02;4.829093069e-02
9.358373413e+02;4.770117253e-02
9.360781250e+02;4.772797972e-02
9.363189697e+02;4.890749604e-02
9.365598145e+02;4.660207778e-02
9.368006592e+02;4.633400589e-02
9.370415649e+02;4.861261696e-02
9.372824097e+02;4.577105492e-02
9.375233154e+02;4.445749894e-02
9.377642212e+02;4.191081598e-02
9.380051270e+02;4.376051202e-02
9.382460327e+02;4.209846631e-02
9.384869385e+02;4.172316566e-02
9.387278442e+02;4.276864603e-02
9.389688110e+02;4.424304143e-02
9.392097778e+02;4.244695976e-02
9.394507446e+02;3.976624086e-02
9.396917114e+02;4.035599902e-02
9.399326782e+02;4.177678004e-02
9.401736450e+02;4.233973101e-02
9.404146729e+02;3.995389119e-02
9.406556396e+02;4.284906760e-02
9.408966675e+02;4.134786502e-02
9.411376953e+02;3.984666243e-02
9.413787842e+02;3.834545985e-02
9.416198120e+02;3.904244676e-02
9.418608398e+02;3.810419515e-02
9.421019287e+02;3.604004160e-02
9.423430176e+02;3.708552197e-02
9.425841064e+02;3.729997948e-02
9.428251953e+02;3.376143053e-02
9.430662842e+02;3.258191422e-02
9.433074341e+02;3.311805800e-02
9.435485229e+02;3.373462334e-02
9.437896729e+02;3.376143053e-02
9.440308228e+02;2.941866405e-02
9.442719727e+02;2.974035032e-02
9.445131226e+02;3.035691567e-02
9.447543335e+02;3.062498756e-02
9.449954834e+02;2.925782092e-02
9.452366943e+02;3.226022795e-02
9.454779053e+02;3.142920509e-02
9.457191162e+02;3.011565097e-02
9.459603271e+02;3.161685541e-02
9.462015381e+02;3.242107108e-02
9.464428101e+02;2.829276212e-02
9.466840820e+02;3.006203659e-02
9.469252930e+02;2.848041244e-02
9.471665649e+02;2.783703990e-02
9.474078979e+02;2.807830460e-02
9.476491699e+02;2.419126034e-02
9.478904419e+02;2.569246292e-02
9.481317749e+02;2.550481260e-02
9.483731079e+02;2.775661834e-02
9.486144409e+02;2.604095638e-02
9.488557739e+02;2.400361001e-02
9.490971069e+02;2.617499232e-02
9.493384399e+02;2.542439103e-02
9.495798340e+02;2.563884854e-02
9.498212280e+02;2.579969168e-02
9.500626221e+02;2.593372762e-02
9.503040161e+02;2.655029297e-02
9.505454102e+02;2.617499232e-02
9.507868042e+02;2.582649887e-02
9.510282593e+02;2.622860670e-02
9.512697144e+02;2.526354790e-02
9.515111084e+02;2.539758384e-02
9.517525635e+02;2.435210347e-02
9.519940796e+02;2.338704467e-02
9.522355347e+02;2.604095638e-02
9.524769897e+02;2.381595969e-02
9.527185059e+02;2.298493683e-02
9.529600220e+02;2.258282900e-02
9.532015381e+02;2.151054144e-02
9.534430542e+02;2.365511656e-02
9.536845703e+02;2.156415582e-02
9.539261475e+02;2.344065905e-02
9.541676636e+02;2.250240743e-02
9.544092407e+02;2.175180614e-02
9.546508179e+02;2.352108061e-02
9.548923950e+02;2.293132246e-02
9.551339722e+02;2.255602181e-02
9.553756104e+02;2.378915250e-02
9.556171875e+02;2.285090089e-02
9.558588257e+02;2.346746624e-02
9.561004639e+02;2.486144006e-02
9.563421021e+02;2.360150218e-02
9.565837402e+02;2.411083877e-02
9.568253784e+02;2.183222771e-02
9.570670776e+02;2.113524079e-02
9.573087158e+02;2.156415582e-02
9.575504150e+02;2.000933699e-02
9.577921143e+02;2.129608393e-02
9.580338135e+02;2.175180614e-02
9.582755737e+02;2.207349241e-02
9.585172729e+02;1.990210824e-02
9.587590332e+02;2.290451527e-02
9.590007324e+02;2.035783231e-02
9.592424927e+02;2.046506107e-02
9.594843140e+02;1.944638602e-02
9.597260742e+02;2.019698732e-02
9.599678345e+02;2.210029960e-02
9.602096558e+02;2.137650549e-02
9.604514160e+02;2.161777020e-02
9.606932373e+02;1.928554289e-02
9.609350586e+02;1.958042197e-02
9.611769409e+02;2.134969831e-02
9.614187622e+02;2.234156430e-02
9.616605835e+02;2.038463950e-02
9.619024658e+02;1.899066381e-02
9.621443481e+02;2.003614418e-02
9.623862305e+02;1.882982068e-02
9.626281128e+02;1.748946123e-02
9.628699951e+02;1.923192851e-02
9.631119385e+02;1.751626842e-02
9.633538818e+02;1.936596446e-02
9.635957642e+02;1.968765073e-02
9.638377075e+02;2.129608393e-02
9.640796509e+02;2.017018013e-02
9.643216553e+02;1.920512132e-02
9.645635986e+02;2.043825388e-02
9.648056030e+02;2.124246955e-02
9.650475464e+02;2.113524079e-02
9.652895508e+02;2.126927674e-02
9.655315552e+02;1.845452003e-02
9.657735596e+02;1.834729128e-02
9.660156250e+02;2.027740888e-02
9.662576294e+02;1.952680759e-02
9.664996948e+02;1.904427819e-02
9.667417603e+02;1.888343506e-02
9.669838257e+02;1.684608869e-02
9.672258911e+02;1.762349717e-02
9.674679565e+02;1.711416058e-02
9.677100830e+02;1.681928150e-02
9.679522095e+02;1.687289588e-02
9.681942749e+02;1.588102989e-02
9.684364014e+02;1.566657238e-02
9.686785278e+02;1.446024794e-02
9.689207153e+02;1.488916297e-02
9.691628418e+02;1.561295800e-02
9.694050293e+02;1.655120961e-02
9.696471558e+02;1.679247431e-02
9.698893433e+02;1.748946123e-02
9.701315308e+02;1.813283376e-02
9.703737793e+02;1.695331745e-02
9.706159668e+02;1.660482399e-02
9.708582153e+02;1.679247431e-02
9.711004028e+02;1.689970307e-02
9.713426514e+02;1.649759524e-02
9.715848999e+02;1.271778066e-02
9.718271484e+02;1.488916297e-02
9.720694580e+02;1.480874140e-02
9.723117065e+02;1.287862379e-02
9.725540161e+02;1.389729697e-02
9.727963257e+02;1.177952904e-02
9.730386353e+02;1.317350287e-02
9.732809448e+02;1.494277734e-02
9.735232544e+02;1.317350287e-02
9.737655640e+02;1.400452573e-02
9.740079346e+02;1.464789826e-02
9.742503052e+02;1.467470545e-02
9.744926758e+02;1.403133292e-02
9.747350464e+02;1.593464427e-02
9.749774170e+02;1.411175448e-02
9.752197876e+02;1.467470545e-02
9.754622192e+02;1.446024794e-02
9.757046509e+02;1.494277734e-02
9.759470825e+02;1.574699394e-02
9.761895142e+02;1.261055190e-02
9.764319458e+02;1.330753881e-02
9.766743774e+02;1.035874709e-02
9.769168701e+02;1.019790396e-02
9.771593018e+02;1.014428958e-02
9.774017944e+02;1.049278304e-02
9.776442871e+02;1.175272185e-02
9.778867798e+02;1.102892682e-02
9.781292725e+02;1.092169806e-02
9.783718262e+02;1.325392444e-02
9.786143799e+02;1.177952904e-02
9.788568726e+02;1.303946692e-02
9.790994263e+02;1.274458785e-02
9.793419800e+02;1.320031006e-02
9.795845947e+02;1.314669568e-02
9.798271484e+02;1.330753881e-02
9.800697021e+02;1.105573401e-02
9.803123169e+02;1.196717937e-02
9.805549316e+02;8.937966079e-03
9.807975464e+02;1.352199633e-02
9.810401611e+02;8.509051055e-03
9.812828369e+02;1.191356499e-02
9.815254517e+02;1.164549310e-02
9.817681274e+02;8.696701378e-03
9.820108032e+02;8.482243866e-03
9.822534790e+02;8.857544512e-03
9.824961548e+02;9.795796126e-03
9.827388306e+02;1.003706083e-02
9.829815674e+02;1.009067520e-02
9.832242432e+02;9.554531425e-03
9.834669800e+02;8.857544512e-03
9.837097168e+02;1.118976995e-02
9.839524536e+02;1.151145715e-02
9.841951904e+02;9.152423590e-03
9.844379883e+02;1.132380590e-02
9.846807251e+02;1.135061309e-02
9.849235229e+02;1.057320461e-02
9.851663208e+02;9.152423590e-03
9.854091187e+02;9.849410504e-03
9.856519165e+02;6.659354083e-03
9.858947144e+02;6.873811595e-03
9.861375732e+02;6.873811595e-03
9.863804321e+02;8.214171976e-03
9.866232300e+02;7.999714464e-03
9.868660889e+02;7.570798974e-03
9.871089478e+02;6.739775650e-03
9.873518677e+02;8.080136031e-03
9.875947266e+02;7.222305518e-03
9.878376465e+02;7.115076762e-03
9.880805664e+02;9.179230779e-03
9.883234863e+02;9.366881102e-03
9.885664062e+02;6.981040817e-03
9.888093262e+02;9.929832071e-03
9.890522461e+02;6.739775650e-03
9.892952271e+02;8.321400732e-03
9.895382080e+02;7.088269573e-03
9.897811279e+02;7.731642108e-03
9.900241699e+02;7.785256486e-03
9.902671509e+02;5.855138414e-03
9.905101318e+02;5.104537122e-03
9.907531738e+02;5.399416201e-03
9.909961548e+02;5.587066524e-03
9.912391968e+02;3.898213152e-03
9.914822388e+02;5.855138414e-03
9.917252808e+02;5.774716847e-03
9.919683838e+02;5.318994634e-03
9.922114258e+02;7.785256486e-03
9.924545288e+02;3.844598774e-03
9.926975708e+02;6.739775650e-03
9.929406738e+02;6.310860626e-03
9.931837769e+02;7.731642108e-03
9.934269409e+02;5.989174359e-03
9.936700439e+02;6.257246248e-03
9.939132080e+02;6.793390028e-03
9.941563110e+02;9.903024882e-03
9.943994751e+02;7.088269573e-03
9.946426392e+02;7.543991785e-03
9.948858643e+02;5.184958689e-03
9.951290283e+02;7.490377408e-03
9.953721924e+02;5.077729467e-03
9.956154175e+02;4.782850388e-03
9.958586426e+02;4.836464766e-03
9.961018677e+02;6.310860626e-03
9.963450928e+02;4.407549743e-03
9.965883179e+02;6.176824681e-03
9.968316040e+02;6.042788737e-03
9.970748291e+02;4.514778499e-03
9.973181152e+02;5.050922278e-03
9.975614014e+02;4.407549743e-03
9.978046875e+02;7.007848006e-03
9.980480347e+02;5.587066524e-03
9.982913208e+02;5.024115089e-03
9.985346680e+02;5.694295280e-03
9.987779541e+02;5.184958689e-03
9.990213013e+02;4.782850388e-03
9.992646484e+02;5.667488091e-03
9.995079956e+02;4.675621632e-03
9.997514038e+02;5.694295280e-03
9.999947510e+02;2.933154115e-03
1.000238159e+03;3.925020341e-03
1.000481567e+03;2.262974158e-03
1.000724976e+03;3.254840383e-03
1.000968384e+03;3.281647572e-03
1.001211792e+03;2.155745402e-03
1.001455261e+03;3.576526651e-03
1.001698669e+03;6.712968461e-03
1.001942139e+03;5.587066524e-03
1.002185608e+03;6.230439059e-03
1.002429077e+03;3.281647572e-03
1.002672546e+03;3.871405963e-03
1.002916077e+03;2.370202914e-03
1.003159546e+03;5.721102469e-03
1.003403076e+03;3.951827530e-03
1.003646606e+03;4.756043199e-03
1.003890137e+03;4.514778499e-03
1.004133667e+03;3.710562596e-03
1.004377258e+03;3.174418816e-03
1.004620789e+03;2.557853237e-03
1.004864380e+03;3.335261950e-03
1.005107971e+03;2.128938213e-03
1.005351562e+03;2.584660426e-03
1.005595154e+03;1.271107933e-03
1.005838745e+03;2.691889182e-03
1.006082336e+03;1.834059018e-03
1.006325989e+03;3.201226005e-03
1.006569641e+03;3.308454761e-03
1.006813293e+03;1.807251829e-03
1.007056946e+03;3.281647572e-03
1.007300598e+03;2.423817292e-03
1.007544312e+03;4.005441908e-03
1.007787964e+03;5.426223390e-03
1.008031677e+03;5.372609012e-03
1.008275391e+03;3.388876328e-03
1.008519104e+03;4.273513798e-03
1.008762817e+03;4.675621632e-03
1.009006531e+03;3.790984396e-03
1.009250305e+03;2.959961304e-03
1.009494019e+03;2.933154115e-03
1.009737793e+03;1.083457493e-03
1.009981567e+03;1.968095079e-03
1.010225342e+03;3.308454761e-03
1.010469177e+03;2.986768493e-03
1.010712952e+03;3.630141029e-03
1.010956787e+03;3.603333840e-03
1.011200623e+03;1.720128348e-04
1.011444397e+03;3.871405963e-03
1.011688293e+03;2.262974158e-03
1.011932129e+03;2.397010103e-03
1.012175964e+03;5.131344311e-03
1.012419861e+03;6.284053437e-03
1.012663696e+03;3.308454761e-03
1.012907593e+03;4.059056286e-03
1.013151489e+03;1.941287774e-03
1.013395447e+03;4.622007255e-03
1.013639343e+03;1.137071871e-03
1.013883240e+03;2.423817292e-03
1.014127197e+03;3.871405963e-03
1.014371155e+03;2.959961304e-03
1.014615112e+03;2.262974158e-03
1.014859070e+03;9.762287373e-04
1.015103027e+03;2.879539737e-03
1.015347046e+03;1.458758255e-03
1.015591003e+03;3.120804438e-03
1.015835022e+03;1.834059018e-03
1.016079041e+03;3.951827530e-03
1.016323059e+03;4.219899420e-03
1.016567078e+03;6.478405703e-05
1.016811157e+03;3.040382871e-03
1.017055176e+03;2.504238859e-03
1.017299255e+03;2.986768493e-03
1.017543335e+03;2.477431670e-03
1.017787415e+03;4.032249097e-03
1.018031494e+03;2.772310749e-03
1.018275574e+03;5.989174359e-03
1.018519714e+03;2.048516646e-03
1.018763855e+03;2.959961304e-03
1.019007935e+03;-1.758105238e-03
1.019252075e+03;-1.838526805e-03
1.019496216e+03;-1.141539775e-03
1.019740417e+03;-2.964429092e-03
1.019984558e+03;-2.749971580e-03
1.020228760e+03;-5.785886315e-04
[EndOfFile]
