#Thorlabs FTS
[SpectrumHeader]
#Date;20251107
#Time;19452317
#GMTTime;22452317
#Instrument;0
#InstrModel;CCS200
#Series;0
#InterferometerSerial;M00311012
#Type;emission
#ChannelIndex;0
#XAxisUnit;nm_air
#YAxisUnit;intensity
#Average;1
#RollingAverage;0
#SpectrumSmooth;0
#SSmoothParam1;0
#SSmoothParam2;0
#SSmoothParam3;0
#SSmoothParam4;0
#IntegrationTime;0.145000
#TriggerMode;0
#AirMeasureOpt;0
#AirTemp;0.00
#AirPressure;0.00
#AirRelHum;0.00
#WnrMin;9799.037109
#WnrMax;50982.906250
#Length;3648
#Resolution;0.0000000000e+00
#ADC;0
#InstrStatus;0
#RefLaserLocked;0
#ChannelIndex;0
#AttenuationFilter;0
#Stitched;0
#ExcitationWavelength_nm;0
#SoftwareVersion;3.310000
#FirmwareVersion;
#Motor_FirmwareVersion;
#ReconstructionAlgorithms_SoftwareVersion;
#Sensor_FirmwareVersion;
#InstrSeriesIdentifier;MUN_CCS_SERIES
#RefGainIndex;0
#RefSignalInPerecent;0.0
#BBRefGainIndex;0
#BBRefSignalInPerecent;0.0
#AutogainStatus;0
#Name;
#Comment;""
#ExtComment;""
#Source;
[Data]
1.960870056e+02;1.316464273e-03
1.962940979e+02;7.303823368e-04
1.965012054e+02;1.556225005e-03
1.967083282e+02;-1.986906398e-03
1.969154510e+02;1.076703425e-03
1.971225891e+02;4.639815015e-04
1.973297424e+02;9.967832593e-04
1.975368958e+02;1.556225005e-03
1.977440643e+02;1.929186168e-03
1.979512482e+02;2.515268046e-03
1.981584320e+02;3.394390922e-03
1.983656311e+02;2.568548312e-03
1.985728455e+02;3.181270324e-03
1.987800751e+02;2.328787465e-03
1.989873047e+02;3.847272368e-03
1.991945496e+02;3.181270324e-03
1.994018097e+02;4.939516075e-03
1.996090698e+02;2.808308927e-03
1.998163452e+02;5.632157903e-03
2.000236359e+02;2.382067731e-03
2.002309418e+02;4.113673232e-03
2.004382477e+02;3.660791786e-03
2.006455688e+02;1.343104290e-03
2.008528900e+02;1.476304722e-03
2.010602417e+02;5.439017550e-04
2.012675934e+02;1.902546152e-03
2.014749451e+02;1.929186168e-03
2.016823273e+02;1.689425437e-03
2.018897095e+02;2.515268046e-03
2.020971069e+02;2.089026617e-03
2.023045044e+02;1.902546152e-03
2.025119171e+02;4.906216054e-04
2.027193451e+02;7.037422620e-04
2.029267883e+02;1.689425437e-03
2.031342316e+02;2.568548312e-03
2.033416901e+02;5.099356640e-03
2.035491638e+02;3.900552634e-03
2.037566376e+02;1.742705586e-03
2.039641418e+02;3.048069775e-03
2.041716309e+02;3.980472684e-03
2.043791504e+02;4.326793831e-03
2.045866699e+02;2.595188329e-03
2.047942047e+02;2.781668911e-03
2.050017548e+02;7.303823368e-04
2.052093048e+02;2.755028894e-03
2.054168701e+02;-4.950615694e-04
2.056244507e+02;2.089026617e-03
2.058320312e+02;8.902228437e-04
2.060396423e+02;2.775008907e-04
2.062472534e+02;8.103026194e-04
2.064548645e+02;2.248867182e-03
2.066624908e+02;1.209903858e-03
2.068701324e+02;1.050063409e-03
2.070777893e+02;2.248867182e-03
2.072854462e+02;2.914869459e-03
2.074931335e+02;1.582865138e-03
2.077008057e+02;3.074709792e-03
2.079085083e+02;2.675108612e-03
2.081162109e+02;4.087033216e-03
2.083239288e+02;1.716065570e-03
2.085316467e+02;3.287830623e-03
2.087393951e+02;3.687431803e-03
2.089471436e+02;5.658798385e-03
2.091548920e+02;2.142306883e-03
2.093626709e+02;2.808308927e-03
2.095704498e+02;1.709405478e-04
2.097782440e+02;1.742705586e-03
2.099860382e+02;5.705418298e-04
2.101938629e+02;1.556225005e-03
2.104016724e+02;1.176603764e-04
2.106095123e+02;-6.882021989e-05
2.108173523e+02;1.982466318e-03
2.110252075e+02;4.373413976e-04
2.112330780e+02;9.701431263e-04
2.114409637e+02;3.474311205e-03
2.116488495e+02;4.513274413e-03
2.118567505e+02;1.529584872e-03
2.120646515e+02;3.687431803e-03
2.122725677e+02;3.314470639e-03
2.124804993e+02;4.619834945e-03
2.126884460e+02;4.912875593e-03
2.128963928e+02;3.607511520e-03
2.131043549e+02;3.900552634e-03
2.133123322e+02;1.769345719e-03
2.135203094e+02;8.902228437e-04
2.137283173e+02;1.902546152e-03
2.139363098e+02;-9.546030924e-05
2.141443329e+02;-5.749818520e-04
2.143523560e+02;9.168629767e-04
2.145603943e+02;1.176603764e-04
2.147684479e+02;1.955826301e-03
2.149765015e+02;1.423024572e-03
2.151845703e+02;-3.885012411e-04
2.153926544e+02;1.050063409e-03
2.156007538e+02;2.488628030e-03
2.158088531e+02;1.449664705e-03
2.160169678e+02;3.287830623e-03
2.162250824e+02;1.929186168e-03
2.164332123e+02;2.515268046e-03
2.166413574e+02;3.527591471e-03
2.168495178e+02;2.275507431e-03
2.170576782e+02;3.394390922e-03
2.172658691e+02;3.527591471e-03
2.174740448e+02;2.888229210e-03
2.176822510e+02;4.113673232e-03
2.178904572e+02;1.556225005e-03
2.180986786e+02;2.062386600e-03
2.183069000e+02;-6.282620016e-04
2.185151520e+02;2.062386600e-03
2.187234039e+02;-3.618611663e-04
2.189316559e+02;1.476304722e-03
2.191399384e+02;4.639815015e-04
2.193482208e+02;1.955826301e-03
2.195565186e+02;2.941509476e-03
2.197648163e+02;3.314470639e-03
2.199731293e+02;1.129983691e-03
2.201814575e+02;1.423024572e-03
2.203898010e+02;3.181270324e-03
2.205981445e+02;3.740712069e-03
2.208065033e+02;5.205916706e-03
2.210148773e+02;4.726395011e-03
2.212232513e+02;3.127990058e-03
2.214316406e+02;3.181270324e-03
2.216400452e+02;2.461988013e-03
2.218484650e+02;3.953832667e-03
2.220568848e+02;2.488628030e-03
2.222653198e+02;7.303823368e-04
2.224737549e+02;1.955826301e-03
2.226822205e+02;2.408707747e-03
2.228906860e+02;1.875906019e-03
2.230991516e+02;3.207910340e-03
2.233076477e+02;1.556225005e-03
2.235161438e+02;1.902546152e-03
2.237246552e+02;1.955826301e-03
2.239331665e+02;3.634151770e-03
2.241416931e+02;2.595188329e-03
2.243502350e+02;2.435347764e-03
2.245587921e+02;4.166953266e-03
2.247673492e+02;3.500951221e-03
2.249759216e+02;4.699754994e-03
2.251845093e+02;3.367750905e-03
2.253930969e+02;7.836625446e-04
2.256017151e+02;3.367750905e-03
2.258103180e+02;2.515268046e-03
2.260189514e+02;1.502944855e-03
2.262275848e+02;2.142306883e-03
2.264362335e+02;9.701431263e-04
2.266448975e+02;2.035746584e-03
2.268535614e+02;1.449664705e-03
2.270622406e+02;2.728388878e-03
2.272709351e+02;3.041409655e-04
2.274796295e+02;5.705418298e-04
2.276883392e+02;3.048069775e-03
2.278970642e+02;-5.217017024e-04
2.281058044e+02;2.595188329e-03
2.283145447e+02;2.275507431e-03
2.285233002e+02;4.459994379e-03
2.287320557e+02;2.941509476e-03
2.289408417e+02;4.273513798e-03
2.291496277e+02;3.980472684e-03
2.293584137e+02;1.289824140e-03
2.295672302e+02;3.527591471e-03
2.297760468e+02;2.888229210e-03
2.299848785e+02;1.716065570e-03
2.301937103e+02;1.849266002e-03
2.304025726e+02;5.172616802e-04
2.306114197e+02;8.369426941e-04
2.308202972e+02;1.183263841e-03
2.310291748e+02;5.705418298e-04
2.312380676e+02;9.435030515e-04
2.314469757e+02;6.771021872e-04
2.316558990e+02;1.769345719e-03
2.318648224e+02;2.435347764e-03
2.320737610e+02;1.183263841e-03
2.322826996e+02;3.207910340e-03
2.324916534e+02;1.343104290e-03
2.327006226e+02;4.113673232e-03
2.329096069e+02;2.648468595e-03
2.331185913e+02;4.912875593e-03
2.333275909e+02;2.248867182e-03
2.335366058e+02;2.914869459e-03
2.337456207e+02;1.822625869e-03
2.339546661e+02;3.394390922e-03
2.341636963e+02;2.408707747e-03
2.343727570e+02;2.541908296e-03
2.345818176e+02;2.728388878e-03
2.347908936e+02;2.222227165e-03
2.349999847e+02;-4.218013419e-05
2.352090759e+02;1.423024572e-03
2.354181824e+02;2.508608159e-04
2.356273041e+02;1.476304722e-03
2.358364258e+02;3.314470639e-03
2.360455627e+02;4.406714346e-03
2.362547150e+02;1.662785304e-03
2.364638824e+02;3.261190606e-03
2.366730499e+02;6.771021872e-04
2.368822327e+02;2.195587149e-03
2.370914154e+02;1.609505154e-03
2.373006287e+02;4.273513798e-03
2.375098419e+02;1.316464273e-03
2.377190552e+02;3.048069775e-03
2.379282990e+02;3.101350041e-03
2.381375427e+02;2.755028894e-03
2.383468018e+02;1.742705586e-03
2.385560608e+02;1.369744423e-03
2.387653503e+02;1.709405478e-04
2.389746246e+02;1.795985736e-03
2.391839294e+02;1.423024572e-03
2.393932343e+02;1.716065570e-03
2.396025543e+02;9.435030515e-04
2.398118896e+02;2.541908296e-03
2.400212402e+02;-5.749818520e-04
2.402305908e+02;2.728388878e-03
2.404399414e+02;3.774012293e-05
2.406493225e+02;3.421030939e-03
2.408587036e+02;1.582865138e-03
2.410681000e+02;4.753035493e-03
2.412775116e+02;3.207910340e-03
2.414869232e+02;3.527591471e-03
2.416963501e+02;3.574211441e-04
2.419057922e+02;4.113673232e-03
2.421152344e+02;2.834949177e-03
2.423246918e+02;3.607511520e-03
2.425341644e+02;3.500951221e-03
2.427436371e+02;2.488628030e-03
2.429531403e+02;7.836625446e-04
2.431626434e+02;1.689425437e-03
2.433721466e+02;2.775008907e-04
2.435816650e+02;7.037422620e-04
2.437911987e+02;6.504621124e-04
2.440007477e+02;2.675108612e-03
2.442103119e+02;1.662785304e-03
2.444198761e+02;2.195587149e-03
2.446294403e+02;2.355427481e-03
2.448390350e+02;4.459994379e-03
2.450486298e+02;2.781668911e-03
2.452582397e+02;5.152636673e-03
2.454678650e+02;3.447671188e-03
2.456774902e+02;4.140313249e-03
2.458871307e+02;2.914869459e-03
2.460967865e+02;3.447671188e-03
2.463064423e+02;2.435347764e-03
2.465161133e+02;4.193593282e-03
2.467257996e+02;1.795985736e-03
2.469354858e+02;3.394390922e-03
2.471451874e+02;-8.147426415e-04
2.473549042e+02;1.183263841e-03
2.475646362e+02;-1.221003913e-04
2.477743683e+02;1.609505154e-03
2.479841156e+02;1.129983691e-03
2.481938782e+02;2.408707747e-03
2.484036407e+02;6.438020500e-05
2.486134186e+02;3.447671188e-03
2.488232117e+02;7.836625446e-04
2.490330048e+02;3.793992102e-03
2.492428284e+02;1.076703425e-03
2.494526367e+02;5.738718435e-03
2.496624756e+02;1.449664705e-03
2.498723145e+02;5.712078419e-03
2.500821686e+02;2.994789742e-03
2.502920380e+02;2.968149493e-03
2.505019073e+02;2.968149493e-03
2.507117920e+02;3.634151770e-03
2.509216919e+02;1.902546152e-03
2.511315918e+02;2.195587149e-03
2.513415222e+02;9.102029435e-05
2.515514374e+02;-2.819409128e-04
2.517613831e+02;-3.085809876e-04
2.519713287e+02;1.316464273e-03
2.521812897e+02;1.709405478e-04
2.523912659e+02;2.461988013e-03
2.526012421e+02;2.568548312e-03
2.528112335e+02;1.582865138e-03
2.530212402e+02;3.287830623e-03
2.532312469e+02;3.394390922e-03
2.534412689e+02;1.502944855e-03
2.536513062e+02;4.459994379e-03
2.538613586e+02;2.062386600e-03
2.540714111e+02;4.513274413e-03
2.542814789e+02;3.048069775e-03
2.544915466e+02;2.595188329e-03
2.547016449e+02;4.220233764e-03
2.549117432e+02;3.394390922e-03
2.551218567e+02;3.101350041e-03
2.553319702e+02;2.968149493e-03
2.555420990e+02;-2.553008089e-04
2.557522430e+02;5.971819046e-04
2.559623871e+02;3.234550357e-03
2.561725464e+02;2.488628030e-03
2.563827209e+02;1.050063409e-03
2.565928955e+02;2.755028894e-03
2.568031006e+02;1.396384439e-03
2.570133057e+02;5.125996657e-03
2.572235107e+02;2.195587149e-03
2.574337463e+02;2.408707747e-03
2.576439819e+02;3.261190606e-03
2.578542480e+02;3.740712069e-03
2.580644836e+02;3.261190606e-03
2.582747498e+02;3.074709792e-03
2.584850464e+02;1.316464273e-03
2.586953430e+02;3.048069775e-03
2.589056396e+02;2.248867182e-03
2.591159363e+02;2.808308927e-03
2.593262634e+02;1.076703425e-03
2.595365906e+02;1.716065570e-03
2.597469482e+02;-1.001223223e-03
2.599573059e+02;4.373413976e-04
2.601676636e+02;3.774012293e-05
2.603780212e+02;1.343104290e-03
2.605884094e+02;3.287830623e-03
2.607988281e+02;5.439017550e-04
2.610092163e+02;2.382067731e-03
2.612196350e+02;1.582865138e-03
2.614300842e+02;7.303823368e-04
2.616405029e+02;3.447671188e-03
2.618509521e+02;1.822625869e-03
2.620614319e+02;4.832955543e-03
2.622718811e+02;3.474311205e-03
2.624823608e+02;2.675108612e-03
2.626928711e+02;1.849266002e-03
2.629033508e+02;2.248867182e-03
2.631138916e+02;3.021429759e-03
2.633244019e+02;2.808308927e-03
2.635349426e+02;7.570224116e-04
2.637454834e+02;1.316464273e-03
2.639560242e+02;2.168946899e-03
2.641665955e+02;1.709405478e-04
2.643771973e+02;7.570224116e-04
2.645877686e+02;1.875906019e-03
2.647983704e+02;5.439017550e-04
2.650089722e+02;9.168629767e-04
2.652196045e+02;3.474311205e-03
2.654302368e+02;3.127990058e-03
2.656408691e+02;3.527591471e-03
2.658515320e+02;1.849266002e-03
2.660621948e+02;2.142306883e-03
2.662728577e+02;2.994789742e-03
2.664835510e+02;2.941509476e-03
2.666942444e+02;2.168946899e-03
2.669049377e+02;2.541908296e-03
2.671156616e+02;2.781668911e-03
2.673263855e+02;1.050063409e-03
2.675371094e+02;1.502944855e-03
2.677478638e+02;-8.946628659e-04
2.679586182e+02;1.955826301e-03
2.681694031e+02;3.041409655e-04
2.683801575e+02;1.849266002e-03
2.685909729e+02;1.556225005e-03
2.688017578e+02;2.508608159e-04
2.690125732e+02;1.902546152e-03
2.692233887e+02;2.621828346e-03
2.694342346e+02;6.504621124e-04
2.696450806e+02;4.300153814e-03
2.698559265e+02;3.900552634e-03
2.700667725e+02;5.019436125e-03
2.702776489e+02;3.154630074e-03
2.704885559e+02;3.767352086e-03
2.706994324e+02;1.849266002e-03
2.709103394e+02;4.353433847e-03
2.711212769e+02;2.408707747e-03
2.713321838e+02;5.971819046e-04
2.715431213e+02;-4.218013419e-05
2.717540894e+02;1.156623708e-03
2.719650269e+02;9.967832593e-04
2.721760254e+02;9.967832593e-04
2.723869934e+02;4.373413976e-04
2.725979919e+02;1.209903858e-03
2.728089905e+02;2.994789742e-03
2.730199890e+02;2.302147448e-03
2.732310181e+02;1.769345719e-03
2.734420471e+02;3.394390922e-03
2.736531067e+02;2.808308927e-03
2.738641663e+02;4.033753183e-03
2.740752258e+02;2.275507431e-03
2.742862854e+02;6.085039582e-03
2.744973755e+02;3.367750905e-03
2.747084961e+02;4.912875593e-03
2.749195862e+02;2.461988013e-03
2.751307068e+02;2.488628030e-03
2.753418274e+02;1.396384439e-03
2.755529785e+02;3.607511520e-03
2.757641296e+02;1.502944855e-03
2.759752808e+02;1.955826301e-03
2.761864624e+02;3.840612480e-04
2.763976440e+02;3.793992102e-03
2.766088562e+02;7.836625446e-04
2.768200378e+02;1.975806372e-04
2.770312500e+02;1.236543991e-03
2.772424927e+02;3.900552634e-03
2.774537354e+02;2.728388878e-03
2.776649780e+02;3.447671188e-03
2.778762207e+02;2.488628030e-03
2.780874939e+02;2.541908296e-03
2.782987671e+02;4.140313249e-03
2.785100708e+02;4.087033216e-03
2.787213745e+02;3.101350041e-03
2.789326782e+02;2.541908296e-03
2.791439819e+02;1.050063409e-03
2.793553162e+02;-3.885012411e-04
2.795666504e+02;2.941509476e-03
2.797780151e+02;2.195587149e-03
2.799893799e+02;1.396384439e-03
2.802007446e+02;2.275507431e-03
2.804121399e+02;1.822625869e-03
2.806235352e+02;1.156623708e-03
2.808349304e+02;1.316464273e-03
2.810463562e+02;2.994789742e-03
2.812577820e+02;1.716065570e-03
2.814692078e+02;1.582865138e-03
2.816806641e+02;1.875906019e-03
2.818921204e+02;2.541908296e-03
2.821036072e+02;2.195587149e-03
2.823150635e+02;3.634151770e-03
2.825265808e+02;3.793992102e-03
2.827380676e+02;3.367750905e-03
2.829495850e+02;3.367750905e-03
2.831611023e+02;2.142306883e-03
2.833726501e+02;1.369744423e-03
2.835841675e+02;2.508608159e-04
2.837957458e+02;8.902228437e-04
2.840072937e+02;8.902228437e-04
2.842188721e+02;-9.479430737e-04
2.844304504e+02;1.023423276e-03
2.846420593e+02;3.307810694e-04
2.848536682e+02;2.595188329e-03
2.850652771e+02;1.742705586e-03
2.852769165e+02;3.314470639e-03
2.854885559e+02;2.515268046e-03
2.857001953e+02;2.089026617e-03
2.859118652e+02;2.248867182e-03
2.861235352e+02;4.406714346e-03
2.863352051e+02;2.248867182e-03
2.865469055e+02;4.753035493e-03
2.867586060e+02;1.316464273e-03
2.869703064e+02;2.488628030e-03
2.871820374e+02;2.408707747e-03
2.873937683e+02;1.183263841e-03
2.876055298e+02;5.705418298e-04
2.878172913e+02;1.795985736e-03
2.880290527e+02;4.107013228e-04
2.882408142e+02;6.504621124e-04
2.884526062e+02;9.435030515e-04
2.886643982e+02;1.502944855e-03
2.888762207e+02;1.556225005e-03
2.890880432e+02;1.129983691e-03
2.892998657e+02;1.795985736e-03
2.895116882e+02;3.607511520e-03
2.897235413e+02;8.369426941e-04
2.899354248e+02;3.687431803e-03
2.901472778e+02;1.103343558e-03
2.903591614e+02;4.646474961e-03
2.905710754e+02;4.087033216e-03
2.907829590e+02;3.953832667e-03
2.909948730e+02;1.582865138e-03
2.912068176e+02;2.941509476e-03
2.914187317e+02;1.050063409e-03
2.916306763e+02;2.408707747e-03
2.918426514e+02;7.836625446e-04
2.920546265e+02;2.062386600e-03
2.922666016e+02;1.423024572e-03
2.924785767e+02;1.822625869e-03
2.926905823e+02;7.037422620e-04
2.929025879e+02;2.968149493e-03
2.931146240e+02;8.635827689e-04
2.933266296e+02;3.341110656e-03
2.935386963e+02;4.166953266e-03
2.937507324e+02;2.142306883e-03
2.939627991e+02;3.048069775e-03
2.941748657e+02;4.726395011e-03
2.943869629e+02;2.195587149e-03
2.945990601e+02;4.326793831e-03
2.948111572e+02;2.941509476e-03
2.950232849e+02;3.021429759e-03
2.952354126e+02;1.502944855e-03
2.954475403e+02;2.435347764e-03
2.956596680e+02;2.168946899e-03
2.958718262e+02;2.248867182e-03
2.960840149e+02;-1.027863356e-03
2.962962036e+02;2.035746584e-03
2.965083923e+02;1.103343558e-03
2.967205811e+02;4.906216054e-04
2.969328003e+02;2.248867182e-03
2.971450195e+02;3.500951221e-03
2.973572388e+02;1.662785304e-03
2.975694885e+02;2.861589193e-03
2.977817383e+02;3.021429759e-03
2.979940186e+02;4.140313249e-03
2.982062683e+02;1.875906019e-03
2.984185791e+02;5.259196740e-03
2.986308594e+02;4.806315526e-03
2.988431702e+02;2.648468595e-03
2.990554810e+02;3.660791786e-03
2.992678223e+02;2.515268046e-03
2.994801636e+02;1.316464273e-03
2.996925049e+02;2.302147448e-03
2.999048462e+02;6.438020500e-05
3.001172180e+02;2.968149493e-03
3.003296204e+02;4.906216054e-04
3.005419922e+02;2.408707747e-03
3.007543945e+02;4.373413976e-04
3.009668274e+02;2.355427481e-03
3.011792297e+02;1.076703425e-03
3.013916626e+02;2.595188329e-03
3.016041260e+02;1.716065570e-03
3.018165588e+02;4.673114978e-03
3.020290222e+02;3.767352086e-03
3.022415161e+02;3.927192651e-03
3.024539795e+02;1.849266002e-03
3.026665039e+02;4.433354363e-03
3.028789978e+02;2.808308927e-03
3.030915222e+02;2.222227165e-03
3.033040466e+02;1.929186168e-03
3.035165710e+02;2.488628030e-03
3.037291260e+02;7.037422620e-04
3.039416809e+02;1.609505154e-03
3.041542664e+02;1.396384439e-03
3.043668518e+02;3.367750905e-03
3.045794373e+02;1.822625869e-03
3.047920532e+02;8.635827689e-04
3.050046387e+02;2.062386600e-03
3.052172852e+02;4.107013228e-04
3.054299011e+02;2.408707747e-03
3.056425476e+02;2.515268046e-03
3.058552246e+02;1.636145287e-03
3.060678711e+02;3.101350041e-03
3.062805481e+02;3.580871504e-03
3.064932556e+02;3.767352086e-03
3.067059326e+02;3.980472684e-03
3.069186401e+02;2.834949177e-03
3.071313782e+02;4.273513798e-03
3.073440857e+02;3.074709792e-03
3.075568237e+02;2.435347764e-03
3.077695923e+02;1.716065570e-03
3.079823608e+02;1.103343558e-03
3.081951294e+02;6.438020500e-05
3.084078979e+02;1.822625869e-03
3.086206970e+02;2.755028894e-03
3.088334961e+02;-8.946628659e-04
3.090463257e+02;1.449664705e-03
3.092591248e+02;1.902546152e-03
3.094719849e+02;3.261190606e-03
3.096848145e+02;2.461988013e-03
3.098976746e+02;1.369744423e-03
3.101105347e+02;2.355427481e-03
3.103234253e+02;4.593194928e-03
3.105363159e+02;3.074709792e-03
3.107492065e+02;3.021429759e-03
3.109621277e+02;1.449664705e-03
3.111750183e+02;3.101350041e-03
3.113879700e+02;2.248867182e-03
3.116008911e+02;3.234550357e-03
3.118138428e+02;1.795985736e-03
3.120268250e+02;5.439017550e-04
3.122397766e+02;8.635827689e-04
3.124527588e+02;2.222227165e-03
3.126657715e+02;1.975806372e-04
3.128787842e+02;1.902546152e-03
3.130917969e+02;1.076703425e-03
3.133048096e+02;2.408707747e-03
3.135178528e+02;2.355427481e-03
3.137308960e+02;2.541908296e-03
3.139439392e+02;3.207910340e-03
3.141570129e+02;2.994789742e-03
3.143700867e+02;3.500951221e-03
3.145831909e+02;2.941509476e-03
3.147962952e+02;3.580871504e-03
3.150093994e+02;3.367750905e-03
3.152225037e+02;2.675108612e-03
3.154356384e+02;1.529584872e-03
3.156487732e+02;1.023423276e-03
3.158619385e+02;2.994789742e-03
3.160751038e+02;2.541908296e-03
3.162882690e+02;2.941509476e-03
3.165014648e+02;8.369426941e-04
3.167146606e+02;2.062386600e-03
3.169278564e+02;-1.554005030e-05
3.171410828e+02;3.261190606e-03
3.173543091e+02;2.035746584e-03
3.175675354e+02;3.607511520e-03
3.177807922e+02;9.967832593e-04
3.179940491e+02;3.181270324e-03
3.182073059e+02;2.515268046e-03
3.184205933e+02;4.939516075e-03
3.186338806e+02;4.779675510e-03
3.188471680e+02;3.847272368e-03
3.190604858e+02;2.515268046e-03
3.192738037e+02;4.087033216e-03
3.194871521e+02;2.508608159e-04
3.197004700e+02;1.689425437e-03
3.199138184e+02;4.906216054e-04
3.201271973e+02;2.621828346e-03
3.203405762e+02;2.355427481e-03
3.205539551e+02;2.062386600e-03
3.207673340e+02;6.438020500e-05
3.209807434e+02;1.742705586e-03
3.211941833e+02;2.009106567e-03
3.214075928e+02;2.648468595e-03
3.216210327e+02;2.488628030e-03
3.218344727e+02;3.873912385e-03
3.220479431e+02;2.195587149e-03
3.222614136e+02;3.314470639e-03
3.224748840e+02;2.328787465e-03
3.226883850e+02;3.421030939e-03
3.229018860e+02;2.781668911e-03
3.231153870e+02;3.687431803e-03
3.233289185e+02;2.515268046e-03
3.235424500e+02;3.774012293e-05
3.237559814e+02;1.369744423e-03
3.239695435e+02;2.089026617e-03
3.241831055e+02;-3.352210915e-04
3.243966675e+02;1.176603764e-04
3.246102600e+02;-4.684214946e-04
3.248238525e+02;2.035746584e-03
3.250374451e+02;2.062386600e-03
3.252510681e+02;3.660791786e-03
3.254646912e+02;2.302147448e-03
3.256783447e+02;2.408707747e-03
3.258919983e+02;1.662785304e-03
3.261056519e+02;3.421030939e-03
3.263193054e+02;2.861589193e-03
3.265329895e+02;4.300153814e-03
3.267466736e+02;2.701748628e-03
3.269603882e+02;1.103343558e-03
3.271741028e+02;1.716065570e-03
3.273878174e+02;2.035746584e-03
3.276015625e+02;6.504621124e-04
3.278152771e+02;6.771021872e-04
3.280290527e+02;3.774012293e-05
3.282427979e+02;1.396384439e-03
3.284565735e+02;7.836625446e-04
3.286703796e+02;1.129983691e-03
3.288841553e+02;1.023423276e-03
3.290979614e+02;2.541908296e-03
3.293117981e+02;3.181270324e-03
3.295256042e+02;2.248867182e-03
3.297394409e+02;2.595188329e-03
3.299533081e+02;3.554231487e-03
3.301671448e+02;3.154630074e-03
3.303810425e+02;1.076703425e-03
3.305949097e+02;4.459994379e-03
3.308088074e+02;4.912875593e-03
3.310227051e+02;3.554231487e-03
3.312366028e+02;8.369426941e-04
3.314505310e+02;1.716065570e-03
3.316644592e+02;2.275507431e-03
3.318784180e+02;5.439017550e-04
3.320923767e+02;2.142306883e-03
3.323063354e+02;5.705418298e-04
3.325202942e+02;3.980472684e-03
3.327342834e+02;3.041409655e-04
3.329482727e+02;1.636145287e-03
3.331622925e+02;-6.882021989e-05
3.333763123e+02;3.873912385e-03
3.335903320e+02;6.438020500e-05
3.338043823e+02;2.914869459e-03
3.340184326e+02;1.822625869e-03
3.342324829e+02;3.873912385e-03
3.344465332e+02;4.539914429e-03
3.346606140e+02;3.048069775e-03
3.348747253e+02;1.156623708e-03
3.350888062e+02;8.902228437e-04
3.353029175e+02;2.968149493e-03
3.355170593e+02;8.635827689e-04
3.357311707e+02;2.541908296e-03
3.359453125e+02;1.636145287e-03
3.361594849e+02;6.238220376e-04
3.363736572e+02;-3.885012411e-04
3.365878296e+02;2.461988013e-03
3.368020020e+02;1.662785304e-03
3.370162048e+02;8.103026194e-04
3.372304077e+02;2.701748628e-03
3.374446106e+02;7.836625446e-04
3.376588440e+02;3.074709792e-03
3.378730774e+02;2.355427481e-03
3.380873413e+02;3.341110656e-03
3.383016052e+02;2.035746584e-03
3.385158691e+02;3.714072052e-03
3.387301331e+02;2.968149493e-03
3.389444275e+02;3.314470639e-03
3.391587524e+02;2.701748628e-03
3.393730469e+02;3.048069775e-03
3.395873718e+02;1.529584872e-03
3.398016968e+02;1.982466318e-03
3.400160522e+02;2.035746584e-03
3.402304077e+02;2.035746584e-03
3.404447632e+02;2.808308927e-03
3.406591492e+02;2.009106567e-03
3.408735352e+02;-1.161063788e-03
3.410879211e+02;2.888229210e-03
3.413023376e+02;1.822625869e-03
3.415167542e+02;2.914869459e-03
3.417311707e+02;3.181270324e-03
3.419456177e+02;3.953832667e-03
3.421600647e+02;3.074709792e-03
3.423745117e+02;5.205916706e-03
3.425889893e+02;2.675108612e-03
3.428034668e+02;2.781668911e-03
3.430179443e+02;2.941509476e-03
3.432324524e+02;2.888229210e-03
3.434469604e+02;2.168946899e-03
3.436614990e+02;8.369426941e-04
3.438760376e+02;1.662785304e-03
3.440905762e+02;2.435347764e-03
3.443051147e+02;1.975806372e-04
3.445196838e+02;2.861589193e-03
3.447342529e+02;1.343104290e-03
3.449488525e+02;1.902546152e-03
3.451634521e+02;1.076703425e-03
3.453780518e+02;1.689425437e-03
3.455926514e+02;6.771021872e-04
3.458072815e+02;2.675108612e-03
3.460219116e+02;1.343104290e-03
3.462365723e+02;4.140313249e-03
3.464512329e+02;3.873912385e-03
3.466658936e+02;3.660791786e-03
3.468805847e+02;1.609505154e-03
3.470952759e+02;2.808308927e-03
3.473099670e+02;3.767352086e-03
3.475246887e+02;3.980472684e-03
3.477394104e+02;8.635827689e-04
3.479541321e+02;2.568548312e-03
3.481688843e+02;7.836625446e-04
3.483836365e+02;1.423024572e-03
3.485983887e+02;2.009106567e-03
3.488131714e+02;1.769345719e-03
3.490279541e+02;1.343104290e-03
3.492427673e+02;4.246873781e-03
3.494575500e+02;2.275507431e-03
3.496723633e+02;2.035746584e-03
3.498872070e+02;1.689425437e-03
3.501020508e+02;2.595188329e-03
3.503168945e+02;9.701431263e-04
3.505317383e+02;4.060393199e-03
3.507466125e+02;2.808308927e-03
3.509614868e+02;3.421030939e-03
3.511763916e+02;1.129983691e-03
3.513912964e+02;1.476304722e-03
3.516062012e+02;-7.348223589e-04
3.518211060e+02;2.621828346e-03
3.520360413e+02;2.914869459e-03
3.522509766e+02;4.107013228e-04
3.524659424e+02;8.369426941e-04
3.526809082e+02;2.861589193e-03
3.528958740e+02;1.636145287e-03
3.531108704e+02;2.195587149e-03
3.533258667e+02;3.580871504e-03
3.535408630e+02;3.314470639e-03
3.537558899e+02;2.968149493e-03
3.539709167e+02;3.980472684e-03
3.541859436e+02;2.595188329e-03
3.544010010e+02;5.179276690e-03
3.546160583e+02;3.580871504e-03
3.548311157e+02;5.152636673e-03
3.550462036e+02;1.742705586e-03
3.552612915e+02;2.728388878e-03
3.554763794e+02;1.975806372e-04
3.556914978e+02;1.529584872e-03
3.559066162e+02;2.775008907e-04
3.561217651e+02;2.488628030e-03
3.563368835e+02;1.689425437e-03
3.565520325e+02;2.621828346e-03
3.567672119e+02;1.822625869e-03
3.569823914e+02;3.500951221e-03
3.571975708e+02;-4.218013419e-05
3.574127502e+02;1.982466318e-03
3.576279602e+02;1.875906019e-03
3.578431702e+02;3.500951221e-03
3.580584106e+02;2.648468595e-03
3.582736511e+02;3.687431803e-03
3.584888916e+02;3.687431803e-03
3.587041626e+02;6.671121344e-03
3.589194031e+02;2.328787465e-03
3.591347046e+02;2.515268046e-03
3.593499756e+02;2.222227165e-03
3.595652771e+02;2.541908296e-03
3.597806091e+02;1.849266002e-03
3.599959106e+02;3.127990058e-03
3.602112427e+02;1.689425437e-03
3.604265747e+02;1.236543991e-03
3.606419373e+02;1.769345719e-03
3.608572998e+02;2.382067731e-03
3.610726624e+02;1.476304722e-03
3.612880554e+02;2.568548312e-03
3.615034485e+02;2.089026617e-03
3.617188416e+02;4.113673232e-03
3.619342651e+02;1.929186168e-03
3.621496887e+02;6.085039582e-03
3.623651428e+02;2.914869459e-03
3.625805664e+02;3.687431803e-03
3.627960510e+02;3.314470639e-03
3.630115051e+02;7.097363006e-03
3.632269897e+02;4.007112700e-03
3.634424744e+02;4.619834945e-03
3.636579590e+02;2.994789742e-03
3.638734741e+02;2.195587149e-03
3.640889893e+02;1.423024572e-03
3.643045349e+02;2.461988013e-03
3.645200806e+02;1.769345719e-03
3.647356262e+02;2.408707747e-03
3.649511719e+02;5.365757272e-03
3.651667480e+02;3.367750905e-03
3.653823242e+02;2.222227165e-03
3.655979309e+02;2.675108612e-03
3.658135376e+02;3.474311205e-03
3.660291443e+02;4.193593282e-03
3.662447815e+02;5.705418298e-04
3.664604187e+02;3.687431803e-03
3.666760559e+02;5.472317804e-03
3.668917236e+02;4.912875593e-03
3.671073914e+02;3.873912385e-03
3.673230591e+02;4.406714346e-03
3.675387268e+02;4.326793831e-03
3.677544250e+02;4.193593282e-03
3.679701538e+02;2.461988013e-03
3.681858826e+02;2.035746584e-03
3.684016113e+02;1.263184124e-03
3.686173401e+02;2.808308927e-03
3.688330994e+02;2.861589193e-03
3.690488586e+02;3.181270324e-03
3.692646179e+02;1.449664705e-03
3.694804077e+02;4.087033216e-03
3.696961975e+02;-1.487404807e-04
3.699119873e+02;2.382067731e-03
3.701278076e+02;2.168946899e-03
3.703436279e+02;4.060393199e-03
3.705594788e+02;4.380074330e-03
3.707752991e+02;4.699754994e-03
3.709911804e+02;4.966156092e-03
3.712070312e+02;6.271520164e-03
3.714229126e+02;2.968149493e-03
3.716387939e+02;6.431360729e-03
3.718547058e+02;3.287830623e-03
3.720706177e+02;5.232556723e-03
3.722865295e+02;4.832955543e-03
3.725024414e+02;2.861589193e-03
3.727183838e+02;1.023423276e-03
3.729343262e+02;3.181270324e-03
3.731502991e+02;2.168946899e-03
3.733662720e+02;2.621828346e-03
3.735822449e+02;3.207910340e-03
3.737982483e+02;5.152636673e-03
3.740142517e+02;5.365757272e-03
3.742302551e+02;4.779675510e-03
3.744462891e+02;4.486634396e-03
3.746623230e+02;4.220233764e-03
3.748783569e+02;4.166953266e-03
3.750944214e+02;7.576884236e-03
3.753104858e+02;4.939516075e-03
3.755265503e+02;6.111679599e-03
3.757426453e+02;5.791998468e-03
3.759587402e+02;6.031759549e-03
3.761748352e+02;1.636145287e-03
3.763909607e+02;5.339117255e-03
3.766070862e+02;3.953832667e-03
3.768232117e+02;3.607511520e-03
3.770393677e+02;2.968149493e-03
3.772555237e+02;3.367750905e-03
3.774717102e+02;2.035746584e-03
3.776878662e+02;6.111679599e-03
3.779040833e+02;3.607511520e-03
3.781202698e+02;3.554231487e-03
3.783364868e+02;4.486634396e-03
3.785527039e+02;4.646474961e-03
3.787689514e+02;5.259196740e-03
3.789851685e+02;5.845278967e-03
3.792014465e+02;5.179276690e-03
3.794176941e+02;6.884241942e-03
3.796339722e+02;5.365757272e-03
3.798502502e+02;7.790005300e-03
3.800665588e+02;6.244880147e-03
3.802828674e+02;5.125996657e-03
3.804991760e+02;3.421030939e-03
3.807154846e+02;4.433354363e-03
3.809318237e+02;3.181270324e-03
3.811481934e+02;3.607511520e-03
3.813645325e+02;3.261190606e-03
3.815809021e+02;5.445677321e-03
3.817973022e+02;3.261190606e-03
3.820136719e+02;5.099356640e-03
3.822300720e+02;5.046076141e-03
3.824465027e+02;4.539914429e-03
3.826629028e+02;3.927192651e-03
3.828793335e+02;6.164959632e-03
3.830957947e+02;4.806315526e-03
3.833122253e+02;6.005119532e-03
3.835286865e+02;7.097363006e-03
3.837451782e+02;7.603524253e-03
3.839616394e+02;4.779675510e-03
3.841781616e+02;7.683444768e-03
3.843946533e+02;6.244880147e-03
3.846111755e+02;6.458000746e-03
3.848276978e+02;5.765358452e-03
3.850442200e+02;5.632157903e-03
3.852607727e+02;4.060393199e-03
3.854773254e+02;6.138319615e-03
3.856939087e+02;3.207910340e-03
3.859104614e+02;5.978479050e-03
3.861270752e+02;4.859595560e-03
3.863436584e+02;5.871918984e-03
3.865602722e+02;4.087033216e-03
3.867768860e+02;5.205916706e-03
3.869935303e+02;6.031759549e-03
3.872101746e+02;6.324800197e-03
3.874268188e+02;6.884241942e-03
3.876434631e+02;1.002777275e-02
3.878601379e+02;7.843284868e-03
3.880768127e+02;7.843284868e-03
3.882935181e+02;8.296166547e-03
3.885102234e+02;6.484640762e-03
3.887269287e+02;9.654810652e-03
3.889436646e+02;6.937522441e-03
3.891604004e+02;6.777681876e-03
3.893771362e+02;6.111679599e-03
3.895939026e+02;5.605517887e-03
3.898106689e+02;4.699754994e-03
3.900274353e+02;7.710084785e-03
3.902442322e+02;7.044082507e-03
3.904610291e+02;6.271520164e-03
3.906778259e+02;7.150643039e-03
3.908946533e+02;6.564561278e-03
3.911114807e+02;8.482647128e-03
3.913283081e+02;8.802328259e-03
3.915451660e+02;8.615847677e-03
3.917620239e+02;6.910882425e-03
3.919788818e+02;8.109685965e-03
3.921957703e+02;9.441690519e-03
3.924126587e+02;8.962169290e-03
3.926295776e+02;8.855608292e-03
3.928464661e+02;7.656804752e-03
3.930634155e+02;6.324800197e-03
3.932803345e+02;9.468330070e-03
3.934972839e+02;8.376087062e-03
3.937142334e+02;7.816645317e-03
3.939311829e+02;5.712078419e-03
3.941481628e+02;8.136326447e-03
3.943651428e+02;8.855608292e-03
3.945821533e+02;1.093353517e-02
3.947991638e+02;5.791998468e-03
3.950161743e+02;9.521611035e-03
3.952332153e+02;7.230563089e-03
3.954502258e+02;9.281849489e-03
3.956672974e+02;9.068729356e-03
3.958843384e+02;8.216246031e-03
3.961014099e+02;9.601530619e-03
3.963184814e+02;1.077369507e-02
3.965355835e+02;9.122009389e-03
3.967526855e+02;1.143969689e-02
3.969697876e+02;9.228569455e-03
3.971869202e+02;1.117329579e-02
3.974040527e+02;1.066713408e-02
3.976211853e+02;9.974491782e-03
3.978383484e+02;8.988808841e-03
3.980555115e+02;8.855608292e-03
3.982726746e+02;1.053393353e-02
3.984898682e+02;8.775688708e-03
3.987070618e+02;1.133313682e-02
3.989242554e+02;1.042737346e-02
3.991414795e+02;9.601530619e-03
3.993587036e+02;1.045401394e-02
3.995759277e+02;1.002777275e-02
3.997931824e+02;1.293154154e-02
4.000104370e+02;1.186593808e-02
4.002276917e+02;1.287826151e-02
4.004449768e+02;1.277170144e-02
4.006622620e+02;1.258522086e-02
4.008795776e+02;1.397050545e-02
4.010968933e+02;1.311802212e-02
4.013142090e+02;1.167945750e-02
4.015315247e+02;1.274506096e-02
4.017488708e+02;1.130649634e-02
4.019662170e+02;1.165281795e-02
4.021835938e+02;1.117329579e-02
4.024009399e+02;1.207905915e-02
4.026183472e+02;1.202577911e-02
4.028357239e+02;1.181265805e-02
4.030531311e+02;1.327786315e-02
4.032705383e+02;1.215897873e-02
4.034879761e+02;1.159953699e-02
4.037054138e+02;1.215897873e-02
4.039228516e+02;1.202577911e-02
4.041402893e+02;1.570210978e-02
4.043577576e+02;1.282498147e-02
4.045752563e+02;1.423690561e-02
4.047927246e+02;1.245202031e-02
4.050102234e+02;1.343770325e-02
4.052277222e+02;1.215897873e-02
4.054452515e+02;1.450330671e-02
4.056627808e+02;1.578203030e-02
4.058803101e+02;1.455658674e-02
4.060978699e+02;1.279834099e-02
4.063154297e+02;1.447666623e-02
4.065329895e+02;1.341106277e-02
4.067505798e+02;1.367746387e-02
4.069681702e+02;1.314466260e-02
4.071857605e+02;1.279834099e-02
4.074033813e+02;1.618163288e-02
4.076210022e+02;1.237209979e-02
4.078386230e+02;1.508938894e-02
4.080562744e+02;1.554226968e-02
4.082739258e+02;1.698083431e-02
4.084915771e+02;1.780667715e-02
4.087092590e+02;1.679435372e-02
4.089269409e+02;1.764683612e-02
4.091446533e+02;1.897884160e-02
4.093623352e+02;1.719395444e-02
4.095800781e+02;1.658123359e-02
4.097977905e+02;1.559555065e-02
4.100155334e+02;1.626155153e-02
4.102332764e+02;1.362418383e-02
4.104510193e+02;1.543570962e-02
4.106687927e+02;1.570210978e-02
4.108865662e+02;1.948500238e-02
4.111043701e+02;1.524922904e-02
4.113221741e+02;1.969812252e-02
4.115399780e+02;1.759355702e-02
4.117577820e+02;1.847267896e-02
4.119756165e+02;1.628819294e-02
4.121934509e+02;1.828619838e-02
4.124113159e+02;1.876571961e-02
4.126291809e+02;2.089692652e-02
4.128470459e+02;1.988460310e-02
4.130649414e+02;2.134980820e-02
4.132828369e+02;1.817963831e-02
4.135007324e+02;2.188261040e-02
4.137186279e+02;1.945836283e-02
4.139365540e+02;2.015100420e-02
4.141545105e+02;1.887228154e-02
4.143724365e+02;1.991124451e-02
4.145903931e+02;1.860588044e-02
4.148083801e+02;2.033748478e-02
4.150263367e+02;2.180268988e-02
4.152443237e+02;1.857923903e-02
4.154623413e+02;2.140308917e-02
4.156803284e+02;1.953828335e-02
4.158983459e+02;2.076372690e-02
4.161163940e+02;2.337445505e-02
4.163344116e+02;2.254861221e-02
4.165524597e+02;2.164284885e-02
4.167705383e+02;2.433349751e-02
4.169885864e+02;2.470645867e-02
4.172066650e+02;2.523926087e-02
4.174247742e+02;2.691758610e-02
4.176428833e+02;2.428021841e-02
4.178609924e+02;2.185597084e-02
4.180791016e+02;2.228221111e-02
4.182972412e+02;2.222893201e-02
4.185153809e+02;2.246869169e-02
4.187335205e+02;2.265517227e-02
4.189516907e+02;2.273509279e-02
4.191698608e+02;2.406709827e-02
4.193880615e+02;2.238877118e-02
4.196062622e+02;2.483966015e-02
4.198244629e+02;2.281501330e-02
4.200426636e+02;2.412037738e-02
4.202608948e+02;2.518598177e-02
4.204791260e+02;2.627822384e-02
4.206973877e+02;2.643806487e-02
4.209156494e+02;2.643806487e-02
4.211339111e+02;2.699750662e-02
4.213521729e+02;2.707742713e-02
4.215704651e+02;2.697086707e-02
4.217887573e+02;2.539910190e-02
4.220070801e+02;2.635814436e-02
4.222254028e+02;2.697086707e-02
4.224437256e+02;2.739710733e-02
4.226620789e+02;2.699750662e-02
4.228804321e+02;2.651798539e-02
4.230987854e+02;2.891559340e-02
4.233171692e+02;2.627822384e-02
4.235355225e+02;2.515934035e-02
4.237539368e+02;2.593190409e-02
4.239723206e+02;2.646470442e-02
4.241907349e+02;2.867583185e-02
4.244091797e+02;2.990127541e-02
4.246275940e+02;2.638478577e-02
4.248460388e+02;2.784998901e-02
4.250645142e+02;2.899551392e-02
4.252829590e+02;3.011439741e-02
4.255014343e+02;3.102016076e-02
4.257199402e+02;3.054063767e-02
4.259384155e+02;2.902215347e-02
4.261569214e+02;3.112672083e-02
4.263754578e+02;3.075375967e-02
4.265939941e+02;3.171280026e-02
4.268125305e+02;2.840943076e-02
4.270310669e+02;2.955495566e-02
4.272496338e+02;3.304480761e-02
4.274682007e+02;2.984799631e-02
4.276867676e+02;3.107343987e-02
4.279053650e+02;3.163288161e-02
4.281239624e+02;3.325792775e-02
4.283425903e+02;3.336448595e-02
4.285611877e+02;3.203248233e-02
4.287798157e+02;3.411040828e-02
4.289984741e+02;3.530921414e-02
4.292171326e+02;3.395057097e-02
4.294357910e+02;3.616169468e-02
4.296544495e+02;3.594857454e-02
4.298731384e+02;3.272512555e-02
4.300918274e+02;3.704081848e-02
4.303105469e+02;3.312472627e-02
4.305292664e+02;3.480305150e-02
4.307479858e+02;3.541577235e-02
4.309667053e+02;3.184600174e-02
4.311854553e+02;3.296488523e-02
4.314042358e+02;3.498953208e-02
4.316229858e+02;3.416369110e-02
4.318417664e+02;3.469649330e-02
4.320605469e+02;3.658793867e-02
4.322793579e+02;3.725393862e-02
4.324981689e+02;3.712074086e-02
4.327169800e+02;3.693426028e-02
4.329358215e+02;3.744041920e-02
4.331546631e+02;3.957162797e-02
4.333735046e+02;3.959826753e-02
4.335923462e+02;4.093027115e-02
4.338112183e+02;3.693426028e-02
4.340301208e+02;4.127659276e-02
4.342489929e+02;4.095691070e-02
4.344678955e+02;4.106347263e-02
4.346868286e+02;3.981138766e-02
4.349057312e+02;3.826626390e-02
4.351246643e+02;3.837282211e-02
4.353436279e+02;3.744041920e-02
4.355625610e+02;3.885234520e-02
4.357815247e+02;4.098355025e-02
4.360005188e+02;4.010443017e-02
4.362194824e+02;4.151635244e-02
4.364384766e+02;3.895890713e-02
4.366575012e+02;4.047739133e-02
4.368765259e+02;4.103683308e-02
4.370955505e+02;4.330123961e-02
4.373145752e+02;4.279507697e-02
4.375336304e+02;4.260859638e-02
4.377526855e+02;4.303484038e-02
4.379717407e+02;4.524596408e-02
4.381908264e+02;4.372747988e-02
4.384099121e+02;4.588532820e-02
4.386290283e+02;4.615172744e-02
4.388481140e+02;4.593860731e-02
4.390672607e+02;4.447340220e-02
4.392863770e+02;4.428692162e-02
4.395055237e+02;4.356763884e-02
4.397246704e+02;4.473980516e-02
4.399438171e+02;4.295491800e-02
4.401629944e+02;4.769685492e-02
4.403821716e+02;4.700421169e-02
4.406013794e+02;4.617836699e-02
4.408205872e+02;4.625828937e-02
4.410397949e+02;4.689764977e-02
4.412590332e+02;4.894893616e-02
4.414782410e+02;4.902885854e-02
4.416975098e+02;4.751037434e-02
4.419167480e+02;5.006781965e-02
4.421360168e+02;5.131990463e-02
4.423552856e+02;5.110678449e-02
4.425745850e+02;5.105350539e-02
4.427938843e+02;5.036086217e-02
4.430131836e+02;4.737717286e-02
4.432325134e+02;5.123998597e-02
4.434518433e+02;5.230558664e-02
4.436711731e+02;5.139982700e-02
4.438905029e+02;4.868253693e-02
4.441098633e+02;5.102686584e-02
4.443292542e+02;5.233222991e-02
4.445486145e+02;5.299822986e-02
4.447680054e+02;5.105350539e-02
4.449874268e+02;5.430359393e-02
4.452068176e+02;5.283838883e-02
4.454262390e+02;5.334455147e-02
4.456456909e+02;5.225230753e-02
4.458651123e+02;5.190598592e-02
4.460845642e+02;5.371751264e-02
4.463040466e+02;5.480975658e-02
4.465234985e+02;5.488967523e-02
4.467429810e+02;5.630160123e-02
4.469624939e+02;5.401055515e-02
4.471819763e+02;5.523599684e-02
4.474014893e+02;5.395727232e-02
4.476210327e+02;5.446343496e-02
4.478405457e+02;5.587536097e-02
4.480601196e+02;5.819304660e-02
4.482796631e+02;5.281174928e-02
4.484992371e+02;5.624832213e-02
4.487188110e+02;5.558231845e-02
4.489383850e+02;5.883241072e-02
4.491579895e+02;5.691432208e-02
4.493775940e+02;5.973817408e-02
4.495972290e+02;6.101689488e-02
4.498168335e+02;5.947177112e-02
4.500364685e+02;6.208249927e-02
4.502561340e+02;6.216242164e-02
4.504757996e+02;6.104353815e-02
4.506954651e+02;6.266858429e-02
4.509151306e+02;6.141649932e-02
4.511348267e+02;6.349442154e-02
4.513545227e+02;6.160297990e-02
4.515742493e+02;6.368090212e-02
4.517939758e+02;6.410714984e-02
4.520137024e+02;6.418706477e-02
4.522334290e+02;6.341450661e-02
4.524531860e+02;6.637155265e-02
4.526729431e+02;6.501290947e-02
4.528927307e+02;6.466659158e-02
4.531125183e+02;6.426698714e-02
4.533323059e+02;6.615843624e-02
4.535521240e+02;6.783676147e-02
4.537719421e+02;6.613179296e-02
4.539917603e+02;6.661131233e-02
4.542115784e+02;6.682443619e-02
4.544314270e+02;6.890235841e-02
4.546513062e+02;6.615843624e-02
4.548711548e+02;7.199261338e-02
4.550910339e+02;6.554570794e-02
4.553109131e+02;7.193933427e-02
4.555308228e+02;7.228565216e-02
4.557507324e+02;6.943516433e-02
4.559706421e+02;7.212581486e-02
4.561905823e+02;6.946180016e-02
4.564105225e+02;7.172621042e-02
4.566304626e+02;7.300493866e-02
4.568504333e+02;7.111348957e-02
4.570704041e+02;7.356438041e-02
4.572903748e+02;7.303157449e-02
4.575103760e+02;7.209917158e-02
4.577303772e+02;7.510950416e-02
4.579503784e+02;7.396397740e-02
4.581704102e+02;7.353773713e-02
4.583904419e+02;7.987807691e-02
4.586104736e+02;7.942519337e-02
4.588305359e+02;7.841287553e-02
4.590505981e+02;7.942519337e-02
4.592706604e+02;7.780014724e-02
4.594907532e+02;8.043751866e-02
4.597108459e+02;7.854606956e-02
4.599309692e+02;7.985143363e-02
4.601510620e+02;7.945183665e-02
4.603711853e+02;7.732062787e-02
4.605913391e+02;8.035759628e-02
4.608114929e+02;7.915879786e-02
4.610316467e+02;7.939855754e-02
4.612518005e+02;7.971823961e-02
4.614719849e+02;8.565897495e-02
4.616921692e+02;8.419377357e-02
4.619123535e+02;8.493969589e-02
4.621325684e+02;8.573889732e-02
4.623527832e+02;8.563233912e-02
4.625730286e+02;8.667130023e-02
4.627932739e+02;8.768362552e-02
4.630135193e+02;8.763033897e-02
4.632337646e+02;8.789674193e-02
4.634540405e+02;8.755042404e-02
4.636743164e+02;8.832298219e-02
4.638946228e+02;8.888242394e-02
4.641149292e+02;9.016115218e-02
4.643352356e+02;9.016115218e-02
4.645555420e+02;8.691105992e-02
4.647758789e+02;8.856274188e-02
4.649962158e+02;8.773690462e-02
4.652165833e+02;8.874922246e-02
4.654369507e+02;9.032098949e-02
4.656573181e+02;9.098698944e-02
4.658777161e+02;9.540924430e-02
4.660980835e+02;9.090707451e-02
4.663185120e+02;9.266531467e-02
4.665389099e+02;9.679453075e-02
4.667593384e+02;9.183947742e-02
4.669797668e+02;9.410388023e-02
4.672002258e+02;9.671460837e-02
4.674206848e+02;9.767365456e-02
4.676411438e+02;9.642156959e-02
4.678616333e+02;9.415716678e-02
4.680821228e+02;9.695437551e-02
4.683026123e+02;9.770029783e-02
4.685231323e+02;9.754045308e-02
4.687436523e+02;9.916549921e-02
4.689641724e+02;9.807325900e-02
4.691847229e+02;9.564901143e-02
4.694052734e+02;9.932533652e-02
4.696258240e+02;1.012434289e-01
4.698464050e+02;1.010303050e-01
4.700669861e+02;1.013499871e-01
4.702875671e+02;1.016696692e-01
4.705081787e+02;1.007106230e-01
4.707287903e+02;1.031881496e-01
4.709494019e+02;9.980486333e-02
4.711700439e+02;1.026020721e-01
4.713906860e+02;9.884581715e-02
4.716113281e+02;1.002044603e-01
4.718320007e+02;1.007372662e-01
4.720526733e+02;1.028684676e-01
4.722733459e+02;9.903229773e-02
4.724940491e+02;1.023623124e-01
4.727147522e+02;1.018028706e-01
4.729354553e+02;1.018295065e-01
4.731561890e+02;9.985814244e-02
4.733769226e+02;1.022024676e-01
4.735976868e+02;1.021491885e-01
4.738184204e+02;1.058521643e-01
4.740391846e+02;1.034811959e-01
4.742599792e+02;1.041738391e-01
4.744807739e+02;1.059320793e-01
4.747015686e+02;1.088092104e-01
4.749223633e+02;1.058521643e-01
4.751431885e+02;1.070243269e-01
4.753640137e+02;1.099813730e-01
4.755848694e+02;1.064382419e-01
4.758056946e+02;1.098215356e-01
4.760265503e+02;1.071575284e-01
4.762474365e+02;1.119793802e-01
4.764683228e+02;1.112867370e-01
4.766892090e+02;1.109137759e-01
4.769100952e+02;1.097682565e-01
4.771310120e+02;1.085694507e-01
4.773519287e+02;1.088891327e-01
4.775728760e+02;1.108338535e-01
4.777938232e+02;1.102477759e-01
4.780147705e+02;1.099280939e-01
4.782357178e+02;1.111002564e-01
4.784566956e+02;1.131781861e-01
4.786777039e+02;1.135777831e-01
4.788986816e+02;1.112334579e-01
4.791196899e+02;1.159753948e-01
4.793406982e+02;1.121925041e-01
4.795617371e+02;1.121125817e-01
4.797827759e+02;1.146433875e-01
4.800038147e+02;1.152028292e-01
4.802248535e+02;1.112867370e-01
4.804459229e+02;1.172541156e-01
4.806670227e+02;1.177069992e-01
4.808880920e+02;1.165081933e-01
4.811091919e+02;1.155757904e-01
4.813302917e+02;1.189857200e-01
4.815514221e+02;1.167745963e-01
4.817725525e+02;1.142171472e-01
4.819936829e+02;1.200779676e-01
4.822148438e+02;1.177069992e-01
4.824360046e+02;1.204775646e-01
4.826571655e+02;1.154425889e-01
4.828783569e+02;1.206374094e-01
4.830995483e+02;1.200246885e-01
4.833207397e+02;1.183729991e-01
4.835419617e+02;1.190656424e-01
4.837631836e+02;1.197849289e-01
4.839844055e+02;1.223956570e-01
4.842056580e+02;1.212234870e-01
4.844269104e+02;1.203976497e-01
4.846481628e+02;1.215165332e-01
4.848694458e+02;1.187193245e-01
4.850907288e+02;1.211435720e-01
4.853120117e+02;1.243403777e-01
4.855333252e+02;1.234612539e-01
4.857546387e+02;1.214366108e-01
4.859759521e+02;1.241006181e-01
4.861972961e+02;1.209038123e-01
4.864186401e+02;1.227153316e-01
4.866399841e+02;1.260453463e-01
4.868613586e+02;1.244735792e-01
4.870827332e+02;1.248465404e-01
4.873041077e+02;1.277503073e-01
4.875255127e+02;1.259387881e-01
4.877469177e+02;1.284695864e-01
4.879683228e+02;1.250596642e-01
4.881897583e+02;1.269511133e-01
4.884111938e+02;1.305741668e-01
4.886326599e+02;1.292155087e-01
4.888540955e+02;1.326520890e-01
4.890755615e+02;1.306007951e-01
4.892970581e+02;1.295884699e-01
4.895185547e+02;1.246334240e-01
4.897400513e+02;1.291355938e-01
4.899615479e+02;1.270310283e-01
4.901830750e+02;1.282031983e-01
4.904046021e+02;1.311069578e-01
4.906261597e+02;1.294819117e-01
4.908476868e+02;1.268445551e-01
4.910692749e+02;1.309471279e-01
4.912908325e+02;1.280433536e-01
4.915124207e+02;1.252727807e-01
4.917340088e+02;1.298815161e-01
4.919555969e+02;1.281499118e-01
4.921772156e+02;1.306007951e-01
4.923988342e+02;1.301479191e-01
4.926204834e+02;1.306007951e-01
4.928421326e+02;1.310003996e-01
4.930637817e+02;1.328119338e-01
4.932854309e+02;1.364083439e-01
4.935071106e+02;1.359021813e-01
4.937287903e+02;1.336910576e-01
4.939505005e+02;1.309204847e-01
4.941722107e+02;1.343304068e-01
4.943939209e+02;1.316664070e-01
4.946156616e+02;1.330516934e-01
4.948373718e+02;1.314266473e-01
4.950591431e+02;1.310803294e-01
4.952808838e+02;1.304942369e-01
4.955026550e+02;1.340373755e-01
4.957244263e+02;1.325988024e-01
4.959462280e+02;1.353693753e-01
4.961680298e+02;1.330783218e-01
4.963898315e+02;1.322791278e-01
4.966116638e+02;1.292155087e-01
4.968334961e+02;1.319328099e-01
4.970553284e+02;1.362218559e-01
4.972771606e+02;1.295085549e-01
4.974990234e+02;1.323856860e-01
4.977209167e+02;1.341972053e-01
4.979427795e+02;1.303077638e-01
4.981646729e+02;1.353427321e-01
4.983865662e+02;1.353160888e-01
4.986084900e+02;1.245535016e-01
4.988304138e+02;1.323590428e-01
4.990523376e+02;1.369677782e-01
4.992742920e+02;1.328385621e-01
4.994962463e+02;1.328385621e-01
4.997182007e+02;1.322791278e-01
4.999401855e+02;1.311336011e-01
5.001621704e+02;1.320926398e-01
5.003841553e+02;1.312401593e-01
5.006061707e+02;1.328652054e-01
5.008281860e+02;1.292155087e-01
5.010502014e+02;1.343037784e-01
5.012722473e+02;1.325988024e-01
5.014942932e+02;1.289757490e-01
5.017163391e+02;1.312401593e-01
5.019384155e+02;1.263117492e-01
5.021604919e+02;1.322791278e-01
5.023825684e+02;1.274839044e-01
5.026046753e+02;1.323323995e-01
5.028267822e+02;1.285495162e-01
5.030488892e+02;1.287359893e-01
5.032710266e+02;1.233280599e-01
5.034931641e+02;1.302544773e-01
5.037153015e+02;1.244203001e-01
5.039374695e+02;1.291355938e-01
5.041596375e+02;1.254858971e-01
5.043818054e+02;1.271908730e-01
5.046040039e+02;1.250330210e-01
5.048262024e+02;1.258055866e-01
5.050484314e+02;1.297216713e-01
5.052706299e+02;1.244469434e-01
5.054928589e+02;1.199714094e-01
5.057151184e+02;1.275105476e-01
5.059373779e+02;1.213566884e-01
5.061596375e+02;1.211169288e-01
5.063818970e+02;1.215165332e-01
5.066041870e+02;1.202644482e-01
5.068264771e+02;1.181066036e-01
5.070487671e+02;1.190922856e-01
5.072710876e+02;1.209038123e-01
5.074934082e+02;1.161885113e-01
5.077157593e+02;1.170143560e-01
5.079380798e+02;1.189324409e-01
5.081604614e+02;1.174139604e-01
5.083828125e+02;1.153893098e-01
5.086051941e+02;1.176803559e-01
5.088275757e+02;1.187193245e-01
5.090499573e+02;1.119261011e-01
5.092723694e+02;1.156024337e-01
5.094947815e+02;1.157089919e-01
5.097172241e+02;1.131249070e-01
5.099396667e+02;1.115797758e-01
5.101621094e+02;1.131781861e-01
5.103845520e+02;1.096883342e-01
5.106070251e+02;1.132048219e-01
5.108294983e+02;1.099014506e-01
5.110520020e+02;1.082497686e-01
5.112745056e+02;1.097416133e-01
5.114970093e+02;1.105408147e-01
5.117195129e+02;1.108338535e-01
5.119420471e+02;1.118195429e-01
5.121646118e+02;1.099280939e-01
5.123871460e+02;1.115797758e-01
5.126096802e+02;1.095817760e-01
5.128322754e+02;1.118994579e-01
5.130548706e+02;1.084895283e-01
5.132774658e+02;1.089157686e-01
5.135000610e+02;1.132314652e-01
5.137226562e+02;1.103809774e-01
5.139452515e+02;1.099280939e-01
5.141679077e+02;1.089690477e-01
5.143905640e+02;1.085428074e-01
5.146132202e+02;1.081964895e-01
5.148358765e+02;1.066780016e-01
5.150585327e+02;1.091555282e-01
5.152812500e+02;1.090756133e-01
5.155039062e+02;1.105408147e-01
5.157266235e+02;1.070509627e-01
5.159493408e+02;1.065980867e-01
5.161720581e+02;1.093153730e-01
5.163947754e+02;1.056123972e-01
5.166175537e+02;1.045734361e-01
5.168402710e+02;1.067845672e-01
5.170630493e+02;1.070776060e-01
5.172858276e+02;1.086493731e-01
5.175086060e+02;1.059587225e-01
5.177314453e+02;1.068112031e-01
5.179542236e+02;1.045734361e-01
5.181770630e+02;1.071042418e-01
5.183999023e+02;1.059587225e-01
5.186227417e+02;1.052927226e-01
5.188455811e+02;1.050795987e-01
5.190684204e+02;1.085161716e-01
5.192912598e+02;1.055324823e-01
5.195141602e+02;1.042803973e-01
5.197370605e+02;1.055324823e-01
5.199599609e+02;1.071841642e-01
5.201828613e+02;1.064648852e-01
5.204057617e+02;1.074772030e-01
5.206287231e+02;1.053193584e-01
5.208516235e+02;1.089157686e-01
5.210745850e+02;1.084096059e-01
5.212975464e+02;1.074772030e-01
5.215205078e+02;1.091555282e-01
5.217435303e+02;1.075837687e-01
5.219664917e+02;1.067845672e-01
5.221895142e+02;1.111535355e-01
5.224125366e+02;1.067046449e-01
5.226355591e+02;1.098481715e-01
5.228585815e+02;1.042004749e-01
5.230816040e+02;1.093952954e-01
5.233046875e+02;1.079300866e-01
5.235277100e+02;1.056390405e-01
5.237507935e+02;1.078235283e-01
5.239738770e+02;1.076370478e-01
5.241969604e+02;1.049463972e-01
5.244201050e+02;1.083563268e-01
5.246431885e+02;1.074239239e-01
5.248663330e+02;1.088092104e-01
5.250894775e+02;1.092620939e-01
5.253126221e+02;1.041471958e-01
5.255357666e+02;1.067046449e-01
5.257589111e+02;1.057455987e-01
5.259821167e+02;1.103010550e-01
5.262053223e+02;1.098215356e-01
5.264285278e+02;1.096883342e-01
5.266517334e+02;1.095551327e-01
5.268749390e+02;1.062517613e-01
5.270981445e+02;1.074772030e-01
5.273214111e+02;1.076370478e-01
5.275446167e+02;1.074239239e-01
5.277678833e+02;1.088358536e-01
5.279911499e+02;1.054792032e-01
5.282144165e+02;1.079833657e-01
5.284377441e+02;1.065714434e-01
5.286610107e+02;1.060386449e-01
5.288843384e+02;1.105408147e-01
5.291076660e+02;1.058521643e-01
5.293309937e+02;1.072374433e-01
5.295543213e+02;1.075837687e-01
5.297777100e+02;1.071042418e-01
5.300010376e+02;1.049996763e-01
5.302244263e+02;1.054525599e-01
5.304478149e+02;1.076370478e-01
5.306712036e+02;1.052394360e-01
5.308945923e+02;1.019893512e-01
5.311179810e+02;9.812653810e-02
5.313414307e+02;1.021491885e-01
5.315648804e+02;9.929870069e-02
5.317883301e+02;1.004442200e-01
5.320117798e+02;9.927205741e-02
5.322352295e+02;9.945853800e-02
5.324586792e+02;9.868597984e-02
5.326821899e+02;9.719413519e-02
5.329057007e+02;9.199931473e-02
5.331291504e+02;9.916549921e-02
5.333527222e+02;9.580884874e-02
5.335762329e+02;9.572892636e-02
5.337997437e+02;9.242555499e-02
5.340233154e+02;9.309156239e-02
5.342468262e+02;9.106691182e-02
5.344703979e+02;9.258539975e-02
5.346939697e+02;9.218579531e-02
5.349176025e+02;9.013450891e-02
5.351411743e+02;8.909554780e-02
5.353648071e+02;8.957506716e-02
5.355883789e+02;8.624505997e-02
5.358120117e+02;8.094368130e-02
5.360356445e+02;8.440688998e-02
5.362593384e+02;8.443353325e-02
5.364829712e+02;8.267528564e-02
5.367066650e+02;8.211584389e-02
5.369302979e+02;8.067727834e-02
5.371539917e+02;8.003791422e-02
5.373776855e+02;7.700094581e-02
5.376014404e+02;7.750710845e-02
5.378251343e+02;7.439021766e-02
5.380488892e+02;7.417710125e-02
5.382726440e+02;7.236557454e-02
5.384963379e+02;7.436358184e-02
5.387201538e+02;7.337789983e-02
5.389439087e+02;7.265861332e-02
5.391676636e+02;7.281845808e-02
5.393914795e+02;7.047412544e-02
5.396152954e+02;6.759699434e-02
5.398391113e+02;6.927531958e-02
5.400629272e+02;6.727731973e-02
5.402867432e+02;6.173617765e-02
5.405105591e+02;6.288170069e-02
5.407344360e+02;6.173617765e-02
5.409583130e+02;6.016441435e-02
5.411821899e+02;5.941849202e-02
5.414060669e+02;6.200258061e-02
5.416299438e+02;5.712744221e-02
5.418538818e+02;5.638151988e-02
5.420777588e+02;5.726064369e-02
5.423016968e+02;5.784672499e-02
5.425256348e+02;5.449007452e-02
5.427495728e+02;5.403719470e-02
5.429735107e+02;5.467655510e-02
5.431975098e+02;5.427695438e-02
5.434214478e+02;5.283838883e-02
5.436454468e+02;4.809645563e-02
5.438694458e+02;5.076046288e-02
5.440934448e+02;4.996126145e-02
5.443174438e+02;4.852269590e-02
5.445415039e+02;4.735053331e-02
5.447655640e+02;4.564556852e-02
5.449895630e+02;4.260859638e-02
5.452136230e+02;4.591196775e-02
5.454376831e+02;4.066387191e-02
5.456618042e+02;4.314139858e-02
5.458858643e+02;4.268851876e-02
5.461099854e+02;4.223563522e-02
5.463341064e+02;4.298155755e-02
5.465582275e+02;4.090363160e-02
5.467823486e+02;4.066387191e-02
5.470064697e+02;3.951834887e-02
5.472306519e+02;3.909210488e-02
5.474547729e+02;3.592193499e-02
5.476789551e+02;3.847938403e-02
5.479031372e+02;3.658793867e-02
5.481273193e+02;3.642809764e-02
5.483515015e+02;3.592193499e-02
5.485757446e+02;3.637481853e-02
5.487999878e+02;3.493625298e-02
5.490241699e+02;3.371080756e-02
5.492484131e+02;3.123328090e-02
5.494726562e+02;3.355096653e-02
5.496969604e+02;3.280504420e-02
5.499212036e+02;3.323128819e-02
5.501455078e+02;3.078039922e-02
5.503698120e+02;3.144640103e-02
5.505941162e+02;3.472313285e-02
5.508184204e+02;3.219232336e-02
5.510427246e+02;3.264520690e-02
5.512670898e+02;3.062055819e-02
5.514913940e+02;3.221896291e-02
5.517157593e+02;2.806311101e-02
5.519401245e+02;3.208576515e-02
5.521644897e+02;3.088695928e-02
5.523889160e+02;3.080703877e-02
5.526132812e+02;2.984799631e-02
5.528377075e+02;3.054063767e-02
5.530621338e+02;2.718398720e-02
5.532865601e+02;2.902215347e-02
5.535109863e+02;2.851599269e-02
5.537354126e+02;2.830287069e-02
5.539598999e+02;2.537246235e-02
5.541843262e+02;2.646470442e-02
5.544088135e+02;2.848935127e-02
5.546333008e+02;2.827623114e-02
5.548577881e+02;2.601182461e-02
5.550823364e+02;2.819631062e-02
5.553068237e+02;2.654462494e-02
5.555313721e+02;2.934183367e-02
5.557559204e+02;3.157960251e-02
5.559804688e+02;3.110007942e-02
5.562050171e+02;2.753030881e-02
5.564295654e+02;2.984799631e-02
5.566541748e+02;2.979471534e-02
5.568787231e+02;2.952831425e-02
5.571033325e+02;2.910207398e-02
5.573279419e+02;3.139312193e-02
5.575525513e+02;3.099351935e-02
5.577772217e+02;3.046071716e-02
5.580018311e+02;2.779670991e-02
5.582265015e+02;3.083368018e-02
5.584511719e+02;2.899551392e-02
5.586758423e+02;3.224560246e-02
5.589005127e+02;3.054063767e-02
5.591251831e+02;3.216568381e-02
5.593499146e+02;3.181936219e-02
5.595745850e+02;3.544241562e-02
5.597993164e+02;3.245872632e-02
5.600240479e+02;3.666785732e-02
5.602488403e+02;4.085035250e-02
5.604735718e+02;3.698753938e-02
5.606983032e+02;3.922530636e-02
5.609230957e+02;3.858594596e-02
5.611478882e+02;4.061058909e-02
5.613726807e+02;4.045075178e-02
5.615974731e+02;4.026427120e-02
5.618223267e+02;4.258195683e-02
5.620471191e+02;4.359428212e-02
5.622719727e+02;4.346108064e-02
5.624968262e+02;4.394060001e-02
5.627216797e+02;4.511276633e-02
5.629465332e+02;4.798989370e-02
5.631713867e+02;4.886901751e-02
5.633963013e+02;5.113342404e-02
5.636211548e+02;5.347775295e-02
5.638460693e+02;5.398391560e-02
5.640709839e+02;5.774016678e-02
5.642958984e+02;5.715408549e-02
5.645208740e+02;5.933856964e-02
5.647457886e+02;6.304154545e-02
5.649707642e+02;6.650475413e-02
5.651957397e+02;6.519939005e-02
5.654207153e+02;6.770355999e-02
5.656456909e+02;6.850276142e-02
5.658707275e+02;7.164628804e-02
5.660957031e+02;7.124669105e-02
5.663207397e+02;7.553574443e-02
5.665457764e+02;7.710751146e-02
5.667708130e+02;7.830630988e-02
5.669958496e+02;8.299496770e-02
5.672208862e+02;8.795002103e-02
5.674459839e+02;9.024106711e-02
5.676710205e+02;9.080050886e-02
5.678961182e+02;9.583549201e-02
5.681212158e+02;1.004175842e-01
5.683463745e+02;1.005774215e-01
5.685714722e+02;1.069976836e-01
5.687966309e+02;1.118994579e-01
5.690217285e+02;1.129650623e-01
5.692468872e+02;1.164282784e-01
5.694720459e+02;1.254858971e-01
5.696972046e+02;1.246067807e-01
5.699224243e+02;1.291355938e-01
5.701475830e+02;1.351296157e-01
5.703728027e+02;1.381665915e-01
5.705980225e+02;1.422691643e-01
5.708232422e+02;1.472242177e-01
5.710484619e+02;1.497283876e-01
5.712736816e+02;1.579068899e-01
5.714989624e+02;1.600114554e-01
5.717242432e+02;1.700014919e-01
5.719495239e+02;1.760754287e-01
5.721748047e+02;1.776471883e-01
5.724000854e+02;1.803911179e-01
5.726253662e+02;1.890225112e-01
5.728507080e+02;1.967747808e-01
5.730760498e+02;2.046069652e-01
5.733013306e+02;2.125723511e-01
5.735266724e+02;2.193655670e-01
5.737520752e+02;2.217631787e-01
5.739774170e+02;2.319396883e-01
5.742028198e+02;2.360689044e-01
5.744281616e+02;2.385997027e-01
5.746535645e+02;2.485897392e-01
5.748789673e+02;2.524791956e-01
5.751043701e+02;2.567682564e-01
5.753298340e+02;2.685165107e-01
5.755552368e+02;2.767749429e-01
5.757807007e+02;2.798385620e-01
5.760061646e+02;2.908409238e-01
5.762316284e+02;2.988329530e-01
5.764570923e+02;3.001649380e-01
5.766826172e+02;3.059991300e-01
5.769080811e+02;3.256861567e-01
5.771336060e+02;3.268316686e-01
5.773591309e+02;3.374876976e-01
5.775846558e+02;3.508077562e-01
5.778101807e+02;3.486765325e-01
5.780357666e+02;3.563755155e-01
5.782612915e+02;3.696955740e-01
5.784868774e+02;3.713472486e-01
5.787124634e+02;3.761424720e-01
5.789380493e+02;3.858128190e-01
5.791636353e+02;3.888497949e-01
5.793892212e+02;3.986267149e-01
5.796148682e+02;4.029423892e-01
5.798405151e+02;4.113606513e-01
5.800661621e+02;4.177542925e-01
5.802918091e+02;4.276910424e-01
5.805174561e+02;4.335784912e-01
5.807431030e+02;4.389598072e-01
5.809688110e+02;4.427693188e-01
5.811944580e+02;4.518269598e-01
5.814201660e+02;4.542512000e-01
5.816458740e+02;4.636551440e-01
5.818716431e+02;4.707414210e-01
5.820973511e+02;4.818769693e-01
5.823231201e+02;4.873115420e-01
5.825488281e+02;4.962892532e-01
5.827745972e+02;4.953035712e-01
5.830003662e+02;4.962892532e-01
5.832261963e+02;4.983405471e-01
5.834519653e+02;5.066522360e-01
5.836777344e+02;5.138450861e-01
5.839035645e+02;5.247408748e-01
5.841293945e+02;5.329459906e-01
5.843552246e+02;5.310811996e-01
5.845810547e+02;5.362227559e-01
5.848069458e+02;5.370219350e-01
5.850327759e+02;5.468787551e-01
5.852586670e+02;5.498358011e-01
5.854845581e+02;5.536453724e-01
5.857104492e+02;5.602521300e-01
5.859363403e+02;5.639284253e-01
5.861622925e+02;5.678445101e-01
5.863881836e+02;5.760230422e-01
5.866141357e+02;5.817506313e-01
5.868400879e+02;5.832424760e-01
5.870660400e+02;5.881443024e-01
5.872919922e+02;5.887569785e-01
5.875180054e+02;5.969088674e-01
5.877439575e+02;6.020237803e-01
5.879699707e+02;5.985339284e-01
5.881959839e+02;6.083907485e-01
5.884219971e+02;6.159299016e-01
5.886480103e+02;6.193398237e-01
5.888740234e+02;6.198193431e-01
5.891000977e+02;6.270387769e-01
5.893261719e+02;6.249874830e-01
5.895522461e+02;6.288769841e-01
5.897783203e+02;6.343382001e-01
5.900043945e+02;6.370288134e-01
5.902304688e+02;6.293032169e-01
5.904566040e+02;6.458999515e-01
5.906827393e+02;6.461397409e-01
5.909088135e+02;6.488304138e-01
5.911350098e+02;6.532793045e-01
5.913611450e+02;6.568224430e-01
5.915872803e+02;6.571687460e-01
5.918134766e+02;6.661198139e-01
5.920396118e+02;6.652407050e-01
5.922658081e+02;6.671854258e-01
5.924920044e+02;6.685440540e-01
5.927182617e+02;6.713145971e-01
5.929444580e+02;6.734458208e-01
5.931707153e+02;6.765627265e-01
5.933969116e+02;6.840752363e-01
5.936231689e+02;6.905487776e-01
5.938494263e+02;6.810649037e-01
5.940757446e+02;6.889503598e-01
5.943020020e+02;6.870589256e-01
5.945282593e+02;6.861265302e-01
5.947545776e+02;6.899360418e-01
5.949808960e+02;6.948910952e-01
5.952072144e+02;6.951575279e-01
5.954335327e+02;6.946247220e-01
5.956599121e+02;7.003523111e-01
5.958862305e+02;7.056803107e-01
5.961126099e+02;7.017109394e-01
5.963389893e+02;7.044548988e-01
5.965653687e+02;7.071455121e-01
5.967917480e+02;7.169757485e-01
5.970181885e+02;7.095431685e-01
5.972445679e+02;7.202524543e-01
5.974710083e+02;7.166560292e-01
5.976974487e+02;7.210516334e-01
5.979238892e+02;7.275251746e-01
5.981503296e+02;7.308285832e-01
5.983768311e+02;7.265129089e-01
5.986032715e+02;7.368758917e-01
5.988297729e+02;7.313081026e-01
5.990562744e+02;7.401259542e-01
5.992827759e+02;7.439354658e-01
5.995092773e+02;7.337056994e-01
5.997357788e+02;7.366094589e-01
5.999623413e+02;7.424436212e-01
6.001889038e+02;7.405788302e-01
6.004154663e+02;7.367693186e-01
6.006420288e+02;7.449212074e-01
6.008685913e+02;7.495298982e-01
6.010951538e+02;7.476384640e-01
6.013217773e+02;7.532595396e-01
6.015484009e+02;7.479048967e-01
6.017749634e+02;7.630364299e-01
6.020015869e+02;7.549111843e-01
6.022282715e+02;7.473188043e-01
6.024548950e+02;7.604523301e-01
6.026815796e+02;7.607720494e-01
6.029082031e+02;7.527000904e-01
6.031348877e+02;7.604789734e-01
6.033615723e+02;7.663397789e-01
6.035883179e+02;7.635958791e-01
6.038150024e+02;7.750244737e-01
6.040416870e+02;7.805389762e-01
6.042684326e+02;7.726002336e-01
6.044951782e+02;7.759835124e-01
6.047219238e+02;7.744650245e-01
6.049486694e+02;7.847214937e-01
6.051754761e+02;7.839222550e-01
6.054022217e+02;7.722006440e-01
6.056290283e+02;7.867460847e-01
6.058558350e+02;7.946582437e-01
6.060826416e+02;7.900494933e-01
6.063094482e+02;7.893301845e-01
6.065363159e+02;7.796598673e-01
6.067631226e+02;7.905822992e-01
6.069899902e+02;7.886908650e-01
6.072168579e+02;7.967094779e-01
6.074437256e+02;7.912216187e-01
6.076705933e+02;7.959635854e-01
6.078974609e+02;8.035027385e-01
6.081243896e+02;7.958037257e-01
6.083513184e+02;7.999063134e-01
6.085781860e+02;7.946848869e-01
6.088051147e+02;8.068327308e-01
6.090321045e+02;8.031031489e-01
6.092590332e+02;7.999063134e-01
6.094860229e+02;8.101360798e-01
6.097129517e+02;8.081380725e-01
6.099399414e+02;8.181014657e-01
6.101669312e+02;8.172223568e-01
6.103939209e+02;8.073388934e-01
6.106209717e+02;8.192736506e-01
6.108479614e+02;8.223905563e-01
6.110750122e+02;8.206056356e-01
6.113020630e+02;8.071790338e-01
6.115291138e+02;8.273722529e-01
6.117561646e+02;8.244152069e-01
6.119832764e+02;8.330465555e-01
6.122103271e+02;8.236159682e-01
6.124374390e+02;8.289973140e-01
6.126645508e+02;8.309686780e-01
6.128916626e+02;8.259869814e-01
6.131187744e+02;8.336060047e-01
6.133458862e+02;8.355773687e-01
6.135730591e+02;8.414648771e-01
6.138002319e+02;8.424772024e-01
6.140273438e+02;8.354974985e-01
6.142545166e+02;8.411718011e-01
6.144817505e+02;8.323006630e-01
6.147089233e+02;8.424772024e-01
6.149361572e+02;8.364831805e-01
6.151633301e+02;8.363233209e-01
6.153905640e+02;8.501761556e-01
6.156177979e+02;8.482047915e-01
6.158450317e+02;8.434894681e-01
6.160723267e+02;8.501228690e-01
6.162995605e+02;8.531598449e-01
6.165268555e+02;8.443686366e-01
6.167541504e+02;8.450345993e-01
6.169814453e+02;8.480182886e-01
6.172087402e+02;8.483912945e-01
6.174360352e+02;8.549447060e-01
6.176633911e+02;8.547582626e-01
6.178907471e+02;8.527336121e-01
6.181180420e+02;8.580616117e-01
6.183453979e+02;8.521475196e-01
6.185728149e+02;8.505491018e-01
6.188001709e+02;8.601661921e-01
6.190275879e+02;8.545717597e-01
6.192549438e+02;8.573423624e-01
6.194823608e+02;8.625904322e-01
6.197097778e+02;8.486043811e-01
6.199371948e+02;8.583546877e-01
6.201646729e+02;8.664532304e-01
6.203920898e+02;8.609387279e-01
6.206195679e+02;8.654409051e-01
6.208470459e+02;8.564631939e-01
6.210745239e+02;8.541988134e-01
6.213020020e+02;8.610719442e-01
6.215294800e+02;8.691172600e-01
6.217570190e+02;8.657872677e-01
6.219844971e+02;8.646683693e-01
6.222120361e+02;8.593137264e-01
6.224395752e+02;8.613383770e-01
6.226671143e+02;8.726603985e-01
6.228947144e+02;8.652278185e-01
6.231222534e+02;8.773490191e-01
6.233498535e+02;8.667196631e-01
6.235774536e+02;8.753244281e-01
6.238050537e+02;8.726071119e-01
6.240326538e+02;8.697299957e-01
6.242602539e+02;8.693836331e-01
6.244879150e+02;8.830500245e-01
6.247155762e+02;8.733264208e-01
6.249431763e+02;8.806257844e-01
6.251708374e+02;8.713017702e-01
6.253985596e+02;8.727136850e-01
6.256262207e+02;8.834762573e-01
6.258538818e+02;8.817446828e-01
6.260816040e+02;8.718878031e-01
6.263093262e+02;8.793470263e-01
6.265370483e+02;8.752977848e-01
6.267647705e+02;8.754842281e-01
6.269924927e+02;8.885911703e-01
6.272202759e+02;8.792671561e-01
6.274480591e+02;8.760969639e-01
6.276757812e+02;8.833163977e-01
6.279035645e+02;8.832365274e-01
6.281314087e+02;8.833696842e-01
6.283591919e+02;8.857406974e-01
6.285869751e+02;8.871792555e-01
6.288148193e+02;8.841689229e-01
6.290426636e+02;8.748448491e-01
6.292705078e+02;8.847550154e-01
6.294983521e+02;8.893903494e-01
6.297261963e+02;8.784412742e-01
6.299541016e+02;8.866198063e-01
6.301819458e+02;8.866198063e-01
6.304098511e+02;8.913617134e-01
6.306377563e+02;8.813716769e-01
6.308656616e+02;8.948515654e-01
6.310936279e+02;8.886977434e-01
6.313215332e+02;8.927204013e-01
6.315494995e+02;8.968229294e-01
6.317774658e+02;9.018845558e-01
6.320054321e+02;8.940523863e-01
6.322333984e+02;8.916015029e-01
6.324613647e+02;9.013517499e-01
6.326893921e+02;8.946917653e-01
6.329173584e+02;8.899231553e-01
6.331453857e+02;9.029768109e-01
6.333734131e+02;8.926671147e-01
6.336014404e+02;8.967429996e-01
6.338294678e+02;8.916814327e-01
6.340575562e+02;8.994070292e-01
6.342855835e+02;8.983414173e-01
6.345136719e+02;8.946917653e-01
6.347417603e+02;8.971426487e-01
6.349698486e+02;8.994336724e-01
6.351979980e+02;9.020177722e-01
6.354260864e+02;9.003927112e-01
6.356542358e+02;9.027103782e-01
6.358823853e+02;9.007923007e-01
6.361105347e+02;8.982614875e-01
6.363386841e+02;9.054809809e-01
6.365668335e+02;8.998599052e-01
6.367949829e+02;9.048948884e-01
6.370231934e+02;8.958638906e-01
6.372514038e+02;9.046551585e-01
6.374796143e+02;8.999664783e-01
6.377078247e+02;9.077187181e-01
6.379360352e+02;9.010587335e-01
6.381643066e+02;9.097700119e-01
6.383925171e+02;9.172292352e-01
6.386207886e+02;9.160837531e-01
6.388490601e+02;9.144853354e-01
6.390773315e+02;9.160837531e-01
6.393056030e+02;9.092105627e-01
6.395339355e+02;9.146717787e-01
6.397622070e+02;9.140857458e-01
6.399905396e+02;9.247077703e-01
6.402188721e+02;9.143534303e-01
6.404472046e+02;9.122291207e-01
6.406755371e+02;9.206498265e-01
6.409039307e+02;9.251886010e-01
6.411323242e+02;9.229309559e-01
6.413606567e+02;9.177762866e-01
6.415890503e+02;9.257429838e-01
6.418174438e+02;9.268571138e-01
6.420458984e+02;9.218944907e-01
6.422742920e+02;9.146103859e-01
6.425027466e+02;9.245342016e-01
6.427311401e+02;9.171611667e-01
6.429595947e+02;9.299045205e-01
6.431880493e+02;9.108833075e-01
6.434165649e+02;9.136582017e-01
6.436450195e+02;9.196233749e-01
6.438735352e+02;9.286210537e-01
6.441019897e+02;9.327335954e-01
6.443305054e+02;9.110528231e-01
6.445590210e+02;9.175450206e-01
6.447875977e+02;9.169790745e-01
6.450161133e+02;9.088576436e-01
6.452446899e+02;9.127900004e-01
6.454732056e+02;9.132297039e-01
6.457017822e+02;8.943889737e-01
6.459303589e+02;9.155909419e-01
6.461589966e+02;9.027675390e-01
6.463875732e+02;9.057989120e-01
6.466162109e+02;9.205410480e-01
6.468447876e+02;9.112398028e-01
6.470734253e+02;8.977293372e-01
6.473020630e+02;9.314580560e-01
6.475307617e+02;9.299556613e-01
6.477593994e+02;9.235811234e-01
6.479880981e+02;9.344891310e-01
6.482167358e+02;9.320161343e-01
6.484454346e+02;9.320691824e-01
6.486741333e+02;9.092785716e-01
6.489028320e+02;9.222236872e-01
6.491315918e+02;9.173016548e-01
6.493602905e+02;9.138354063e-01
6.495890503e+02;9.182415605e-01
6.498178101e+02;9.023907185e-01
6.500465698e+02;9.137393832e-01
6.502753296e+02;9.048682451e-01
6.505041504e+02;9.053744078e-01
6.507329102e+02;8.993803859e-01
6.509617310e+02;9.117946625e-01
6.511905518e+02;9.025772214e-01
6.514193726e+02;9.030833840e-01
6.516481934e+02;9.037227035e-01
6.518770142e+02;8.981816173e-01
6.521058960e+02;8.964766264e-01
6.523347778e+02;8.947184086e-01
6.525636597e+02;8.979951143e-01
6.527925415e+02;9.013783932e-01
6.530214233e+02;8.982348442e-01
6.532503052e+02;8.985812068e-01
6.534792480e+02;8.977819681e-01
6.537081299e+02;9.022841454e-01
6.539370728e+02;8.965032697e-01
6.541660156e+02;8.964499831e-01
6.543949585e+02;8.974356651e-01
6.546239624e+02;8.933863640e-01
6.548529053e+02;8.955708742e-01
6.550819092e+02;8.969028592e-01
6.553109131e+02;8.983414173e-01
6.555399170e+02;8.985279202e-01
6.557689209e+02;8.928802013e-01
6.559979248e+02;9.014050364e-01
6.562269897e+02;8.934130073e-01
6.564560547e+02;8.944253325e-01
6.566851196e+02;8.932531476e-01
6.569141846e+02;8.948249221e-01
6.571432495e+02;8.975955248e-01
6.573723145e+02;8.949048519e-01
6.576014404e+02;8.930667043e-01
6.578305054e+02;8.907490373e-01
6.580596313e+02;8.955175877e-01
6.582887573e+02;8.888042569e-01
6.585178833e+02;8.971692920e-01
6.587470703e+02;8.903760314e-01
6.589761963e+02;8.861935735e-01
6.592053833e+02;8.819311261e-01
6.594345703e+02;8.874456286e-01
6.596637573e+02;8.874456286e-01
6.598929443e+02;8.754042983e-01
6.601221313e+02;8.820376992e-01
6.603513794e+02;8.819044828e-01
6.605805664e+02;8.876587749e-01
6.608098145e+02;8.882714510e-01
6.610390625e+02;8.871526122e-01
6.612683105e+02;8.831832409e-01
6.614975586e+02;8.863000870e-01
6.617268677e+02;8.840357065e-01
6.619561768e+02;8.914150000e-01
6.621854248e+02;8.830233812e-01
6.624147339e+02;8.835828304e-01
6.626441040e+02;8.725538254e-01
6.628734131e+02;8.796134591e-01
6.631027222e+02;8.799597621e-01
6.633320923e+02;8.800929785e-01
6.635614624e+02;8.852877617e-01
6.637908325e+02;8.736194372e-01
6.640202026e+02;8.772425056e-01
6.642495728e+02;8.738059402e-01
6.644790039e+02;8.726337552e-01
6.647083740e+02;8.764432669e-01
6.649378052e+02;8.763633370e-01
6.651672363e+02;8.720476627e-01
6.653966675e+02;8.726603985e-01
6.656260986e+02;8.796134591e-01
6.658555908e+02;8.706623912e-01
6.660850220e+02;8.667995930e-01
6.663145142e+02;8.716480732e-01
6.665440063e+02;8.730866313e-01
6.667734985e+02;8.747116923e-01
6.670030518e+02;8.771359324e-01
6.672325439e+02;8.637892604e-01
6.674620972e+02;8.668794632e-01
6.676915894e+02;8.632830977e-01
6.679211426e+02;8.687709570e-01
6.681506958e+02;8.639224172e-01
6.683803101e+02;8.661069274e-01
6.686098633e+02;8.684512377e-01
6.688394775e+02;8.674389124e-01
6.690690308e+02;8.645884395e-01
6.692986450e+02;8.692238331e-01
6.695282593e+02;8.652011752e-01
6.697579346e+02;8.689574003e-01
6.699875488e+02;8.660802841e-01
6.702172241e+02;8.562767506e-01
6.704468384e+02;8.531332016e-01
6.706765137e+02;8.630699515e-01
6.709061890e+02;8.622174859e-01
6.711359253e+02;8.644552231e-01
6.713656006e+02;8.625105023e-01
6.715953369e+02;8.635761142e-01
6.718250122e+02;8.580616117e-01
6.720547485e+02;8.593670130e-01
6.722844849e+02;8.617646098e-01
6.725142822e+02;8.623240590e-01
6.727440186e+02;8.596600294e-01
6.729738159e+02;8.591538668e-01
6.732035522e+02;8.616047502e-01
6.734333496e+02;8.608322144e-01
6.736631470e+02;8.561168909e-01
6.738929443e+02;8.609653711e-01
6.741228027e+02;8.682115078e-01
6.743526001e+02;8.638957739e-01
6.745824585e+02;8.557705879e-01
6.748123169e+02;8.632298112e-01
6.750421753e+02;8.586477041e-01
6.752720337e+02;8.525737524e-01
6.755019531e+02;8.609120846e-01
6.757318115e+02;8.679717183e-01
6.759617310e+02;8.585944176e-01
6.761916504e+02;8.624305725e-01
6.764215698e+02;8.556906581e-01
6.766514893e+02;8.615781069e-01
6.768814087e+02;8.582214713e-01
6.771113892e+02;8.603260517e-01
6.773413696e+02;8.595268130e-01
6.775712891e+02;8.543320298e-01
6.778012695e+02;8.544651866e-01
6.780313110e+02;8.574488759e-01
6.782612915e+02;8.645884395e-01
6.784912720e+02;8.543853164e-01
6.787213135e+02;8.517745733e-01
6.789513550e+02;8.624838591e-01
6.791813965e+02;8.452743888e-01
6.794114380e+02;8.581948280e-01
6.796415405e+02;8.555041552e-01
6.798715820e+02;8.677319884e-01
6.801016846e+02;8.594735265e-01
6.803317871e+02;8.602994084e-01
6.805618896e+02;8.563833237e-01
6.807919922e+02;8.598465323e-01
6.810220947e+02;8.526536822e-01
6.812522583e+02;8.548381925e-01
6.814823608e+02;8.567829132e-01
6.817125244e+02;8.516680002e-01
6.819426880e+02;8.654941916e-01
6.821728516e+02;8.540922403e-01
6.824030151e+02;8.471125364e-01
6.826332397e+02;8.500695825e-01
6.828634644e+02;8.549181223e-01
6.830936279e+02;8.637359738e-01
6.833238525e+02;8.573157191e-01
6.835540771e+02;8.540655971e-01
6.837843628e+02;8.541188836e-01
6.840145874e+02;8.533463478e-01
6.842448730e+02;8.394135833e-01
6.844751587e+02;8.520143032e-01
6.847054443e+02;8.539057970e-01
6.849357300e+02;8.485777378e-01
6.851660156e+02;8.554242253e-01
6.853963623e+02;8.406922817e-01
6.856266479e+02;8.482847214e-01
6.858569946e+02;8.502560854e-01
6.860873413e+02;8.491904736e-01
6.863176880e+02;8.455407619e-01
6.865480347e+02;8.496433496e-01
6.867784424e+02;8.501761556e-01
6.870087891e+02;8.542521000e-01
6.872391968e+02;8.486043811e-01
6.874696045e+02;8.398398161e-01
6.877000122e+02;8.467129469e-01
6.879304199e+02;8.472990394e-01
6.881608887e+02;8.548648357e-01
6.883912964e+02;8.492970467e-01
6.886217651e+02;8.415980339e-01
6.888522339e+02;8.451944590e-01
6.890827026e+02;8.430632353e-01
6.893131714e+02;8.360568881e-01
6.895437012e+02;8.415713906e-01
6.897741699e+02;8.418644667e-01
6.900046997e+02;8.386409879e-01
6.902352295e+02;8.371757865e-01
6.904657593e+02;8.425837159e-01
6.906962891e+02;8.368294835e-01
6.909268799e+02;8.323805928e-01
6.911574097e+02;8.396000266e-01
6.913880005e+02;8.340322375e-01
6.916185913e+02;8.304358721e-01
6.918491821e+02;8.335260749e-01
6.920797729e+02;8.328867555e-01
6.923104248e+02;8.285177946e-01
6.925410156e+02;8.317412138e-01
6.927716675e+02;8.299297094e-01
6.930023193e+02;8.345650434e-01
6.932329712e+02;8.242819905e-01
6.934636230e+02;8.339523673e-01
6.936942749e+02;8.285976648e-01
6.939249878e+02;8.309420347e-01
6.941557007e+02;8.231897354e-01
6.943864136e+02;8.282247186e-01
6.946171265e+02;8.222839832e-01
6.948478394e+02;8.213515878e-01
6.950785522e+02;8.110951781e-01
6.953093262e+02;8.219643235e-01
6.955400391e+02;8.256139755e-01
6.957708130e+02;8.244684935e-01
6.960015869e+02;8.194335103e-01
6.962323608e+02;8.269726634e-01
6.964631958e+02;8.194601536e-01
6.966939697e+02;8.213782310e-01
6.969248047e+02;8.250012994e-01
6.971556396e+02;8.174088597e-01
6.973864746e+02;8.204724789e-01
6.976173096e+02;8.258004785e-01
6.978481445e+02;8.141853809e-01
6.980790405e+02;8.147448301e-01
6.983099365e+02;8.149579763e-01
6.985407715e+02;8.140788674e-01
6.987716675e+02;8.165297508e-01
6.990025635e+02;8.233495951e-01
6.992335205e+02;8.172223568e-01
6.994644165e+02;8.166629076e-01
6.996953735e+02;8.193802238e-01
6.999263306e+02;8.074188232e-01
7.001572876e+02;8.154641390e-01
7.003882446e+02;8.184744716e-01
7.006192017e+02;8.181547523e-01
7.008502197e+02;8.184478283e-01
7.010811768e+02;8.125870228e-01
7.013121948e+02;8.156772256e-01
7.015432129e+02;8.157571554e-01
7.017742310e+02;8.129866123e-01
7.020052490e+02;8.131464124e-01
7.022363281e+02;8.180215955e-01
7.024674072e+02;8.105623722e-01
7.026984253e+02;8.146649003e-01
7.029295044e+02;8.057404757e-01
7.031605835e+02;8.169026971e-01
7.033917236e+02;8.215380907e-01
7.036228027e+02;8.163432479e-01
7.038539429e+02;8.109619617e-01
7.040850220e+02;8.104291558e-01
7.043161621e+02;8.063798547e-01
7.045473022e+02;8.128001094e-01
7.047785034e+02;8.102160096e-01
7.050096436e+02;8.065130711e-01
7.052408447e+02;8.132796288e-01
7.054719849e+02;8.155973554e-01
7.057031860e+02;8.104291558e-01
7.059343872e+02;8.116545677e-01
7.061656494e+02;8.152776361e-01
7.063968506e+02;8.111218214e-01
7.066281128e+02;8.196732402e-01
7.068593140e+02;8.181281090e-01
7.070905762e+02;8.073122501e-01
7.073218384e+02;8.117877841e-01
7.075531616e+02;8.070991635e-01
7.077844238e+02;8.241221309e-01
7.080157471e+02;8.096565604e-01
7.082470093e+02;8.122406602e-01
7.084783325e+02;8.139456511e-01
7.087096558e+02;8.170359135e-01
7.089409790e+02;8.041421175e-01
7.091723633e+02;8.161567450e-01
7.094036865e+02;8.181547523e-01
7.096350708e+02;8.135993481e-01
7.098664551e+02;8.105357289e-01
7.100978394e+02;8.164231777e-01
7.103292236e+02;8.097364902e-01
7.105606689e+02;8.079249859e-01
7.107920532e+02;8.086176515e-01
7.110234985e+02;8.118943572e-01
7.112549438e+02;7.992136478e-01
7.114863892e+02;8.122939467e-01
7.117178345e+02;8.038756847e-01
7.119492798e+02;8.008919954e-01
7.121807861e+02;8.074987531e-01
7.124122314e+02;8.093635440e-01
7.126437378e+02;7.960435152e-01
7.128752441e+02;8.011584282e-01
7.131067505e+02;7.934594154e-01
7.133383179e+02;7.950045466e-01
7.135698242e+02;7.913548350e-01
7.138013916e+02;8.014514446e-01
7.140329590e+02;7.954574227e-01
7.142645264e+02;7.938323617e-01
7.144960938e+02;7.962566018e-01
7.147276611e+02;7.880514860e-01
7.149592896e+02;7.896499038e-01
7.151908569e+02;7.865063548e-01
7.154224854e+02;7.856538892e-01
7.156541138e+02;7.874121070e-01
7.158857422e+02;7.792336345e-01
7.161173706e+02;7.852010131e-01
7.163490601e+02;7.836025953e-01
7.165806885e+02;7.751843333e-01
7.168123779e+02;7.726535201e-01
7.170440674e+02;7.727600932e-01
7.172757568e+02;7.714280486e-01
7.175075073e+02;7.760101557e-01
7.177391968e+02;7.607187629e-01
7.179709473e+02;7.646348476e-01
7.182026367e+02;7.622638941e-01
7.184343872e+02;7.699894905e-01
7.186661377e+02;7.584276795e-01
7.188979492e+02;7.747581005e-01
7.191296997e+02;7.506754398e-01
7.193615112e+02;7.659401894e-01
7.195933228e+02;7.459601164e-01
7.198250732e+02;7.516344786e-01
7.200569458e+02;7.641819715e-01
7.202887573e+02;7.492368817e-01
7.205205688e+02;7.432961464e-01
7.207524414e+02;7.485442162e-01
7.209842529e+02;7.423104644e-01
7.212161255e+02;7.394599319e-01
7.214479980e+02;7.410317063e-01
7.216799316e+02;7.440420389e-01
7.219118042e+02;7.397796512e-01
7.221437378e+02;7.359168530e-01
7.223756104e+02;7.329331636e-01
7.226075439e+02;7.323737144e-01
7.228394775e+02;7.272055149e-01
7.230714111e+02;7.272055149e-01
7.233034058e+02;7.376750708e-01
7.235353394e+02;7.337323427e-01
7.237673340e+02;7.215045691e-01
7.239993286e+02;7.240087390e-01
7.242313232e+02;7.190003991e-01
7.244633179e+02;7.241685390e-01
7.246953735e+02;7.226500511e-01
7.249273682e+02;7.137789130e-01
7.251594238e+02;7.112214565e-01
7.253914795e+02;7.192134857e-01
7.256235352e+02;7.182810903e-01
7.258555908e+02;7.123936415e-01
7.260876465e+02;7.078648210e-01
7.263197632e+02;7.095165253e-01
7.265518188e+02;7.048811316e-01
7.267839355e+02;7.086107135e-01
7.270160522e+02;7.094898820e-01
7.272481689e+02;7.088505030e-01
7.274803467e+02;6.984075904e-01
7.277124634e+02;6.965161562e-01
7.279446411e+02;7.094099522e-01
7.281768188e+02;7.030163407e-01
7.284089355e+02;7.033360004e-01
7.286411743e+02;6.985674500e-01
7.288733521e+02;6.895630956e-01
7.291055298e+02;6.999793649e-01
7.293377686e+02;6.953706145e-01
7.295700073e+02;6.963296533e-01
7.298022461e+02;6.896696687e-01
7.300344849e+02;6.852473617e-01
7.302667236e+02;6.841818094e-01
7.304990234e+02;6.837555170e-01
7.307312622e+02;6.810382605e-01
7.309635620e+02;6.866859794e-01
7.311958618e+02;6.748044491e-01
7.314281616e+02;6.809050441e-01
7.316604614e+02;6.788004637e-01
7.318928223e+02;6.693965197e-01
7.321251221e+02;6.710215807e-01
7.323574829e+02;6.781345010e-01
7.325898438e+02;6.700891852e-01
7.328222046e+02;6.734724641e-01
7.330545654e+02;6.749376655e-01
7.332869873e+02;6.668124199e-01
7.335193481e+02;6.626832485e-01
7.337517700e+02;6.645480394e-01
7.339841919e+02;6.651607752e-01
7.342166138e+02;6.604188085e-01
7.344490356e+02;6.668923497e-01
7.346815186e+02;6.643881798e-01
7.349139404e+02;6.568756700e-01
7.351464233e+02;6.662263870e-01
7.353789062e+02;6.510947943e-01
7.356113892e+02;6.558101177e-01
7.358438721e+02;6.516808867e-01
7.360763550e+02;6.520271897e-01
7.363088989e+02;6.477115154e-01
7.365414429e+02;6.407318115e-01
7.367739258e+02;6.521870494e-01
7.370065308e+02;6.443282366e-01
7.372390747e+02;6.405186653e-01
7.374716187e+02;6.447278261e-01
7.377042236e+02;6.350840926e-01
7.379367676e+02;6.267457604e-01
7.381693726e+02;6.348443627e-01
7.384019775e+02;6.307684183e-01
7.386345825e+02;6.266125441e-01
7.388672485e+02;6.362296343e-01
7.390998535e+02;6.233358383e-01
7.393325195e+02;6.245079637e-01
7.395651855e+02;6.212046146e-01
7.397978516e+02;6.167024374e-01
7.400305176e+02;6.159299016e-01
7.402631836e+02;6.222702265e-01
7.404959106e+02;6.148376465e-01
7.407285767e+02;6.219772100e-01
7.409613037e+02;6.099891663e-01
7.411940308e+02;6.147310734e-01
7.414267578e+02;6.082841754e-01
7.416594849e+02;6.161696315e-01
7.418922729e+02;6.057533622e-01
7.421250000e+02;6.142781973e-01
7.423577881e+02;6.104953289e-01
7.425905762e+02;6.040217876e-01
7.428233643e+02;5.985605717e-01
7.430562134e+02;6.026364565e-01
7.432890015e+02;5.929661393e-01
7.435218506e+02;5.990667343e-01
7.437546387e+02;6.019438505e-01
7.439874878e+02;5.970420837e-01
7.442203369e+02;5.960564017e-01
7.444532471e+02;5.963760614e-01
7.446860962e+02;5.884373188e-01
7.449190063e+02;5.936587453e-01
7.451518555e+02;5.818305612e-01
7.453847656e+02;5.871586204e-01
7.456176758e+02;5.841216445e-01
7.458506470e+02;5.867323279e-01
7.460835571e+02;5.838019252e-01
7.463164673e+02;5.758365393e-01
7.465494385e+02;5.832158327e-01
7.467824097e+02;5.840417147e-01
7.470153809e+02;5.797259808e-01
7.472483521e+02;5.792731047e-01
7.474813843e+02;5.745844841e-01
7.477143555e+02;5.717872381e-01
7.479473877e+02;5.672051907e-01
7.481804199e+02;5.691499114e-01
7.484134521e+02;5.673383474e-01
7.486464844e+02;5.709614158e-01
7.488795166e+02;5.531125665e-01
7.491126099e+02;5.653669834e-01
7.493457031e+02;5.600123405e-01
7.495787354e+02;5.590000153e-01
7.498118286e+02;5.597459674e-01
7.500449829e+02;5.578544736e-01
7.502780762e+02;5.581209064e-01
7.505111694e+02;5.514075756e-01
7.507443237e+02;5.518870950e-01
7.509774780e+02;5.538584590e-01
7.512106323e+02;5.503153801e-01
7.514437866e+02;5.464525223e-01
7.516769409e+02;5.438950658e-01
7.519101562e+02;5.465857387e-01
7.521433105e+02;5.446676612e-01
7.523765259e+02;5.472784042e-01
7.526097412e+02;5.397658944e-01
7.528429565e+02;5.428827405e-01
7.530762329e+02;5.406982899e-01
7.533094482e+02;5.423233509e-01
7.535427246e+02;5.360895395e-01
7.537759399e+02;5.306283236e-01
7.540092163e+02;5.308414698e-01
7.542425537e+02;5.291897655e-01
7.544758301e+02;5.325197577e-01
7.547091064e+02;5.337985158e-01
7.549424438e+02;5.361961126e-01
7.551757812e+02;5.290565491e-01
7.554090576e+02;5.289233923e-01
7.556424561e+02;5.236752629e-01
7.558757935e+02;5.212243795e-01
7.561091309e+02;5.245277286e-01
7.563425293e+02;5.270851851e-01
7.565759277e+02;5.233556032e-01
7.568092651e+02;5.197858214e-01
7.570426636e+02;5.235420465e-01
7.572761230e+02;5.193595886e-01
7.575095215e+02;5.152303576e-01
7.577429810e+02;5.181874037e-01
7.579763794e+02;5.139783025e-01
7.582098389e+02;5.204252005e-01
7.584432983e+02;5.136319399e-01
7.586767578e+02;5.099556446e-01
7.589102783e+02;5.092363358e-01
7.591437378e+02;5.151237845e-01
7.593772583e+02;5.063858628e-01
7.596107788e+02;5.158697367e-01
7.598442993e+02;5.063325763e-01
7.600778198e+02;5.046009421e-01
7.603113403e+02;5.022299886e-01
7.605449219e+02;5.021234155e-01
7.607785034e+02;5.020967722e-01
7.610120239e+02;5.083305836e-01
7.612456055e+02;5.008180737e-01
7.614792480e+02;5.002852678e-01
7.617128296e+02;5.032956004e-01
7.619464111e+02;5.025762916e-01
7.621800537e+02;4.915473163e-01
7.624136963e+02;4.976745546e-01
7.626473389e+02;4.950105250e-01
7.628809814e+02;4.924264550e-01
7.631146240e+02;4.913608432e-01
7.633483276e+02;4.887767434e-01
7.635819702e+02;4.949572682e-01
7.638156738e+02;4.873381853e-01
7.640493774e+02;4.906682074e-01
7.642830811e+02;4.908813238e-01
7.645167847e+02;4.890431464e-01
7.647505493e+02;4.866721928e-01
7.649842529e+02;4.840348065e-01
7.652180176e+02;4.786801636e-01
7.654517822e+02;4.801453650e-01
7.656855469e+02;4.803584814e-01
7.659193726e+02;4.818769693e-01
7.661531372e+02;4.802519381e-01
7.663869019e+02;4.799588919e-01
7.666207275e+02;4.802519381e-01
7.668545532e+02;4.717004597e-01
7.670883789e+02;4.728459716e-01
7.673222046e+02;4.751636684e-01
7.675560913e+02;4.734320641e-01
7.677899170e+02;4.752702415e-01
7.680238037e+02;4.739115834e-01
7.682576904e+02;4.630690813e-01
7.684915771e+02;4.695426226e-01
7.687254639e+02;4.700487852e-01
7.689594116e+02;4.675712585e-01
7.691932983e+02;4.636285007e-01
7.694272461e+02;4.716471732e-01
7.696611938e+02;4.632022679e-01
7.698951416e+02;4.641613066e-01
7.701290894e+02;4.579275250e-01
7.703630371e+02;4.597124159e-01
7.705970459e+02;4.597390592e-01
7.708309937e+02;4.584603310e-01
7.710650024e+02;4.514273405e-01
7.712990112e+02;4.614440203e-01
7.715330200e+02;4.546774328e-01
7.717670898e+02;4.544643164e-01
7.720010986e+02;4.570484161e-01
7.722351685e+02;4.494027197e-01
7.724692383e+02;4.510810375e-01
7.727033081e+02;4.487366974e-01
7.729373779e+02;4.465255737e-01
7.731714478e+02;4.488432705e-01
7.734055176e+02;4.455931783e-01
7.736396484e+02;4.449804425e-01
7.738737793e+02;4.453267753e-01
7.741079102e+02;4.427160323e-01
7.743420410e+02;4.362957776e-01
7.745761719e+02;4.406647682e-01
7.748103638e+02;4.364023507e-01
7.750444946e+02;4.418635666e-01
7.752786865e+02;4.354433119e-01
7.755128784e+02;4.395192266e-01
7.757470703e+02;4.362957776e-01
7.759812622e+02;4.337117076e-01
7.762155151e+02;4.329924285e-01
7.764497070e+02;4.264656007e-01
7.766839600e+02;4.277975857e-01
7.769182129e+02;4.283037484e-01
7.771524658e+02;4.311542511e-01
7.773867188e+02;4.244675934e-01
7.776209717e+02;4.254266322e-01
7.778552856e+02;4.299288094e-01
7.780895996e+02;4.257463217e-01
7.783239136e+02;4.263057411e-01
7.785582275e+02;4.220167100e-01
7.787925415e+02;4.195391834e-01
7.790268555e+02;4.195657969e-01
7.792612305e+02;4.198854864e-01
7.794955444e+02;4.170616567e-01
7.797299194e+02;4.127193093e-01
7.799642944e+02;4.192461371e-01
7.801986694e+02;4.190330207e-01
7.804331055e+02;4.070449769e-01
7.806674805e+02;4.114139378e-01
7.809019165e+02;4.100553095e-01
7.811363525e+02;4.095225036e-01
7.813707886e+02;4.070183337e-01
7.816052246e+02;4.115471542e-01
7.818396606e+02;4.062191248e-01
7.820741577e+02;4.097356200e-01
7.823085938e+02;4.051535130e-01
7.825430908e+02;4.048871100e-01
7.827775879e+02;4.007312655e-01
7.830120850e+02;4.008378386e-01
7.832465820e+02;4.043543339e-01
7.834811401e+02;3.982537389e-01
7.837156372e+02;3.904215693e-01
7.839501953e+02;3.917269111e-01
7.841847534e+02;3.962024450e-01
7.844193115e+02;4.001718163e-01
7.846539307e+02;3.943110108e-01
7.848884888e+02;3.938314915e-01
7.851231079e+02;3.881571591e-01
7.853576660e+02;3.921265304e-01
7.855922852e+02;3.954032660e-01
7.858269043e+02;3.908478022e-01
7.860615845e+02;3.903149962e-01
7.862962036e+02;3.982004523e-01
7.865308228e+02;3.893826008e-01
7.867655029e+02;3.947638869e-01
7.870001831e+02;3.890362680e-01
7.872348633e+02;3.894358873e-01
7.874695435e+02;3.903416395e-01
7.877042847e+02;3.898088336e-01
7.879389648e+02;3.869050741e-01
7.881737061e+02;3.883969188e-01
7.884084473e+02;3.824295402e-01
7.886431885e+02;3.833619356e-01
7.888779297e+02;3.859992921e-01
7.891126709e+02;3.819766641e-01
7.893474731e+02;3.849337101e-01
7.895822144e+02;3.863989115e-01
7.898170166e+02;3.779007196e-01
7.900518188e+02;3.812307417e-01
7.902866211e+02;3.852533698e-01
7.905214844e+02;3.813639283e-01
7.907562866e+02;3.743842244e-01
7.909911499e+02;3.830422461e-01
7.912260132e+02;3.760092854e-01
7.914608765e+02;3.824028969e-01
7.916957397e+02;3.778207898e-01
7.919306030e+02;3.776343167e-01
7.921655273e+02;3.713206053e-01
7.924003906e+02;3.752899766e-01
7.926353149e+02;3.700152636e-01
7.928702393e+02;3.716402948e-01
7.931051636e+02;3.696689308e-01
7.933400879e+02;3.674311638e-01
7.935750732e+02;3.656995595e-01
7.938099976e+02;3.754764795e-01
7.940449829e+02;3.678840399e-01
7.942799683e+02;3.707611859e-01
7.945149536e+02;3.613572121e-01
7.947499390e+02;3.656196296e-01
7.949849854e+02;3.622097075e-01
7.952199707e+02;3.631154597e-01
7.954550171e+02;3.580272198e-01
7.956900635e+02;3.687098920e-01
7.959251099e+02;3.631154597e-01
7.961601562e+02;3.612506688e-01
7.963952026e+02;3.639413118e-01
7.966303101e+02;3.615170717e-01
7.968654175e+02;3.625560403e-01
7.971004639e+02;3.610109091e-01
7.973355713e+02;3.496622145e-01
7.975707397e+02;3.579206467e-01
7.978058472e+02;3.602916300e-01
7.980410156e+02;3.618900180e-01
7.982761230e+02;3.511008024e-01
7.985112915e+02;3.554697633e-01
7.987464600e+02;3.536848724e-01
7.989816284e+02;3.631687462e-01
7.992167969e+02;3.526459038e-01
7.994520264e+02;3.556562364e-01
7.996872559e+02;3.496888578e-01
7.999224243e+02;3.541910350e-01
8.001576538e+02;3.523795009e-01
8.003928833e+02;3.514471054e-01
8.006281738e+02;3.434550762e-01
8.008634033e+02;3.465186954e-01
8.010986938e+02;3.459858894e-01
8.013339844e+02;3.482769430e-01
8.015692749e+02;3.483568728e-01
8.018045654e+02;3.468383849e-01
8.020398560e+02;3.436149359e-01
8.022751465e+02;3.382602632e-01
8.025104980e+02;3.424427509e-01
8.027458496e+02;3.395922780e-01
8.029812012e+02;3.399918675e-01
8.032165527e+02;3.390861154e-01
8.034519043e+02;3.413505256e-01
8.036872559e+02;3.420431614e-01
8.039226685e+02;3.363421857e-01
8.041580811e+02;3.383668363e-01
8.043934326e+02;3.344773650e-01
8.046288452e+02;3.378606737e-01
8.048643188e+02;3.318133652e-01
8.050997314e+02;3.371680379e-01
8.053352051e+02;3.365819454e-01
8.055706177e+02;3.379139602e-01
8.058060913e+02;3.318932950e-01
8.060415649e+02;3.254996538e-01
8.062770386e+02;3.291493654e-01
8.065125732e+02;3.246738315e-01
8.067480469e+02;3.252865374e-01
8.069835815e+02;3.256328702e-01
8.072191162e+02;3.170281351e-01
8.074546509e+02;3.287763894e-01
8.076901855e+02;3.265919089e-01
8.079257202e+02;3.206511736e-01
8.081613159e+02;3.157494068e-01
8.083968506e+02;3.213970959e-01
8.086324463e+02;3.188929260e-01
8.088680420e+02;3.188662827e-01
8.091036377e+02;3.176408410e-01
8.093392334e+02;3.173477948e-01
8.095748901e+02;3.152698874e-01
8.098104858e+02;3.160158098e-01
8.100461426e+02;3.120464385e-01
8.102817993e+02;3.137247562e-01
8.105174561e+02;3.119132221e-01
8.107531128e+02;3.088496029e-01
8.109888306e+02;3.026424646e-01
8.112244873e+02;3.108476102e-01
8.114602051e+02;3.055995107e-01
8.116959229e+02;3.075176179e-01
8.119316406e+02;3.033084869e-01
8.121673584e+02;3.041875958e-01
8.124031372e+02;3.020830452e-01
8.126388550e+02;3.074110448e-01
8.128746338e+02;3.006178141e-01
8.131104126e+02;2.998718917e-01
8.133461914e+02;2.962754965e-01
8.135819702e+02;2.938246131e-01
8.138177490e+02;2.939844429e-01
8.140535889e+02;2.929721177e-01
8.142894287e+02;2.911073267e-01
8.145252075e+02;2.925458848e-01
8.147610474e+02;2.943307757e-01
8.149969482e+02;2.895355523e-01
8.152327881e+02;2.874043584e-01
8.154686279e+02;2.883900404e-01
8.157045288e+02;2.875908315e-01
8.159404297e+02;2.834882438e-01
8.161763306e+02;2.876441181e-01
8.164122314e+02;2.858325839e-01
8.166481323e+02;2.851665914e-01
8.168840942e+02;2.803447247e-01
8.171199951e+02;2.825558484e-01
8.173559570e+02;2.789061666e-01
8.175919189e+02;2.846870422e-01
8.178278809e+02;2.802647948e-01
8.180638428e+02;2.783200741e-01
8.182998657e+02;2.810373604e-01
8.185358276e+02;2.778671980e-01
8.187718506e+02;2.763487101e-01
8.190078735e+02;2.732318342e-01
8.192438965e+02;2.756027877e-01
8.194799194e+02;2.796787322e-01
8.197160034e+02;2.734715939e-01
8.199520264e+02;2.713670135e-01
8.201881104e+02;2.671312392e-01
8.204241943e+02;2.741109431e-01
8.206602783e+02;2.710206807e-01
8.208963623e+02;2.708075643e-01
8.211325073e+02;2.653463483e-01
8.213685913e+02;2.687563002e-01
8.216047363e+02;2.661189139e-01
8.218408813e+02;2.700083554e-01
8.220770264e+02;2.679304481e-01
8.223131714e+02;2.654795647e-01
8.225493164e+02;2.650266588e-01
8.227855225e+02;2.667849064e-01
8.230216675e+02;2.610839307e-01
8.232578735e+02;2.630552948e-01
8.234940796e+02;2.616167367e-01
8.237302856e+02;2.610040307e-01
8.239665527e+02;2.575940788e-01
8.242027588e+02;2.525857389e-01
8.244390259e+02;2.599650621e-01
8.246752930e+02;2.575940788e-01
8.249115601e+02;2.565018535e-01
8.251478271e+02;2.558092177e-01
8.253840942e+02;2.529054284e-01
8.256203613e+02;2.583666444e-01
8.258566895e+02;2.539443970e-01
8.260930176e+02;2.548767924e-01
8.263293457e+02;2.530386448e-01
8.265656738e+02;2.521861494e-01
8.268020020e+02;2.541042268e-01
8.270383301e+02;2.553030550e-01
8.272747192e+02;2.524259090e-01
8.275111084e+02;2.465650886e-01
8.277474976e+02;2.519996762e-01
8.279838867e+02;2.542107999e-01
8.282202759e+02;2.499217391e-01
8.284566650e+02;2.518398166e-01
8.286931152e+02;2.488028556e-01
8.289295044e+02;2.497086227e-01
8.291659546e+02;2.460589260e-01
8.294024048e+02;2.458990961e-01
8.296388550e+02;2.465917319e-01
8.298753662e+02;2.485630959e-01
8.301118164e+02;2.409173995e-01
8.303483276e+02;2.447535694e-01
8.305848389e+02;2.439543605e-01
8.308213501e+02;2.448867708e-01
8.310578613e+02;2.382800281e-01
8.312943726e+02;2.430752367e-01
8.315309448e+02;2.471511811e-01
8.317674561e+02;2.407309115e-01
8.320040283e+02;2.431018800e-01
8.322406006e+02;2.452597320e-01
8.324771729e+02;2.391325086e-01
8.327138062e+02;2.452330887e-01
8.329503784e+02;2.396386713e-01
8.331870117e+02;2.420629263e-01
8.334235840e+02;2.368947417e-01
8.336602173e+02;2.346569747e-01
8.338968506e+02;2.369213849e-01
8.341335449e+02;2.381201833e-01
8.343701782e+02;2.373476177e-01
8.346068726e+02;2.389726639e-01
8.348435059e+02;2.363619357e-01
8.350802002e+02;2.350299358e-01
8.353168945e+02;2.355360985e-01
8.355535889e+02;2.367082685e-01
8.357903442e+02;2.336180061e-01
8.360270386e+02;2.387595475e-01
8.362637939e+02;2.380402684e-01
8.365005493e+02;2.330852151e-01
8.367373047e+02;2.321794480e-01
8.369740601e+02;2.312470376e-01
8.372108765e+02;2.355893850e-01
8.374476318e+02;2.339643389e-01
8.376844482e+02;2.333782464e-01
8.379212646e+02;2.336446494e-01
8.381580200e+02;2.293556035e-01
8.383948975e+02;2.301547974e-01
8.386317139e+02;2.298084795e-01
8.388685303e+02;2.267981470e-01
8.391054077e+02;2.273575962e-01
8.393422852e+02;2.300482392e-01
8.395791626e+02;2.269047052e-01
8.398160400e+02;2.307675183e-01
8.400529175e+02;2.272243947e-01
8.402898560e+02;2.254927903e-01
8.405267334e+02;2.196053267e-01
8.407636719e+02;2.267448753e-01
8.410006104e+02;2.237611860e-01
8.412375488e+02;2.260522246e-01
8.414744873e+02;2.262653559e-01
8.417114868e+02;2.228554189e-01
8.419484253e+02;2.258923948e-01
8.421854248e+02;2.215234190e-01
8.424224243e+02;2.202713341e-01
8.426594238e+02;2.202446908e-01
8.428964233e+02;2.217631787e-01
8.431334839e+02;2.214701325e-01
8.433704834e+02;2.218697369e-01
8.436075439e+02;2.194188535e-01
8.438446045e+02;2.201381326e-01
8.440816650e+02;2.220029384e-01
8.443187256e+02;2.154761106e-01
8.445557861e+02;2.223758996e-01
8.447929077e+02;2.176339626e-01
8.450299683e+02;2.134781033e-01
8.452670898e+02;2.187528461e-01
8.455042114e+02;2.184864432e-01
8.457413330e+02;2.174474746e-01
8.459785156e+02;2.145969868e-01
8.462156372e+02;2.192057222e-01
8.464528198e+02;2.166216373e-01
8.466899414e+02;2.101747394e-01
8.469271240e+02;2.139043510e-01
8.471643677e+02;2.095353752e-01
8.474015503e+02;2.153695524e-01
8.476387329e+02;2.121993899e-01
8.478759766e+02;2.113202661e-01
8.481132202e+02;2.082300037e-01
8.483504639e+02;2.074308097e-01
8.485877075e+02;2.107075453e-01
8.488249512e+02;2.147301883e-01
8.490621948e+02;2.098550498e-01
8.492994995e+02;2.096685767e-01
8.495368042e+02;2.093488872e-01
8.497740479e+02;2.056725621e-01
8.500113525e+02;2.094820887e-01
8.502487183e+02;2.053795159e-01
8.504860229e+02;2.082566470e-01
8.507233887e+02;2.045536786e-01
8.509606934e+02;2.038077563e-01
8.511980591e+02;2.039409578e-01
8.514354248e+02;2.008240670e-01
8.516727905e+02;2.011970282e-01
8.519102173e+02;2.061520815e-01
8.521475830e+02;2.033815086e-01
8.523850098e+02;2.035413533e-01
8.526224365e+02;1.998650283e-01
8.528598633e+02;1.992256641e-01
8.530972900e+02;1.984530985e-01
8.533347168e+02;1.983731836e-01
8.535721436e+02;1.968813390e-01
8.538096313e+02;1.998383850e-01
8.540471191e+02;2.009306252e-01
8.542846069e+02;1.958157271e-01
8.545220947e+02;2.021294236e-01
8.547595825e+02;1.954427660e-01
8.549971313e+02;2.000515014e-01
8.552346191e+02;1.989859045e-01
8.554721680e+02;1.981600523e-01
8.557097168e+02;1.963218898e-01
8.559472656e+02;1.970145404e-01
8.561848145e+02;1.941107661e-01
8.564224243e+02;1.912336349e-01
8.566599731e+02;1.942972392e-01
8.568975830e+02;1.931250840e-01
8.571351929e+02;1.925922781e-01
8.573728027e+02;1.893954724e-01
8.576104126e+02;1.881167442e-01
8.578480225e+02;1.864650548e-01
8.580856934e+02;1.884097904e-01
8.583233032e+02;1.897417903e-01
8.585609741e+02;1.890757829e-01
8.587986450e+02;1.877171397e-01
8.590363159e+02;1.906209141e-01
8.592740479e+02;1.877437830e-01
8.595117188e+02;1.881433874e-01
8.597494507e+02;1.871577054e-01
8.599871826e+02;1.866515428e-01
8.602249146e+02;1.826555282e-01
8.604626465e+02;1.882765889e-01
8.607003784e+02;1.819362491e-01
8.609381714e+02;1.791656762e-01
8.611759033e+02;1.823358536e-01
8.614136963e+02;1.810304821e-01
8.616514893e+02;1.796185523e-01
8.618892822e+02;1.758090258e-01
8.621270752e+02;1.820960790e-01
8.623649292e+02;1.789792031e-01
8.626027222e+02;1.810304821e-01
8.628405762e+02;1.762619019e-01
8.630784302e+02;1.788193583e-01
8.633162842e+02;1.825489700e-01
8.635541382e+02;1.852129698e-01
8.637919922e+02;1.782066375e-01
8.640299072e+02;1.760487854e-01
8.642678223e+02;1.749831885e-01
8.645057373e+02;1.811903268e-01
8.647436523e+02;1.741040647e-01
8.649815674e+02;1.811370403e-01
8.652194824e+02;1.725589335e-01
8.654574585e+02;1.751696616e-01
8.656953735e+02;1.712269336e-01
8.659333496e+02;1.721060574e-01
8.661713257e+02;1.721327007e-01
8.664093018e+02;1.744237393e-01
8.666472778e+02;1.700814068e-01
8.668853149e+02;1.751963049e-01
8.671233521e+02;1.730917394e-01
8.673613281e+02;1.704810113e-01
8.675993652e+02;1.699748486e-01
8.678374023e+02;1.738909334e-01
8.680755005e+02;1.697883606e-01
8.683135376e+02;1.695486009e-01
8.685516357e+02;1.670178026e-01
8.687896729e+02;1.721060574e-01
8.690277710e+02;1.695752442e-01
8.692658691e+02;1.710404456e-01
8.695040283e+02;1.661120355e-01
8.697421265e+02;1.691756397e-01
8.699802856e+02;1.660587490e-01
8.702183838e+02;1.663784385e-01
8.704565430e+02;1.631816328e-01
8.706947021e+02;1.641939431e-01
8.709328613e+02;1.612635404e-01
8.711710815e+02;1.644070745e-01
8.714092407e+02;1.643537879e-01
8.716474609e+02;1.600913703e-01
8.718856812e+02;1.605975330e-01
8.721239014e+02;1.625422686e-01
8.723621216e+02;1.640607417e-01
8.726003418e+02;1.640074700e-01
8.728386230e+02;1.607840210e-01
8.730768433e+02;1.626221836e-01
8.733151245e+02;1.584929675e-01
8.735534058e+02;1.579068899e-01
8.737916870e+02;1.576671302e-01
8.740299683e+02;1.549232006e-01
8.742683105e+02;1.551096737e-01
8.745066528e+02;1.575872004e-01
8.747449341e+02;1.571876109e-01
8.749832764e+02;1.523657441e-01
8.752216187e+02;1.535645574e-01
8.754600220e+02;1.502878219e-01
8.756983643e+02;1.531649530e-01
8.759367065e+02;1.479967833e-01
8.761751099e+02;1.510337442e-01
8.764135132e+02;1.526854336e-01
8.766519165e+02;1.482898146e-01
8.768903198e+02;1.457856447e-01
8.771287842e+02;1.508206278e-01
8.773671875e+02;1.495418996e-01
8.776056519e+02;1.496751010e-01
8.778441162e+02;1.487959772e-01
8.780825806e+02;1.520460695e-01
8.783210449e+02;1.465848535e-01
8.785595093e+02;1.496218145e-01
8.787980347e+02;1.465848535e-01
8.790364990e+02;1.446401328e-01
8.792750244e+02;1.442138851e-01
8.795135498e+02;1.444536448e-01
8.797520752e+02;1.438942105e-01
8.799906616e+02;1.424556375e-01
8.802291870e+02;1.392854750e-01
8.804677734e+02;1.415232420e-01
8.807062988e+02;1.428818852e-01
8.809448853e+02;1.430417150e-01
8.811834717e+02;1.374472976e-01
8.814221191e+02;1.428285986e-01
8.816607056e+02;1.426421255e-01
8.818993530e+02;1.442405283e-01
8.821379395e+02;1.414699554e-01
8.823765869e+02;1.434679627e-01
8.826152344e+02;1.387260258e-01
8.828539429e+02;1.392588317e-01
8.830925903e+02;1.346234530e-01
8.833312988e+02;1.354226619e-01
8.835699463e+02;1.352894604e-01
8.838086548e+02;1.373140961e-01
8.840473633e+02;1.327053607e-01
8.842860718e+02;1.360620111e-01
8.845248413e+02;1.332381666e-01
8.847635498e+02;1.333713681e-01
8.850023193e+02;1.346500963e-01
8.852410889e+02;1.350763291e-01
8.854798584e+02;1.348632127e-01
8.857186279e+02;1.322791278e-01
8.859573975e+02;1.295085549e-01
8.861961670e+02;1.286560744e-01
8.864349976e+02;1.302544773e-01
8.866738281e+02;1.323323995e-01
8.869126587e+02;1.344902515e-01
8.871514893e+02;1.309471279e-01
8.873903198e+02;1.277503073e-01
8.876292114e+02;1.294286400e-01
8.878680420e+02;1.272974312e-01
8.881069336e+02;1.304675937e-01
8.883458252e+02;1.282031983e-01
8.885847168e+02;1.274306327e-01
8.888236084e+02;1.277503073e-01
8.890625000e+02;1.292421520e-01
8.893014526e+02;1.247399822e-01
8.895404053e+02;1.221292540e-01
8.897793579e+02;1.239407808e-01
8.900183105e+02;1.241272613e-01
8.902572632e+02;1.249531060e-01
8.904962158e+02;1.275105476e-01
8.907352295e+02;1.257789433e-01
8.909741821e+02;1.236477345e-01
8.912131958e+02;1.221558899e-01
8.914522095e+02;1.259121448e-01
8.916912231e+02;1.221292540e-01
8.919302368e+02;1.242870986e-01
8.921693115e+02;1.195718050e-01
8.924083862e+02;1.220226958e-01
8.926473999e+02;1.216497347e-01
8.928864746e+02;1.220759749e-01
8.931255493e+02;1.162417978e-01
8.933646851e+02;1.226087734e-01
8.936037598e+02;1.215964481e-01
8.938428955e+02;1.172807589e-01
8.940819702e+02;1.180266812e-01
8.943211060e+02;1.152561083e-01
8.945602417e+02;1.207173318e-01
8.947994385e+02;1.180266812e-01
8.950385742e+02;1.160553172e-01
8.952777100e+02;1.173606813e-01
8.955169067e+02;1.182131618e-01
8.957561035e+02;1.178934798e-01
8.959953003e+02;1.139241084e-01
8.962344971e+02;1.159487516e-01
8.964737549e+02;1.162417978e-01
8.967129517e+02;1.182397977e-01
8.969522095e+02;1.158688366e-01
8.971914673e+02;1.131515428e-01
8.974307251e+02;1.158421934e-01
8.976699829e+02;1.138974652e-01
8.979092407e+02;1.127519459e-01
8.981484985e+02;1.115264967e-01
8.983878174e+02;1.087026522e-01
8.986271362e+02;1.124056205e-01
8.988664551e+02;1.111002564e-01
8.991057739e+02;1.122724190e-01
8.993450928e+02;1.120593026e-01
8.995844727e+02;1.118994579e-01
8.998237915e+02;1.115797758e-01
9.000631714e+02;1.115264967e-01
9.003025513e+02;1.097682565e-01
9.005419312e+02;1.084895283e-01
9.007813110e+02;1.111002564e-01
9.010206909e+02;1.096616909e-01
9.012601318e+02;1.097682565e-01
9.014995728e+02;1.078501642e-01
9.017390137e+02;1.080366448e-01
9.019784546e+02;1.041471958e-01
9.022178955e+02;1.048664749e-01
9.024573364e+02;1.044135988e-01
9.026968384e+02;1.068378463e-01
9.029362793e+02;1.047066376e-01
9.031757812e+02;1.052128002e-01
9.034152832e+02;1.058788002e-01
9.036547852e+02;1.033479944e-01
9.038943481e+02;1.040139943e-01
9.041338501e+02;1.036143973e-01
9.043734131e+02;1.011368632e-01
9.046129150e+02;1.040939167e-01
9.048524780e+02;1.024688706e-01
9.050920410e+02;1.019360647e-01
9.053316650e+02;1.020692661e-01
9.055712280e+02;1.061185598e-01
9.058108521e+02;1.008704677e-01
9.060504150e+02;1.020159870e-01
9.062900391e+02;1.007639021e-01
9.065296631e+02;1.008971035e-01
9.067693481e+02;1.000446230e-01
9.070089722e+02;9.407724440e-02
9.072486572e+02;1.003376618e-01
9.074882812e+02;9.817981720e-02
9.077279663e+02;1.003376618e-01
9.079676514e+02;9.461004287e-02
9.082073364e+02;1.007639021e-01
9.084470825e+02;9.919214249e-02
9.086867676e+02;9.626173228e-02
9.089265137e+02;9.964501858e-02
9.091662598e+02;9.623508900e-02
9.094060059e+02;9.711421281e-02
9.096457520e+02;9.471660852e-02
9.098854980e+02;9.498300403e-02
9.101252441e+02;9.839293361e-02
9.103650513e+02;9.719413519e-02
9.106048584e+02;9.647484869e-02
9.108446655e+02;9.516948462e-02
9.110844727e+02;9.530268610e-02
9.113242798e+02;9.415716678e-02
9.115641479e+02;9.764701128e-02
9.118039551e+02;9.159971774e-02
9.120438232e+02;9.458340704e-02
9.122836914e+02;9.037426859e-02
9.125235596e+02;9.202595800e-02
9.127634277e+02;9.008122981e-02
9.130032959e+02;9.261203557e-02
9.132432251e+02;8.909554780e-02
9.134831543e+02;8.952178806e-02
9.137230225e+02;8.888242394e-02
9.139629517e+02;9.074722975e-02
9.142029419e+02;9.359772503e-02
9.144428711e+02;8.725737780e-02
9.146828003e+02;8.685778081e-02
9.149227905e+02;8.752378076e-02
9.151627808e+02;9.114683419e-02
9.154027710e+02;8.680450171e-02
9.156427612e+02;8.395401388e-02
9.158827515e+02;8.640489727e-02
9.161228027e+02;8.685778081e-02
9.163627930e+02;8.632497489e-02
9.166028442e+02;8.541921526e-02
9.168428955e+02;8.608521521e-02
9.170829468e+02;8.275520802e-02
9.173229980e+02;8.549913764e-02
9.175631104e+02;8.520609140e-02
9.178031616e+02;8.264864981e-02
9.180432739e+02;8.251544833e-02
9.182833862e+02;8.456673473e-02
9.185234985e+02;8.246216923e-02
9.187636108e+02;8.264864981e-02
9.190037231e+02;8.555241674e-02
9.192438965e+02;8.352776617e-02
9.194840698e+02;8.720409870e-02
9.197241821e+02;8.254208416e-02
9.199643555e+02;8.342120796e-02
9.202045898e+02;7.950511575e-02
9.204447632e+02;8.214248717e-02
9.206849365e+02;8.067727834e-02
9.209251709e+02;8.027768135e-02
9.211654053e+02;7.894567400e-02
9.214056396e+02;8.038423955e-02
9.216458740e+02;7.766695321e-02
9.218861084e+02;8.390072733e-02
9.221264038e+02;8.057072014e-02
9.223666382e+02;7.915879786e-02
9.226069336e+02;7.870591432e-02
9.228472290e+02;7.758703083e-02
9.230875244e+02;7.702758908e-02
9.233278198e+02;7.782679051e-02
9.235681763e+02;7.756038755e-02
9.238084717e+02;7.788006961e-02
9.240488281e+02;7.582878321e-02
9.242891846e+02;7.484310120e-02
9.245295410e+02;7.748047262e-02
9.247698975e+02;7.753375173e-02
9.250102539e+02;7.641486824e-02
9.252506714e+02;7.588206232e-02
9.254910278e+02;7.481645793e-02
9.257314453e+02;7.537589967e-02
9.259718628e+02;7.385741919e-02
9.262122803e+02;7.441686094e-02
9.264527588e+02;7.380414009e-02
9.266931763e+02;7.428365946e-02
9.269336548e+02;7.502958179e-02
9.271741333e+02;7.223237306e-02
9.274146118e+02;7.252541184e-02
9.276550903e+02;7.668126374e-02
9.278955688e+02;7.383077592e-02
9.281360474e+02;7.630830258e-02
9.283765869e+02;7.156637311e-02
9.286171265e+02;6.970156729e-02
9.288576660e+02;7.124669105e-02
9.290982056e+02;7.124669105e-02
9.293387451e+02;7.289837301e-02
9.295792847e+02;6.935524195e-02
9.298198853e+02;6.573218852e-02
9.300604248e+02;6.927531958e-02
9.303010254e+02;6.730395555e-02
9.305416260e+02;6.767691672e-02
9.307822266e+02;6.749043614e-02
9.310228882e+02;6.804987788e-02
9.312634888e+02;6.701091677e-02
9.315041504e+02;6.975484639e-02
9.317448120e+02;6.663795561e-02
9.319854736e+02;6.767691672e-02
9.322261353e+02;6.557235122e-02
9.324667969e+02;6.823635846e-02
9.327075195e+02;6.642483175e-02
9.329481812e+02;6.570555270e-02
9.331889038e+02;6.578547508e-02
9.334296265e+02;6.503955275e-02
9.336703491e+02;6.112345681e-02
9.339110718e+02;6.607851386e-02
9.341518555e+02;6.487970799e-02
9.343925781e+02;6.304154545e-02
9.346333618e+02;6.469322741e-02
9.348741455e+02;5.923201144e-02
9.351149292e+02;6.032425538e-02
9.353557129e+02;6.240218133e-02
9.355964966e+02;6.272186339e-02
9.358373413e+02;6.189601868e-02
9.360781250e+02;5.960497260e-02
9.363189697e+02;6.266858429e-02
9.365598145e+02;5.907217041e-02
9.368006592e+02;6.104353815e-02
9.370415649e+02;5.909880996e-02
9.372824097e+02;6.256201863e-02
9.375233154e+02;6.546579301e-02
9.377642212e+02;5.995129421e-02
9.380051270e+02;5.949841067e-02
9.382460327e+02;5.997793376e-02
9.384869385e+02;5.859264731e-02
9.387278442e+02;5.707416311e-02
9.389688110e+02;5.662128329e-02
9.392097778e+02;5.686104298e-02
9.394507446e+02;5.478311703e-02
9.396917114e+02;5.755368620e-02
9.399326782e+02;5.595527962e-02
9.401736450e+02;5.696760491e-02
9.404146729e+02;5.289167166e-02
9.406556396e+02;5.486303568e-02
9.408966675e+02;5.512943864e-02
9.411376953e+02;5.512943864e-02
9.413787842e+02;5.507615581e-02
9.416198120e+02;5.523599684e-02
9.418608398e+02;5.555567890e-02
9.421019287e+02;5.369087309e-02
9.423430176e+02;5.606184155e-02
9.425841064e+02;5.728728324e-02
9.428251953e+02;5.203918740e-02
9.430662842e+02;5.430359393e-02
9.433074341e+02;5.331791192e-02
9.435485229e+02;4.966821894e-02
9.437896729e+02;5.241214857e-02
9.440308228e+02;4.801653326e-02
9.442719727e+02;4.865589738e-02
9.445131226e+02;4.988133907e-02
9.447543335e+02;5.070718378e-02
9.449954834e+02;4.998790100e-02
9.452366943e+02;4.585868865e-02
9.454779053e+02;5.294495076e-02
9.457191162e+02;5.286502838e-02
9.459603271e+02;4.876245558e-02
9.462015381e+02;5.017438158e-02
9.464428101e+02;5.038750172e-02
9.466840820e+02;4.934854060e-02
9.469252930e+02;5.089366436e-02
9.471665649e+02;4.961493984e-02
9.474078979e+02;4.988133907e-02
9.476491699e+02;4.801653326e-02
9.478904419e+02;4.708413035e-02
9.481317749e+02;4.721733183e-02
9.483731079e+02;4.636484757e-02
9.486144409e+02;4.604516923e-02
9.488557739e+02;4.457996413e-02
9.490971069e+02;4.822965711e-02
9.493384399e+02;4.519268498e-02
9.495798340e+02;4.322132096e-02
9.498212280e+02;4.311475903e-02
9.500626221e+02;4.215571657e-02
9.503040161e+02;4.609844834e-02
9.505454102e+02;4.188931361e-02
9.507868042e+02;4.226227477e-02
9.510282593e+02;4.266187921e-02
9.512697144e+02;4.266187921e-02
9.515111084e+02;4.236883670e-02
9.517525635e+02;4.705749080e-02
9.519940796e+02;4.183603451e-02
9.522355347e+02;4.231555760e-02
9.524769897e+02;4.039746895e-02
9.527185059e+02;3.906546533e-02
9.529600220e+02;3.903882578e-02
9.532015381e+02;4.135651141e-02
9.534430542e+02;4.047739133e-02
9.536845703e+02;4.140979424e-02
9.539261475e+02;4.013106972e-02
9.541676636e+02;3.895890713e-02
9.544092407e+02;3.842610493e-02
9.546508179e+02;4.119667411e-02
9.548923950e+02;3.395057097e-02
9.551339722e+02;3.975810856e-02
9.553756104e+02;3.837282211e-02
9.556171875e+02;3.427024931e-02
9.558588257e+02;3.898554668e-02
9.561004639e+02;3.533585370e-02
9.563421021e+02;3.741377965e-02
9.565837402e+02;3.584201634e-02
9.568253784e+02;3.794658184e-02
9.570670776e+02;3.682769835e-02
9.573087158e+02;3.488297388e-02
9.575504150e+02;3.464321047e-02
9.577921143e+02;3.285832703e-02
9.580338135e+02;3.331120685e-02
9.582755737e+02;3.432353213e-02
9.585172729e+02;3.275176510e-02
9.587590332e+02;3.456329182e-02
9.590007324e+02;3.187264130e-02
9.592424927e+02;3.256528452e-02
9.594843140e+02;3.485633060e-02
9.597260742e+02;3.336448595e-02
9.599678345e+02;3.237880394e-02
9.602096558e+02;3.091359884e-02
9.604514160e+02;3.110007942e-02
9.606932373e+02;3.291160613e-02
9.609350586e+02;3.309808671e-02
9.611769409e+02;3.474977240e-02
9.614187622e+02;3.155296296e-02
9.616605835e+02;3.296488523e-02
9.619024658e+02;3.296488523e-02
9.621443481e+02;3.088695928e-02
9.623862305e+02;2.835615166e-02
9.626281128e+02;3.003447689e-02
9.628699951e+02;2.832951210e-02
9.631119385e+02;2.721062675e-02
9.633538818e+02;3.040743805e-02
9.635957642e+02;2.939511463e-02
9.638377075e+02;2.950167470e-02
9.640796509e+02;3.003447689e-02
9.643216553e+02;2.827623114e-02
9.645635986e+02;2.846271172e-02
9.648056030e+02;2.966151573e-02
9.650475464e+02;3.019431792e-02
9.652895508e+02;2.883567289e-02
9.655315552e+02;2.601182461e-02
9.657735596e+02;2.878239192e-02
9.660156250e+02;2.758358791e-02
9.662576294e+02;2.603846416e-02
9.664996948e+02;2.729054727e-02
9.667417603e+02;2.531918138e-02
9.669838257e+02;2.643806487e-02
9.672258911e+02;2.665118501e-02
9.674679565e+02;2.534582093e-02
9.677100830e+02;2.550566196e-02
9.679522095e+02;2.388061769e-02
9.681942749e+02;2.481302060e-02
9.684364014e+02;2.686430700e-02
9.686785278e+02;2.425357886e-02
9.689207153e+02;2.689094655e-02
9.691628418e+02;2.515934035e-02
9.694050293e+02;2.499950118e-02
9.696471558e+02;2.726390772e-02
9.698893433e+02;2.747702785e-02
9.701315308e+02;2.646470442e-02
9.703737793e+02;2.430685796e-02
9.706159668e+02;2.619830519e-02
9.708582153e+02;2.326789498e-02
9.711004028e+02;2.590526268e-02
9.713426514e+02;2.380069718e-02
9.715848999e+02;2.276173420e-02
9.718271484e+02;2.385397628e-02
9.720694580e+02;2.345437557e-02
9.723117065e+02;2.422693744e-02
9.725540161e+02;2.286829427e-02
9.727963257e+02;2.260189317e-02
9.730386353e+02;2.340109460e-02
9.732809448e+02;2.377405576e-02
9.735232544e+02;2.377405576e-02
9.737655640e+02;2.329453453e-02
9.740079346e+02;2.214901149e-02
9.742503052e+02;2.289493382e-02
9.744926758e+02;2.486629970e-02
9.747350464e+02;2.539910190e-02
9.749774170e+02;2.393389679e-02
9.752197876e+02;2.318797447e-02
9.754622192e+02;2.340109460e-02
9.757046509e+02;2.156293020e-02
9.759470825e+02;2.270845324e-02
9.761895142e+02;2.041740529e-02
9.764319458e+02;2.236213163e-02
9.766743774e+02;2.124324813e-02
9.769168701e+02;1.897884160e-02
9.771593018e+02;2.023092471e-02
9.774017944e+02;2.142972872e-02
9.776442871e+02;2.031084523e-02
9.778867798e+02;2.015100420e-02
9.781292725e+02;2.031084523e-02
9.783718262e+02;2.324125543e-02
9.786143799e+02;2.332117595e-02
9.788568726e+02;2.113668807e-02
9.790994263e+02;2.055060677e-02
9.793419800e+02;2.076372690e-02
9.795845947e+02;2.129652910e-02
9.798271484e+02;1.884564012e-02
9.800697021e+02;2.228221111e-02
9.803123169e+02;1.905876212e-02
9.805549316e+02;2.212237194e-02
9.807975464e+02;1.940508187e-02
9.810401611e+02;1.940508187e-02
9.812828369e+02;1.951164193e-02
9.815254517e+02;1.921860129e-02
9.817681274e+02;1.692755520e-02
9.820108032e+02;2.084364742e-02
9.822534790e+02;1.812635921e-02
9.824961548e+02;1.863251999e-02
9.827388306e+02;1.764683612e-02
9.829815674e+02;1.999116503e-02
9.832242432e+02;1.913868077e-02
9.834669800e+02;2.087028697e-02
9.837097168e+02;1.855259947e-02
9.839524536e+02;1.847267896e-02
9.841951904e+02;1.988460310e-02
9.844379883e+02;2.334781550e-02
9.846807251e+02;1.847267896e-02
9.849235229e+02;1.887228154e-02
9.851663208e+02;1.639475301e-02
9.854091187e+02;2.047068626e-02
9.856519165e+02;1.817963831e-02
9.858947144e+02;1.804643869e-02
9.861375732e+02;1.698083431e-02
9.863804321e+02;1.770011708e-02
9.866232300e+02;1.780667715e-02
9.868660889e+02;1.825955883e-02
9.871089478e+02;1.762019657e-02
9.873518677e+02;1.663451269e-02
9.875947266e+02;1.833947934e-02
9.878376465e+02;1.857923903e-02
9.880805664e+02;1.778003760e-02
9.883234863e+02;1.767347753e-02
9.885664062e+02;1.983132400e-02
9.888093262e+02;1.948500238e-02
9.890522461e+02;1.631483249e-02
9.892952271e+02;1.748699695e-02
9.895382080e+02;1.943172328e-02
9.897811279e+02;1.762019657e-02
9.900241699e+02;1.580867171e-02
9.902671509e+02;1.474306732e-02
9.905101318e+02;1.692755520e-02
9.907531738e+02;1.476970781e-02
9.909961548e+02;1.394386496e-02
9.912391968e+02;1.594187133e-02
9.914822388e+02;1.532914955e-02
9.917252808e+02;1.764683612e-02
9.919683838e+02;1.508938894e-02
9.922114258e+02;1.820627786e-02
9.924545288e+02;1.556891017e-02
9.926975708e+02;1.628819294e-02
9.929406738e+02;1.812635921e-02
9.931837769e+02;1.801979728e-02
9.934269409e+02;1.756691746e-02
9.936700439e+02;1.652795263e-02
9.939132080e+02;1.647467352e-02
9.941563110e+02;1.732715592e-02
9.943994751e+02;1.618163288e-02
9.946426392e+02;1.575539075e-02
9.948858643e+02;1.429018565e-02
9.951290283e+02;1.519594900e-02
9.953721924e+02;1.335778274e-02
9.956154175e+02;1.452994719e-02
9.958586426e+02;1.125321630e-02
9.961018677e+02;1.455658674e-02
9.963450928e+02;1.327786315e-02
9.965883179e+02;1.197249815e-02
9.968316040e+02;1.535578910e-02
9.970748291e+02;1.365082432e-02
9.973181152e+02;1.770011708e-02
9.975614014e+02;1.460986678e-02
9.978046875e+02;1.711403579e-02
9.980480347e+02;1.482298784e-02
9.982913208e+02;1.434346661e-02
9.985346680e+02;1.471642777e-02
9.987779541e+02;1.516930852e-02
9.990213013e+02;1.218561921e-02
9.992646484e+02;1.261186041e-02
9.995079956e+02;1.450330671e-02
9.997514038e+02;1.516930852e-02
9.999947510e+02;1.354426332e-02
1.000238159e+03;1.213233918e-02
1.000481567e+03;1.234545931e-02
1.000724976e+03;1.415698603e-02
1.000968384e+03;1.330450270e-02
1.001211792e+03;1.580867171e-02
1.001455261e+03;1.373074390e-02
1.001698669e+03;1.365082432e-02
1.001942139e+03;1.199913863e-02
1.002185608e+03;1.314466260e-02
1.002429077e+03;1.556891017e-02
1.002672546e+03;1.418362558e-02
1.002916077e+03;1.407706551e-02
1.003159546e+03;1.338442322e-02
1.003403076e+03;1.394386496e-02
1.003646606e+03;1.327786315e-02
1.003890137e+03;1.359754335e-02
1.004133667e+03;1.175937802e-02
1.004377258e+03;1.109337527e-02
1.004620789e+03;9.867931716e-03
1.004864380e+03;1.162617747e-02
1.005107971e+03;1.298482157e-02
1.005351562e+03;1.053393353e-02
1.005595154e+03;1.175937802e-02
1.005838745e+03;1.394386496e-02
1.006082336e+03;1.319794264e-02
1.006325989e+03;1.301146206e-02
1.006569641e+03;1.266514044e-02
1.006813293e+03;1.463650726e-02
1.007056946e+03;1.572875120e-02
1.007300598e+03;1.418362558e-02
1.007544312e+03;1.455658674e-02
1.007787964e+03;1.311802212e-02
1.008031677e+03;1.133313682e-02
1.008275391e+03;9.921211749e-03
1.008519104e+03;1.141305640e-02
1.008762817e+03;9.947852232e-03
1.009006531e+03;1.085361466e-02
1.009250305e+03;1.061385404e-02
1.009494019e+03;1.125321630e-02
1.009737793e+03;1.061385404e-02
1.009981567e+03;1.069377456e-02
1.010225342e+03;1.029417291e-02
1.010469177e+03;1.157289743e-02
1.010712952e+03;1.146633737e-02
1.010956787e+03;1.143969689e-02
1.011200623e+03;1.271842141e-02
1.011444397e+03;1.165281795e-02
1.011688293e+03;1.253193989e-02
1.011932129e+03;1.261186041e-02
1.012175964e+03;1.162617747e-02
1.012419861e+03;1.101345569e-02
1.012663696e+03;1.141305640e-02
1.012907593e+03;1.114665624e-02
1.013151489e+03;1.183929853e-02
1.013395447e+03;1.319794264e-02
1.013639343e+03;1.066713408e-02
1.013883240e+03;1.093353517e-02
1.014127197e+03;9.015449323e-03
1.014371155e+03;9.468330070e-03
1.014615112e+03;1.034745295e-02
1.014859070e+03;1.258522086e-02
1.015103027e+03;1.080033462e-02
1.015347046e+03;9.601530619e-03
1.015591003e+03;1.127985679e-02
1.015835022e+03;1.138641685e-02
1.016079041e+03;1.223889925e-02
1.016323059e+03;1.096017566e-02
1.016567078e+03;1.183929853e-02
1.016811157e+03;1.231881976e-02
1.017055176e+03;1.032081340e-02
1.017299255e+03;9.095368907e-03
1.017543335e+03;9.654810652e-03
1.017787415e+03;9.308489971e-03
1.018031494e+03;9.654810652e-03
1.018275574e+03;1.181265805e-02
1.018519714e+03;8.136326447e-03
1.018763855e+03;5.925199017e-03
1.019007935e+03;-1.480744802e-03
1.019252075e+03;5.705418298e-04
1.019496216e+03;1.709405478e-04
1.019740417e+03;-9.479430737e-04
1.019984558e+03;-1.853705966e-03
1.020228760e+03;-4.218013419e-05
[EndOfFile]
