#Thorlabs FTS
[SpectrumHeader]
#Date;20251031
#Time;17084444
#GMTTime;20084444
#Instrument;0
#InstrModel;CCS200
#Series;0
#InterferometerSerial;M00311012
#Type;emission
#ChannelIndex;0
#XAxisUnit;nm_air
#YAxisUnit;intensity
#Average;1
#RollingAverage;0
#SpectrumSmooth;0
#SSmoothParam1;0
#SSmoothParam2;0
#SSmoothParam3;0
#SSmoothParam4;0
#IntegrationTime;50.000000
#TriggerMode;0
#AirMeasureOpt;0
#AirTemp;0.00
#AirPressure;0.00
#AirRelHum;0.00
#WnrMin;9799.037109
#WnrMax;50982.906250
#Length;3648
#Resolution;0.0000000000e+00
#ADC;0
#InstrStatus;0
#RefLaserLocked;0
#ChannelIndex;0
#AttenuationFilter;0
#Stitched;0
#ExcitationWavelength_nm;0
#SoftwareVersion;3.310000
#FirmwareVersion;
#Motor_FirmwareVersion;
#ReconstructionAlgorithms_SoftwareVersion;
#Sensor_FirmwareVersion;
#InstrSeriesIdentifier;MUN_CCS_SERIES
#RefGainIndex;0
#RefSignalInPerecent;0.0
#BBRefGainIndex;0
#BBRefSignalInPerecent;0.0
#AutogainStatus;0
#Name;
#Comment;""
#ExtComment;""
#Source;
[Data]
1.960870056e+02;-2.499565482e-03
1.962940979e+02;-1.697565895e-03
1.965012054e+02;-3.608998377e-04
1.967083282e+02;-8.420996601e-04
1.969154510e+02;-1.376766013e-03
1.971225891e+02;-2.071832540e-03
1.973297424e+02;8.420996601e-04
1.975368958e+02;-4.344164860e-03
1.977440643e+02;2.365899039e-03
1.979512482e+02;-8.153663366e-04
1.981584320e+02;2.873832127e-03
1.983656311e+02;-4.945664550e-04
1.985728455e+02;-3.876331612e-04
1.987800751e+02;3.007498803e-03
1.989873047e+02;3.355031833e-03
1.991945496e+02;1.911432482e-03
1.994018097e+02;7.351663662e-04
1.996090698e+02;1.082699513e-03
1.998163452e+02;8.955663070e-04
2.000236359e+02;3.341665142e-04
2.002309418e+02;-8.153663366e-04
2.004382477e+02;-1.403499395e-03
2.006455688e+02;-3.167898627e-03
2.008528900e+02;-3.675831715e-03
2.010602417e+02;1.737665880e-04
2.012675934e+02;-2.766898833e-03
2.014749451e+02;7.084330427e-04
2.016823273e+02;-1.483699307e-03
2.018897095e+02;-1.029232866e-03
2.020971069e+02;-2.713432070e-03
2.023045044e+02;-1.189632807e-03
2.025119171e+02;-1.296566101e-03
2.027193451e+02;1.055966248e-03
2.029267883e+02;-9.757662192e-04
2.031342316e+02;6.549663958e-04
2.033416901e+02;6.683330139e-05
2.035491638e+02;3.194632009e-03
2.037566376e+02;-7.084330427e-04
2.039641418e+02;1.991632394e-03
2.041716309e+02;-6.282330723e-04
2.043791504e+02;-3.876331612e-04
2.045866699e+02;-3.007498803e-03
2.047942047e+02;-1.243099454e-03
2.050017548e+02;-3.355031833e-03
2.052093048e+02;-2.419365570e-03
2.054168701e+02;-3.702565096e-03
2.056244507e+02;-9.757662192e-04
2.058320312e+02;-2.258965746e-03
2.060396423e+02;-1.911432482e-03
2.062472534e+02;-1.403499395e-03
2.064548645e+02;-9.356662486e-05
2.066624908e+02;-1.964899246e-03
2.068701324e+02;-5.747664254e-04
2.070777893e+02;-1.202999483e-04
2.072854462e+02;1.470332645e-04
2.074931335e+02;-1.470332645e-04
2.077008057e+02;-8.688329835e-04
2.079085083e+02;-7.084330427e-04
2.081162109e+02;2.272332349e-04
2.083239288e+02;1.831232570e-03
2.085316467e+02;9.490328957e-04
2.087393951e+02;-2.392632188e-03
2.089471436e+02;-2.806998673e-04
2.091548920e+02;-3.328298451e-03
2.093626709e+02;-1.697565895e-03
2.095704498e+02;-3.034231951e-03
2.097782440e+02;-2.018365776e-03
2.099860382e+02;-1.938165864e-03
2.101938629e+02;-1.911432482e-03
2.104016724e+02;-3.542165039e-03
2.106095123e+02;-5.747664254e-04
2.108173523e+02;-1.884699217e-03
2.110252075e+02;6.683330139e-05
2.112330780e+02;3.074331908e-04
2.114409637e+02;2.004999114e-04
2.116488495e+02;1.109432895e-03
2.118567505e+02;2.205498982e-03
2.120646515e+02;-3.608998377e-04
2.122725677e+02;1.644099248e-03
2.124804993e+02;-1.563899335e-03
2.126884460e+02;3.341665142e-04
2.128963928e+02;-2.125299070e-03
2.131043549e+02;-2.272332349e-04
2.133123322e+02;-8.955663070e-04
2.135203094e+02;-6.549663958e-04
2.137283173e+02;-2.954032039e-03
2.139363098e+02;-3.034231951e-03
2.141443329e+02;-1.109432895e-03
2.143523560e+02;-2.526298864e-03
2.145603943e+02;-1.350032748e-03
2.147684479e+02;-1.323299482e-03
2.149765015e+02;-1.082699513e-03
2.151845703e+02;5.212997785e-04
2.153926544e+02;4.143664846e-04
2.156007538e+02;1.350032748e-03
2.158088531e+02;-2.071832540e-03
2.160169678e+02;1.483699307e-03
2.162250824e+02;-9.490328957e-04
2.164332123e+02;1.751032542e-03
2.166413574e+02;9.757662192e-04
2.168495178e+02;9.490328957e-04
2.170576782e+02;-4.317431245e-03
2.172658691e+02;-1.055966248e-03
2.174740448e+02;-3.034231951e-03
2.176822510e+02;-1.430232660e-03
2.178904572e+02;-2.686698921e-03
2.180986786e+02;1.162899542e-03
2.183069000e+02;-3.649098333e-03
2.185151520e+02;-4.143664846e-04
2.187234039e+02;-1.590632601e-03
2.189316559e+02;2.539665438e-04
2.191399384e+02;4.143664846e-04
2.193482208e+02;-5.480331019e-04
2.195565186e+02;-1.055966248e-03
2.197648163e+02;3.608998377e-04
2.199731293e+02;1.470332645e-04
2.201814575e+02;1.537165954e-03
2.203898010e+02;4.143664846e-04
2.205981445e+02;4.143664846e-04
2.208065033e+02;1.483699307e-03
2.210148773e+02;-2.272332349e-04
2.212232513e+02;-1.470332645e-04
2.214316406e+02;3.341665142e-04
2.216400452e+02;-1.269832836e-03
2.218484650e+02;8.955663070e-04
2.220568848e+02;-2.392632188e-03
2.222653198e+02;6.683330139e-05
2.224737549e+02;-2.339165658e-03
2.226822205e+02;-6.282330723e-04
2.228906860e+02;-1.804499188e-03
2.230991516e+02;4.009998156e-05
2.233076477e+02;-1.857965835e-03
2.235161438e+02;5.212997785e-04
2.237246552e+02;-1.336666082e-05
2.239331665e+02;1.136166160e-03
2.241416931e+02;6.014997489e-04
2.243502350e+02;2.098565688e-03
2.245587921e+02;-1.336666082e-05
2.247673492e+02;2.071832540e-03
2.249759216e+02;3.876331612e-04
2.251845093e+02;7.886330131e-04
2.253930969e+02;8.420996601e-04
2.256017151e+02;1.336666082e-05
2.258103180e+02;-1.804499188e-03
2.260189514e+02;-9.222995723e-04
2.262275848e+02;9.356662486e-05
2.264362335e+02;-3.461965127e-03
2.266448975e+02;-2.472832333e-03
2.268535614e+02;9.356662486e-05
2.270622406e+02;-2.178765833e-03
2.272709351e+02;-1.964899246e-03
2.274796295e+02;1.029232866e-03
2.276883392e+02;1.857965835e-03
2.278970642e+02;-3.608998377e-04
2.281058044e+02;-6.549663958e-04
2.283145447e+02;1.777765923e-03
2.285233002e+02;1.189632807e-03
2.287320557e+02;3.876331612e-04
2.289408417e+02;5.747664254e-04
2.291496277e+02;9.356662486e-05
2.293584137e+02;2.272332349e-04
2.295672302e+02;-1.082699513e-03
2.297760468e+02;1.269832836e-03
2.299848785e+02;-1.189632807e-03
2.301937103e+02;-1.456966042e-03
2.304025726e+02;-1.884699217e-03
2.306114197e+02;-3.756031627e-03
2.308202972e+02;-3.087698715e-03
2.310291748e+02;-1.938165864e-03
2.312380676e+02;-1.002499601e-03
2.314469757e+02;-1.055966248e-03
2.316558990e+02;-5.747664254e-04
2.318648224e+02;-1.537165954e-03
2.320737610e+02;2.806998673e-04
2.322826996e+02;7.886330131e-04
2.324916534e+02;-1.537165954e-03
2.327006226e+02;1.136166160e-03
2.329096069e+02;-1.202999483e-04
2.331185913e+02;-4.410998081e-04
2.333275909e+02;1.456966042e-03
2.335366058e+02;3.782765009e-03
2.337456207e+02;-9.490328957e-04
2.339546661e+02;2.806998673e-04
2.341636963e+02;-2.018365776e-03
2.343727570e+02;-1.697565895e-03
2.345818176e+02;-2.539665438e-04
2.347908936e+02;-1.136166160e-03
2.349999847e+02;-9.356662486e-05
2.352090759e+02;2.526298864e-03
2.354181824e+02;-2.392632188e-03
2.356273041e+02;-1.296566101e-03
2.358364258e+02;1.804499188e-03
2.360455627e+02;-2.071832540e-03
2.362547150e+02;-1.029232866e-03
2.364638824e+02;2.806998673e-04
2.366730499e+02;-1.243099454e-03
2.368822327e+02;1.991632394e-03
2.370914154e+02;7.886330131e-04
2.373006287e+02;2.365899039e-03
2.375098419e+02;-1.884699217e-03
2.377190552e+02;1.456966042e-03
2.379282990e+02;-3.876331612e-04
2.381375427e+02;1.336666082e-05
2.383468018e+02;-1.697565895e-03
2.385560608e+02;9.356662486e-05
2.387653503e+02;-2.633232158e-03
2.389746246e+02;8.688329835e-04
2.391839294e+02;-1.403499395e-03
2.393932343e+02;-1.002499601e-03
2.396025543e+02;-1.055966248e-03
2.398118896e+02;4.945664550e-04
2.400212402e+02;1.884699217e-03
2.402305908e+02;7.084330427e-04
2.404399414e+02;-2.659965539e-03
2.406493225e+02;1.430232660e-03
2.408587036e+02;1.336666082e-05
2.410681000e+02;2.004999114e-04
2.412775116e+02;2.419365570e-03
2.414869232e+02;1.617365982e-03
2.416963501e+02;-1.350032748e-03
2.419057922e+02;3.074331908e-04
2.421152344e+02;-9.490328957e-04
2.423246918e+02;4.009998156e-05
2.425341644e+02;-1.777765923e-03
2.427436371e+02;9.222995723e-04
2.429531403e+02;-2.980765421e-03
2.431626434e+02;-2.205498982e-03
2.433721466e+02;-2.927298658e-03
2.435816650e+02;1.336666082e-05
2.437911987e+02;-2.365899039e-03
2.440007477e+02;7.618996897e-04
2.442103119e+02;9.356662486e-05
2.444198761e+02;2.285698894e-03
2.446294403e+02;1.216366189e-03
2.448390350e+02;1.590632601e-03
2.450486298e+02;-1.430232660e-03
2.452582397e+02;1.456966042e-03
2.454678650e+02;7.084330427e-04
2.456774902e+02;1.323299482e-03
2.458871307e+02;-2.205498982e-03
2.460967865e+02;-8.153663366e-04
2.463064423e+02;-1.162899542e-03
2.465161133e+02;-2.686698921e-03
2.467257996e+02;-2.071832540e-03
2.469354858e+02;-4.143664846e-04
2.471451874e+02;-1.002499601e-03
2.473549042e+02;-2.539665438e-04
2.475646362e+02;-1.964899246e-03
2.477743683e+02;4.678331316e-04
2.479841156e+02;-2.579765627e-03
2.481938782e+02;-1.082699513e-03
2.484036407e+02;-1.563899335e-03
2.486134186e+02;6.549663958e-04
2.488232117e+02;-7.618996897e-04
2.490330048e+02;1.737665880e-04
2.492428284e+02;1.136166160e-03
2.494526367e+02;-1.055966248e-03
2.496624756e+02;-1.296566101e-03
2.498723145e+02;6.549663958e-04
2.500821686e+02;-3.074331908e-04
2.502920380e+02;-2.873832127e-03
2.505019073e+02;-2.205498982e-03
2.507117920e+02;5.212997785e-04
2.509216919e+02;-1.510432689e-03
2.511315918e+02;2.539665438e-04
2.513415222e+02;-1.483699307e-03
2.515514374e+02;-1.323299482e-03
2.517613831e+02;-1.804499188e-03
2.519713287e+02;-1.430232660e-03
2.521812897e+02;-6.683330139e-05
2.523912659e+02;7.351663662e-04
2.526012421e+02;-1.831232570e-03
2.528112335e+02;1.617365982e-03
2.530212402e+02;-6.014997489e-04
2.532312469e+02;3.301565303e-03
2.534412689e+02;1.456966042e-03
2.536513062e+02;1.136166160e-03
2.538613586e+02;-1.777765923e-03
2.540714111e+02;5.480331019e-04
2.542814789e+02;-1.350032748e-03
2.544915466e+02;-1.269832836e-03
2.547016449e+02;-5.212997785e-04
2.549117432e+02;5.480331019e-04
2.551218567e+02;-1.029232866e-03
2.553319702e+02;-2.847098745e-03
2.555420990e+02;-2.258965746e-03
2.557522430e+02;7.351663662e-04
2.559623871e+02;-3.515431890e-03
2.561725464e+02;6.816997193e-04
2.563827209e+02;9.490328957e-04
2.565928955e+02;1.751032542e-03
2.568031006e+02;1.737665880e-04
2.570133057e+02;3.876331612e-04
2.572235107e+02;1.082699513e-03
2.574337463e+02;7.351663662e-04
2.576439819e+02;-3.341665142e-04
2.578542480e+02;1.162899542e-03
2.580644836e+02;4.009998156e-05
2.582747498e+02;-1.082699513e-03
2.584850464e+02;-8.153663366e-04
2.586953430e+02;-1.002499601e-03
2.589056396e+02;-1.617365982e-03
2.591159363e+02;-1.189632807e-03
2.593262634e+02;-4.678331316e-04
2.595365906e+02;-9.757662192e-04
2.597469482e+02;-3.248098539e-03
2.599573059e+02;4.678331316e-04
2.601676636e+02;-8.688329835e-04
2.603780212e+02;-4.143664846e-04
2.605884094e+02;-4.410998081e-04
2.607988281e+02;7.618996897e-04
2.610092163e+02;-1.563899335e-03
2.612196350e+02;-1.804499188e-03
2.614300842e+02;-8.955663070e-04
2.616405029e+02;-1.470332645e-04
2.618509521e+02;2.539665438e-04
2.620614319e+02;1.350032748e-03
2.622718811e+02;-1.911432482e-03
2.624823608e+02;-1.644099248e-03
2.626928711e+02;-2.793632215e-03
2.629033508e+02;-6.282330723e-04
2.631138916e+02;-3.060965333e-03
2.633244019e+02;-7.084330427e-04
2.635349426e+02;-2.659965539e-03
2.637454834e+02;-1.216366189e-03
2.639560242e+02;-1.456966042e-03
2.641665955e+02;-3.876331612e-04
2.643771973e+02;-8.153663366e-04
2.645877686e+02;1.617365982e-03
2.647983704e+02;1.082699513e-03
2.650089722e+02;1.189632807e-03
2.652196045e+02;-9.757662192e-04
2.654302368e+02;1.938165864e-03
2.656408691e+02;9.490328957e-04
2.658515320e+02;-8.688329835e-04
2.660621948e+02;2.539665438e-04
2.662728577e+02;-1.777765923e-03
2.664835510e+02;-1.376766013e-03
2.666942444e+02;-1.162899542e-03
2.669049377e+02;3.876331612e-04
2.671156616e+02;-3.862964921e-03
2.673263855e+02;-1.884699217e-03
2.675371094e+02;-2.579765627e-03
2.677478638e+02;-1.857965835e-03
2.679586182e+02;1.029232866e-03
2.681694031e+02;4.945664550e-04
2.683801575e+02;-1.670832629e-03
2.685909729e+02;-2.539665438e-04
2.688017578e+02;2.539665438e-04
2.690125732e+02;4.143664846e-04
2.692233887e+02;1.670832629e-03
2.694342346e+02;4.143664846e-04
2.696450806e+02;4.410998081e-04
2.698559265e+02;1.162899542e-03
2.700667725e+02;1.644099248e-03
2.702776489e+02;1.029232866e-03
2.704885559e+02;-1.376766013e-03
2.706994324e+02;-1.323299482e-03
2.709103394e+02;-2.178765833e-03
2.711212769e+02;-4.410998081e-04
2.713321838e+02;-9.490328957e-04
2.715431213e+02;-2.900565509e-03
2.717540894e+02;1.202999483e-04
2.719650269e+02;-2.539665438e-04
2.721760254e+02;1.336666082e-05
2.723869934e+02;-9.757662192e-04
2.725979919e+02;5.212997785e-04
2.728089905e+02;-5.747664254e-04
2.730199890e+02;-1.002499601e-03
2.732310181e+02;-1.162899542e-03
2.734420471e+02;6.816997193e-04
2.736531067e+02;-1.376766013e-03
2.738641663e+02;2.766898833e-03
2.740752258e+02;-1.136166160e-03
2.742862854e+02;-6.014997489e-04
2.744973755e+02;-2.071832540e-03
2.747084961e+02;-1.483699307e-03
2.749195862e+02;-1.136166160e-03
2.751307068e+02;2.419365570e-03
2.753418274e+02;-4.103564657e-03
2.755529785e+02;6.683330139e-05
2.757641296e+02;-1.243099454e-03
2.759752808e+02;-1.269832836e-03
2.761864624e+02;-8.420996601e-04
2.763976440e+02;1.470332645e-04
2.766088562e+02;-1.029232866e-03
2.768200378e+02;1.350032748e-03
2.770312500e+02;9.757662192e-04
2.772424927e+02;-1.403499395e-03
2.774537354e+02;-3.341665142e-04
2.776649780e+02;7.886330131e-04
2.778762207e+02;9.356662486e-05
2.780874939e+02;1.470332645e-04
2.782987671e+02;-2.472832333e-03
2.785100708e+02;-8.420996601e-04
2.787213745e+02;-2.365899039e-03
2.789326782e+02;9.356662486e-05
2.791439819e+02;-3.328298451e-03
2.793553162e+02;-5.212997785e-04
2.795666504e+02;9.490328957e-04
2.797780151e+02;-1.563899335e-03
2.799893799e+02;-1.804499188e-03
2.802007446e+02;-3.074331908e-04
2.804121399e+02;6.683330139e-05
2.806235352e+02;-1.269832836e-03
2.808349304e+02;-9.222995723e-04
2.810463562e+02;-7.351663662e-04
2.812577820e+02;-1.456966042e-03
2.814692078e+02;1.243099454e-03
2.816806641e+02;2.806998673e-04
2.818921204e+02;1.724299276e-03
2.821036072e+02;6.014997489e-04
2.823150635e+02;-1.617365982e-03
2.825265808e+02;-3.341665142e-04
2.827380676e+02;-4.143664846e-04
2.829495850e+02;-2.178765833e-03
2.831611023e+02;-3.141165245e-03
2.833726501e+02;-3.034231951e-03
2.835841675e+02;-2.873832127e-03
2.837957458e+02;-2.980765421e-03
2.840072937e+02;-1.483699307e-03
2.842188721e+02;-1.510432689e-03
2.844304504e+02;-3.488698509e-03
2.846420593e+02;2.272332349e-04
2.848536682e+02;7.084330427e-04
2.850652771e+02;-1.109432895e-03
2.852769165e+02;-6.549663958e-04
2.854885559e+02;-1.002499601e-03
2.857001953e+02;2.820365364e-03
2.859118652e+02;1.243099454e-03
2.861235352e+02;1.884699217e-03
2.863352051e+02;1.109432895e-03
2.865469055e+02;2.285698894e-03
2.867586060e+02;-1.202999483e-04
2.869703064e+02;-8.153663366e-04
2.871820374e+02;-3.916431684e-03
2.873937683e+02;-1.777765923e-03
2.876055298e+02;-2.419365570e-03
2.878172913e+02;-6.683330139e-05
2.880290527e+02;-2.178765833e-03
2.882408142e+02;2.018365776e-03
2.884526062e+02;-1.938165864e-03
2.886643982e+02;-2.272332349e-04
2.888762207e+02;-3.248098539e-03
2.890880432e+02;1.697565895e-03
2.892998657e+02;-1.029232866e-03
2.895116882e+02;1.483699307e-03
2.897235413e+02;-8.955663070e-04
2.899354248e+02;-4.945664550e-04
2.901472778e+02;7.084330427e-04
2.903591614e+02;7.084330427e-04
2.905710754e+02;-6.549663958e-04
2.907829590e+02;1.136166160e-03
2.909948730e+02;-2.553032245e-03
2.912068176e+02;-9.356662486e-05
2.914187317e+02;-2.125299070e-03
2.916306763e+02;1.082699513e-03
2.918426514e+02;-2.820365364e-03
2.920546265e+02;1.002499601e-03
2.922666016e+02;-1.269832836e-03
2.924785767e+02;-1.350032748e-03
2.926905823e+02;-2.285698894e-03
2.929025879e+02;2.539665438e-04
2.931146240e+02;-1.376766013e-03
2.933266296e+02;1.737665880e-04
2.935386963e+02;-1.216366189e-03
2.937507324e+02;1.216366189e-03
2.939627991e+02;-1.510432689e-03
2.941748657e+02;1.002499601e-03
2.943869629e+02;-1.670832629e-03
2.945990601e+02;-2.004999114e-04
2.948111572e+02;-1.483699307e-03
2.950232849e+02;-7.618996897e-04
2.952354126e+02;-4.397631623e-03
2.954475403e+02;-6.549663958e-04
2.956596680e+02;-2.873832127e-03
2.958718262e+02;-9.757662192e-04
2.960840149e+02;-1.403499395e-03
2.962962036e+02;1.323299482e-03
2.965083923e+02;-1.831232570e-03
2.967205811e+02;-8.420996601e-04
2.969328003e+02;-2.045099158e-03
2.971450195e+02;-1.991632394e-03
2.973572388e+02;1.403499395e-03
2.975694885e+02;-6.282330723e-04
2.977817383e+02;5.747664254e-04
2.979940186e+02;1.777765923e-03
2.982062683e+02;1.002499601e-03
2.984185791e+02;1.002499601e-03
2.986308594e+02;3.608998377e-04
2.988431702e+02;1.777765923e-03
2.990554810e+02;-7.084330427e-04
2.992678223e+02;5.212997785e-04
2.994801636e+02;-8.153663366e-04
2.996925049e+02;-5.212997785e-04
2.999048462e+02;-3.007498803e-03
3.001172180e+02;-1.991632394e-03
3.003296204e+02;-2.793632215e-03
3.005419922e+02;-4.009998156e-05
3.007543945e+02;-3.167898627e-03
3.009668274e+02;-9.490328957e-04
3.011792297e+02;-6.014997489e-04
3.013916626e+02;-1.670832629e-03
3.016041260e+02;5.480331019e-04
3.018165588e+02;1.296566101e-03
3.020290222e+02;-1.430232660e-03
3.022415161e+02;-1.737665880e-04
3.024539795e+02;-1.857965835e-03
3.026665039e+02;1.162899542e-03
3.028789978e+02;-9.757662192e-04
3.030915222e+02;-9.757662192e-04
3.033040466e+02;-3.836231772e-03
3.035165710e+02;-2.071832540e-03
3.037291260e+02;-7.084330427e-04
3.039416809e+02;-1.563899335e-03
3.041542664e+02;-3.141165245e-03
3.043668518e+02;-4.009998156e-05
3.045794373e+02;2.806998673e-04
3.047920532e+02;-1.336666082e-05
3.050046387e+02;7.886330131e-04
3.052172852e+02;9.757662192e-04
3.054299011e+02;-2.272332349e-04
3.056425476e+02;3.876331612e-04
3.058552246e+02;-4.945664550e-04
3.060678711e+02;1.002499601e-03
3.062805481e+02;-3.074331908e-04
3.064932556e+02;-3.876331612e-04
3.067059326e+02;-1.470332645e-04
3.069186401e+02;6.683330139e-05
3.071313782e+02;-3.167898627e-03
3.073440857e+02;-1.350032748e-03
3.075568237e+02;-1.296566101e-03
3.077695923e+02;-2.526298864e-03
3.079823608e+02;-3.087698715e-03
3.081951294e+02;-2.045099158e-03
3.084078979e+02;-1.216366189e-03
3.086206970e+02;-1.403499395e-03
3.088334961e+02;-4.143664846e-04
3.090463257e+02;1.857965835e-03
3.092591248e+02;1.456966042e-03
3.094719849e+02;2.365899039e-03
3.096848145e+02;-2.806998673e-04
3.098976746e+02;2.004999114e-04
3.101105347e+02;-9.356662486e-05
3.103234253e+02;1.336666082e-05
3.105363159e+02;1.162899542e-03
3.107492065e+02;3.876331612e-04
3.109621277e+02;-6.014997489e-04
3.111750183e+02;-7.618996897e-04
3.113879700e+02;-2.873832127e-03
3.116008911e+02;-1.376766013e-03
3.118138428e+02;-2.659965539e-03
3.120268250e+02;-3.074331908e-04
3.122397766e+02;-2.419365570e-03
3.124527588e+02;-2.004999114e-04
3.126657715e+02;-2.633232158e-03
3.128787842e+02;1.804499188e-03
3.130917969e+02;-1.029232866e-03
3.133048096e+02;-1.336666082e-05
3.135178528e+02;-1.911432482e-03
3.137308960e+02;8.688329835e-04
3.139439392e+02;6.549663958e-04
3.141570129e+02;1.162899542e-03
3.143700867e+02;2.205498982e-03
3.145831909e+02;-6.816997193e-04
3.147962952e+02;-1.537165954e-03
3.150093994e+02;-2.539665438e-04
3.152225037e+02;-2.954032039e-03
3.154356384e+02;1.483699307e-03
3.156487732e+02;-4.397631623e-03
3.158619385e+02;1.456966042e-03
3.160751038e+02;-2.686698921e-03
3.162882690e+02;-7.084330427e-04
3.165014648e+02;-1.510432689e-03
3.167146606e+02;-4.945664550e-04
3.169278564e+02;-2.285698894e-03
3.171410828e+02;-2.285698894e-03
3.173543091e+02;1.831232570e-03
3.175675354e+02;-7.886330131e-04
3.177807922e+02;-2.098565688e-03
3.179940491e+02;7.084330427e-04
3.182073059e+02;3.074331908e-04
3.184205933e+02;8.955663070e-04
3.186338806e+02;-1.670832629e-03
3.188471680e+02;-6.282330723e-04
3.190604858e+02;2.579765627e-03
3.192738037e+02;-6.683330139e-05
3.194871521e+02;-2.579765627e-03
3.197004700e+02;-1.350032748e-03
3.199138184e+02;-3.916431684e-03
3.201271973e+02;-2.659965539e-03
3.203405762e+02;-3.515431890e-03
3.205539551e+02;-2.285698894e-03
3.207673340e+02;-2.071832540e-03
3.209807434e+02;-5.212997785e-04
3.211941833e+02;-2.365899039e-03
3.214075928e+02;1.189632807e-03
3.216210327e+02;5.480331019e-04
3.218344727e+02;1.991632394e-03
3.220479431e+02;-1.510432689e-03
3.222614136e+02;-6.816997193e-04
3.224748840e+02;-8.153663366e-04
3.226883850e+02;1.751032542e-03
3.229018860e+02;-8.688329835e-04
3.231153870e+02;9.490328957e-04
3.233289185e+02;1.483699307e-03
3.235424500e+02;-6.282330723e-04
3.237559814e+02;-1.804499188e-03
3.239695435e+02;-2.472832333e-03
3.241831055e+02;-2.806998673e-04
3.243966675e+02;-1.109432895e-03
3.246102600e+02;-1.831232570e-03
3.248238525e+02;-7.886330131e-04
3.250374451e+02;4.143664846e-04
3.252510681e+02;-1.737665880e-04
3.254646912e+02;-2.312432276e-03
3.256783447e+02;1.403499395e-03
3.258919983e+02;-2.686698921e-03
3.261056519e+02;-3.608998377e-04
3.263193054e+02;1.670832629e-03
3.265329895e+02;2.285698894e-03
3.267466736e+02;-1.216366189e-03
3.269603882e+02;3.675831715e-03
3.271741028e+02;-2.004999114e-04
3.273878174e+02;1.470332645e-04
3.276015625e+02;8.420996601e-04
3.278152771e+02;1.430232660e-03
3.280290527e+02;-1.189632807e-03
3.282427979e+02;-3.542165039e-03
3.284565735e+02;-1.991632394e-03
3.286703796e+02;-1.697565895e-03
3.288841553e+02;-7.886330131e-04
3.290979614e+02;-1.082699513e-03
3.293117981e+02;-7.886330131e-04
3.295256042e+02;-5.747664254e-04
3.297394409e+02;-1.376766013e-03
3.299533081e+02;-1.336666082e-05
3.301671448e+02;-1.189632807e-03
3.303810425e+02;-1.537165954e-03
3.305949097e+02;4.410998081e-04
3.308088074e+02;1.644099248e-03
3.310227051e+02;9.757662192e-04
3.312366028e+02;9.757662192e-04
3.314505310e+02;-2.539665438e-04
3.316644592e+02;-2.659965539e-03
3.318784180e+02;3.074331908e-04
3.320923767e+02;-8.420996601e-04
3.323063354e+02;-3.542165039e-03
3.325202942e+02;-1.430232660e-03
3.327342834e+02;-2.873832127e-03
3.329482727e+02;-1.055966248e-03
3.331622925e+02;4.009998156e-05
3.333763123e+02;-8.420996601e-04
3.335903320e+02;-2.312432276e-03
3.338043823e+02;2.071832540e-03
3.340184326e+02;-1.563899335e-03
3.342324829e+02;-1.737665880e-04
3.344465332e+02;8.420996601e-04
3.346606140e+02;1.029232866e-03
3.348747253e+02;-1.964899246e-03
3.350888062e+02;2.339165658e-03
3.353029175e+02;2.539665438e-04
3.355170593e+02;9.490328957e-04
3.357311707e+02;-2.272332349e-04
3.359453125e+02;-4.009998156e-05
3.361594849e+02;-1.136166160e-03
3.363736572e+02;1.470332645e-04
3.365878296e+02;-2.633232158e-03
3.368020020e+02;-8.153663366e-04
3.370162048e+02;-1.884699217e-03
3.372304077e+02;-1.510432689e-03
3.374446106e+02;-3.702565096e-03
3.376588440e+02;-1.350032748e-03
3.378730774e+02;-1.350032748e-03
3.380873413e+02;-3.876331612e-04
3.383016052e+02;-3.328298451e-03
3.385158691e+02;6.282330723e-04
3.387301331e+02;3.608998377e-04
3.389444275e+02;5.212997785e-04
3.391587524e+02;5.921430886e-03
3.393730469e+02;2.806998673e-04
3.395873718e+02;2.018365776e-03
3.398016968e+02;-1.296566101e-03
3.400160522e+02;-1.644099248e-03
3.402304077e+02;-1.737665880e-04
3.404447632e+02;-3.675831715e-03
3.406591492e+02;-2.365899039e-03
3.408735352e+02;-2.446098952e-03
3.410879211e+02;-1.991632394e-03
3.413023376e+02;-7.618996897e-04
3.415167542e+02;-7.351663662e-04
3.417311707e+02;-1.243099454e-03
3.419456177e+02;-6.282330723e-04
3.421600647e+02;-1.350032748e-03
3.423745117e+02;2.806998673e-04
3.425889893e+02;9.222995723e-04
3.428034668e+02;1.002499601e-03
3.430179443e+02;1.737665880e-04
3.432324524e+02;8.688329835e-04
3.434469604e+02;6.549663958e-04
3.436614990e+02;9.757662192e-04
3.438760376e+02;-5.212997785e-04
3.440905762e+02;-9.490328957e-04
3.443051147e+02;-1.109432895e-03
3.445196838e+02;-2.285698894e-03
3.447342529e+02;-1.991632394e-03
3.449488525e+02;-1.938165864e-03
3.451634521e+02;4.678331316e-04
3.453780518e+02;-2.659965539e-03
3.455926514e+02;-3.248098539e-03
3.458072815e+02;-6.282330723e-04
3.460219116e+02;-1.296566101e-03
3.462365723e+02;1.510432689e-03
3.464512329e+02;9.222995723e-04
3.466658936e+02;1.911432482e-03
3.468805847e+02;-3.876331612e-04
3.470952759e+02;7.618996897e-04
3.473099670e+02;1.991632394e-03
3.475246887e+02;2.004999114e-04
3.477394104e+02;6.549663958e-04
3.479541321e+02;4.678331316e-04
3.481688843e+02;6.282330723e-04
3.483836365e+02;6.683330139e-05
3.485983887e+02;-4.945664550e-04
3.488131714e+02;-1.376766013e-03
3.490279541e+02;-3.729298478e-03
3.492427673e+02;-5.480331019e-04
3.494575500e+02;-1.243099454e-03
3.496723633e+02;-1.136166160e-03
3.498872070e+02;1.751032542e-03
3.501020508e+02;-1.456966042e-03
3.503168945e+02;-4.410998081e-04
3.505317383e+02;1.938165864e-03
3.507466125e+02;3.608998377e-04
3.509614868e+02;1.269832836e-03
3.511763916e+02;-1.470332645e-04
3.513912964e+02;7.618996897e-04
3.516062012e+02;-9.757662192e-04
3.518211060e+02;4.678331316e-04
3.520360413e+02;-8.153663366e-04
3.522509766e+02;-1.269832836e-03
3.524659424e+02;-1.510432689e-03
3.526809082e+02;1.737665880e-04
3.528958740e+02;-1.136166160e-03
3.531108704e+02;-1.296566101e-03
3.533258667e+02;-3.248098539e-03
3.535408630e+02;-1.162899542e-03
3.537558899e+02;-2.713432070e-03
3.539709167e+02;-1.296566101e-03
3.541859436e+02;-7.618996897e-04
3.544010010e+02;-1.470332645e-04
3.546160583e+02;-1.162899542e-03
3.548311157e+02;-4.410998081e-04
3.550462036e+02;-1.670832629e-03
3.552612915e+02;-4.945664550e-04
3.554763794e+02;-2.539665438e-04
3.556914978e+02;1.269832836e-03
3.559066162e+02;1.202999483e-04
3.561217651e+02;1.590632601e-03
3.563368835e+02;1.470332645e-04
3.565520325e+02;-1.002499601e-03
3.567672119e+02;-2.766898833e-03
3.569823914e+02;-2.285698894e-03
3.571975708e+02;-2.285698894e-03
3.574127502e+02;-2.071832540e-03
3.576279602e+02;-5.480331019e-04
3.578431702e+02;-1.777765923e-03
3.580584106e+02;-4.050098360e-03
3.582736511e+02;4.410998081e-04
3.584888916e+02;-1.563899335e-03
3.587041626e+02;-8.153663366e-04
3.589194031e+02;-2.633232158e-03
3.591347046e+02;-2.071832540e-03
3.593499756e+02;-1.470332645e-04
3.595652771e+02;1.082699513e-03
3.597806091e+02;1.336666082e-05
3.599959106e+02;2.232232364e-03
3.602112427e+02;1.269832836e-03
3.604265747e+02;-2.499565482e-03
3.606419373e+02;-1.336666082e-05
3.608572998e+02;1.350032748e-03
3.610726624e+02;-2.526298864e-03
3.612880554e+02;4.009998156e-05
3.615034485e+02;-2.766898833e-03
3.617188416e+02;-1.082699513e-03
3.619342651e+02;-9.222995723e-04
3.621496887e+02;-1.296566101e-03
3.623651428e+02;-2.499565482e-03
3.625805664e+02;-2.312432276e-03
3.627960510e+02;-1.430232660e-03
3.630115051e+02;1.483699307e-03
3.632269897e+02;2.285698894e-03
3.634424744e+02;-2.806998673e-04
3.636579590e+02;6.014997489e-04
3.638734741e+02;1.202999483e-04
3.640889893e+02;-9.356662486e-05
3.643045349e+02;9.757662192e-04
3.645200806e+02;-1.029232866e-03
3.647356262e+02;-5.212997785e-04
3.649511719e+02;-2.980765421e-03
3.651667480e+02;-1.510432689e-03
3.653823242e+02;-3.461965127e-03
3.655979309e+02;-3.194632009e-03
3.658135376e+02;-2.446098952e-03
3.660291443e+02;1.430232660e-03
3.662447815e+02;-2.392632188e-03
3.664604187e+02;1.189632807e-03
3.666760559e+02;1.737665880e-04
3.668917236e+02;-1.189632807e-03
3.671073914e+02;3.608998377e-04
3.673230591e+02;-4.945664550e-04
3.675387268e+02;-2.004999114e-04
3.677544250e+02;-5.212997785e-04
3.679701538e+02;1.109432895e-03
3.681858826e+02;1.082699513e-03
3.684016113e+02;-1.136166160e-03
3.686173401e+02;3.608998377e-04
3.688330994e+02;-1.296566101e-03
3.690488586e+02;-1.109432895e-03
3.692646179e+02;-1.055966248e-03
3.694804077e+02;-4.410998081e-04
3.696961975e+02;-3.608998377e-04
3.699119873e+02;-1.269832836e-03
3.701278076e+02;-7.886330131e-04
3.703436279e+02;-6.014997489e-04
3.705594788e+02;-2.152032452e-03
3.707752991e+02;1.670832629e-03
3.709911804e+02;-9.757662192e-04
3.712070312e+02;7.084330427e-04
3.714229126e+02;-3.608998377e-04
3.716387939e+02;1.350032748e-03
3.718547058e+02;-3.341665142e-04
3.720706177e+02;1.470332645e-04
3.722865295e+02;-1.269832836e-03
3.725024414e+02;3.087698715e-03
3.727183838e+02;8.688329835e-04
3.729343262e+02;-1.430232660e-03
3.731502991e+02;-8.153663366e-04
3.733662720e+02;7.084330427e-04
3.735822449e+02;-2.713432070e-03
3.737982483e+02;-7.618996897e-04
3.740142517e+02;-9.490328957e-04
3.742302551e+02;-1.350032748e-03
3.744462891e+02;-1.697565895e-03
3.746623230e+02;-2.205498982e-03
3.748783569e+02;-2.980765421e-03
3.750944214e+02;-8.153663366e-04
3.753104858e+02;1.470332645e-04
3.755265503e+02;7.351663662e-04
3.757426453e+02;1.323299482e-03
3.759587402e+02;-1.831232570e-03
3.761748352e+02;-4.410998081e-04
3.763909607e+02;8.955663070e-04
3.766070862e+02;7.351663662e-04
3.768232117e+02;1.296566101e-03
3.770393677e+02;1.336666082e-05
3.772555237e+02;4.678331316e-04
3.774717102e+02;-7.351663662e-04
3.776878662e+02;-2.045099158e-03
3.779040833e+02;-1.831232570e-03
3.781202698e+02;-7.351663662e-04
3.783364868e+02;-3.221365158e-03
3.785527039e+02;3.074331908e-04
3.787689514e+02;-2.018365776e-03
3.789851685e+02;1.403499395e-03
3.792014465e+02;-2.539665438e-04
3.794176941e+02;4.410998081e-04
3.796339722e+02;-2.258965746e-03
3.798502502e+02;9.222995723e-04
3.800665588e+02;6.014997489e-04
3.802828674e+02;2.713432070e-03
3.804991760e+02;8.153663366e-04
3.807154846e+02;1.350032748e-03
3.809318237e+02;-7.084330427e-04
3.811481934e+02;1.563899335e-03
3.813645325e+02;-2.713432070e-03
3.815809021e+02;-5.212997785e-04
3.817973022e+02;-3.435231745e-03
3.820136719e+02;-1.617365982e-03
3.822300720e+02;-1.243099454e-03
3.824465027e+02;-5.480331019e-04
3.826629028e+02;9.356662486e-05
3.828793335e+02;-6.014997489e-04
3.830957947e+02;-7.084330427e-04
3.833122253e+02;-2.526298864e-03
3.835286865e+02;-1.483699307e-03
3.837451782e+02;2.272332349e-04
3.839616394e+02;1.737665880e-04
3.841781616e+02;-6.549663958e-04
3.843946533e+02;9.356662486e-05
3.846111755e+02;1.189632807e-03
3.848276978e+02;-7.084330427e-04
3.850442200e+02;9.757662192e-04
3.852607727e+02;-6.549663958e-04
3.854773254e+02;1.136166160e-03
3.856939087e+02;-9.757662192e-04
3.859104614e+02;-9.757662192e-04
3.861270752e+02;-2.446098952e-03
3.863436584e+02;-3.167898627e-03
3.865602722e+02;-1.670832629e-03
3.867768860e+02;-9.757662192e-04
3.869935303e+02;-1.350032748e-03
3.872101746e+02;8.153663366e-04
3.874268188e+02;-3.381765215e-03
3.876434631e+02;2.018365776e-03
3.878601379e+02;-4.143664846e-04
3.880768127e+02;3.341665142e-04
3.882935181e+02;1.082699513e-03
3.885102234e+02;5.747664254e-04
3.887269287e+02;6.014997489e-04
3.889436646e+02;3.034231951e-03
3.891604004e+02;-7.886330131e-04
3.893771362e+02;1.737665880e-04
3.895939026e+02;-1.751032542e-03
3.898106689e+02;-2.873832127e-03
3.900274353e+02;-1.938165864e-03
3.902442322e+02;-3.274831921e-03
3.904610291e+02;-1.938165864e-03
3.906778259e+02;-6.282330723e-04
3.908946533e+02;-1.751032542e-03
3.911114807e+02;-1.737665880e-04
3.913283081e+02;-1.269832836e-03
3.915451660e+02;-1.189632807e-03
3.917620239e+02;-2.419365570e-03
3.919788818e+02;-7.618996897e-04
3.921957703e+02;1.617365982e-03
3.924126587e+02;-1.991632394e-03
3.926295776e+02;1.336666082e-05
3.928464661e+02;4.945664550e-04
3.930634155e+02;-6.014997489e-04
3.932803345e+02;7.351663662e-04
3.934972839e+02;-1.216366189e-03
3.937142334e+02;1.483699307e-03
3.939311829e+02;-1.670832629e-03
3.941481628e+02;-2.847098745e-03
3.943651428e+02;-1.751032542e-03
3.945821533e+02;-1.470332645e-04
3.947991638e+02;-2.579765627e-03
3.950161743e+02;-2.312432276e-03
3.952332153e+02;-3.167898627e-03
3.954502258e+02;-7.618996897e-04
3.956672974e+02;-3.649098333e-03
3.958843384e+02;4.009998156e-05
3.961014099e+02;-1.350032748e-03
3.963184814e+02;7.084330427e-04
3.965355835e+02;6.282330723e-04
3.967526855e+02;3.943164833e-03
3.969697876e+02;1.002499601e-03
3.971869202e+02;2.018365776e-03
3.974040527e+02;-1.082699513e-03
3.976211853e+02;1.269832836e-03
3.978383484e+02;6.014997489e-04
3.980555115e+02;-1.617365982e-03
3.982726746e+02;-7.618996897e-04
3.984898682e+02;-1.243099454e-03
3.987070618e+02;4.143664846e-04
3.989242554e+02;2.539665438e-04
3.991414795e+02;-2.419365570e-03
3.993587036e+02;-1.483699307e-03
3.995759277e+02;-7.618996897e-04
3.997931824e+02;-4.410998081e-04
4.000104370e+02;-5.480331019e-04
4.002276917e+02;1.189632807e-03
4.004449768e+02;8.420996601e-04
4.006622620e+02;-8.420996601e-04
4.008795776e+02;-1.376766013e-03
4.010968933e+02;1.724299276e-03
4.013142090e+02;1.376766013e-03
4.015315247e+02;-5.747664254e-04
4.017488708e+02;6.014997489e-04
4.019662170e+02;3.074331908e-04
4.021835938e+02;-1.510432689e-03
4.024009399e+02;-1.831232570e-03
4.026183472e+02;6.282330723e-04
4.028357239e+02;-1.563899335e-03
4.030531311e+02;-1.590632601e-03
4.032705383e+02;-1.189632807e-03
4.034879761e+02;-2.472832333e-03
4.037054138e+02;-9.222995723e-04
4.039228516e+02;-5.747664254e-04
4.041402893e+02;9.490328957e-04
4.043577576e+02;-2.339165658e-03
4.045752563e+02;1.109432895e-03
4.047927246e+02;-4.410998081e-04
4.050102234e+02;8.955663070e-04
4.052277222e+02;8.688329835e-04
4.054452515e+02;3.341665142e-04
4.056627808e+02;9.490328957e-04
4.058803101e+02;4.945664550e-04
4.060978699e+02;-2.539665438e-04
4.063154297e+02;-9.757662192e-04
4.065329895e+02;-8.153663366e-04
4.067505798e+02;-1.644099248e-03
4.069681702e+02;-1.644099248e-03
4.071857605e+02;-2.526298864e-03
4.074033813e+02;-1.777765923e-03
4.076210022e+02;-1.403499395e-03
4.078386230e+02;-1.563899335e-03
4.080562744e+02;-2.766898833e-03
4.082739258e+02;1.938165864e-03
4.084915771e+02;-1.590632601e-03
4.087092590e+02;1.617365982e-03
4.089269409e+02;-6.014997489e-04
4.091446533e+02;1.136166160e-03
4.093623352e+02;1.563899335e-03
4.095800781e+02;9.490328957e-04
4.097977905e+02;-1.430232660e-03
4.100155334e+02;1.884699217e-03
4.102332764e+02;-2.472832333e-03
4.104510193e+02;-1.136166160e-03
4.106687927e+02;-2.285698894e-03
4.108865662e+02;-2.152032452e-03
4.111043701e+02;-2.606498776e-03
4.113221741e+02;-1.189632807e-03
4.115399780e+02;-3.622365184e-03
4.117577820e+02;-2.205498982e-03
4.119756165e+02;-2.152032452e-03
4.121934509e+02;3.876331612e-04
4.124113159e+02;-1.323299482e-03
4.126291809e+02;-1.724299276e-03
4.128470459e+02;-2.258965746e-03
4.130649414e+02;1.804499188e-03
4.132828369e+02;6.282330723e-04
4.135007324e+02;1.884699217e-03
4.137186279e+02;5.212997785e-04
4.139365540e+02;-3.876331612e-04
4.141545105e+02;-2.686698921e-03
4.143724365e+02;-8.955663070e-04
4.145903931e+02;-3.622365184e-03
4.148083801e+02;-4.009998156e-05
4.150263367e+02;-3.408498596e-03
4.152443237e+02;-2.526298864e-03
4.154623413e+02;-1.403499395e-03
4.156803284e+02;-1.350032748e-03
4.158983459e+02;7.351663662e-04
4.161163940e+02;-1.617365982e-03
4.163344116e+02;-1.269832836e-03
4.165524597e+02;3.608998377e-04
4.167705383e+02;9.490328957e-04
4.169885864e+02;-5.212997785e-04
4.172066650e+02;-1.510432689e-03
4.174247742e+02;-2.873832127e-03
4.176428833e+02;5.747664254e-04
4.178609924e+02;1.737665880e-04
4.180791016e+02;-2.045099158e-03
4.182972412e+02;-5.480331019e-04
4.185153809e+02;-4.410998081e-04
4.187335205e+02;-3.341665142e-04
4.189516907e+02;-1.243099454e-03
4.191698608e+02;-1.777765923e-03
4.193880615e+02;-1.082699513e-03
4.196062622e+02;-2.205498982e-03
4.198244629e+02;-6.014997489e-04
4.200426636e+02;-8.420996601e-04
4.202608948e+02;1.109432895e-03
4.204791260e+02;9.356662486e-05
4.206973877e+02;-6.282330723e-04
4.209156494e+02;-6.683330139e-05
4.211339111e+02;-4.009998156e-05
4.213521729e+02;5.212997785e-04
4.215704651e+02;1.537165954e-03
4.217887573e+02;1.697565895e-03
4.220070801e+02;-1.777765923e-03
4.222254028e+02;2.178765833e-03
4.224437256e+02;-1.055966248e-03
4.226620789e+02;-2.806998673e-04
4.228804321e+02;-1.857965835e-03
4.230987854e+02;-7.618996897e-04
4.233171692e+02;-2.285698894e-03
4.235355225e+02;-4.009998156e-05
4.237539368e+02;-6.683330139e-05
4.239723206e+02;-1.964899246e-03
4.241907349e+02;-4.143664846e-04
4.244091797e+02;1.804499188e-03
4.246275940e+02;-4.945664550e-04
4.248460388e+02;-7.618996897e-04
4.250645142e+02;-1.376766013e-03
4.252829590e+02;1.376766013e-03
4.255014343e+02;-4.410998081e-04
4.257199402e+02;-5.480331019e-04
4.259384155e+02;7.886330131e-04
4.261569214e+02;6.282330723e-04
4.263754578e+02;8.153663366e-04
4.265939941e+02;1.857965835e-03
4.268125305e+02;-1.724299276e-03
4.270310669e+02;-8.688329835e-04
4.272496338e+02;-1.697565895e-03
4.274682007e+02;-6.683330139e-05
4.276867676e+02;-4.317431245e-03
4.279053650e+02;-1.055966248e-03
4.281239624e+02;-3.328298451e-03
4.283425903e+02;-2.766898833e-03
4.285611877e+02;-6.683330139e-05
4.287798157e+02;-1.269832836e-03
4.289984741e+02;-1.777765923e-03
4.292171326e+02;3.608998377e-04
4.294357910e+02;-7.618996897e-04
4.296544495e+02;-9.490328957e-04
4.298731384e+02;1.243099454e-03
4.300918274e+02;2.539665438e-04
4.303105469e+02;1.296566101e-03
4.305292664e+02;2.392632188e-03
4.307479858e+02;-1.136166160e-03
4.309667053e+02;-4.945664550e-04
4.311854553e+02;-1.243099454e-03
4.314042358e+02;-2.553032245e-03
4.316229858e+02;-2.713432070e-03
4.318417664e+02;4.143664846e-04
4.320605469e+02;-2.312432276e-03
4.322793579e+02;-5.747664254e-04
4.324981689e+02;-1.670832629e-03
4.327169800e+02;1.737665880e-04
4.329358215e+02;-8.955663070e-04
4.331546631e+02;-9.222995723e-04
4.333735046e+02;1.323299482e-03
4.335923462e+02;6.014997489e-04
4.338112183e+02;1.162899542e-03
4.340301208e+02;1.751032542e-03
4.342489929e+02;-1.136166160e-03
4.344678955e+02;8.420996601e-04
4.346868286e+02;-1.510432689e-03
4.349057312e+02;-9.490328957e-04
4.351246643e+02;3.608998377e-04
4.353436279e+02;-1.002499601e-03
4.355625610e+02;-1.296566101e-03
4.357815247e+02;8.420996601e-04
4.360005188e+02;-1.002499601e-03
4.362194824e+02;-1.430232660e-03
4.364384766e+02;-9.757662192e-04
4.366575012e+02;-2.071832540e-03
4.368765259e+02;-8.688329835e-04
4.370955505e+02;9.356662486e-05
4.373145752e+02;4.410998081e-04
4.375336304e+02;1.002499601e-03
4.377526855e+02;-1.136166160e-03
4.379717407e+02;1.857965835e-03
4.381908264e+02;-6.816997193e-04
4.384099121e+02;4.143664846e-04
4.386290283e+02;-2.539665438e-04
4.388481140e+02;6.282330723e-04
4.390672607e+02;2.004999114e-04
4.392863770e+02;-1.202999483e-04
4.395055237e+02;-2.686698921e-03
4.397246704e+02;-1.055966248e-03
4.399438171e+02;-1.082699513e-03
4.401629944e+02;-1.777765923e-03
4.403821716e+02;-1.751032542e-03
4.406013794e+02;-2.806998673e-04
4.408205872e+02;-1.537165954e-03
4.410397949e+02;-8.688329835e-04
4.412590332e+02;-1.563899335e-03
4.414782410e+02;1.055966248e-03
4.416975098e+02;-1.109432895e-03
4.419167480e+02;2.539665438e-04
4.421360168e+02;2.178765833e-03
4.423552856e+02;1.751032542e-03
4.425745850e+02;-1.617365982e-03
4.427938843e+02;1.456966042e-03
4.430131836e+02;-8.688329835e-04
4.432325134e+02;2.806998673e-04
4.434518433e+02;-2.152032452e-03
4.436711731e+02;-1.336666082e-05
4.438905029e+02;-1.243099454e-03
4.441098633e+02;-4.945664550e-04
4.443292542e+02;-1.537165954e-03
4.445486145e+02;-5.747664254e-04
4.447680054e+02;-2.312432276e-03
4.449874268e+02;-1.456966042e-03
4.452068176e+02;-5.480331019e-04
4.454262390e+02;-1.323299482e-03
4.456456909e+02;4.678331316e-04
4.458651123e+02;-7.886330131e-04
4.460845642e+02;-4.945664550e-04
4.463040466e+02;1.563899335e-03
4.465234985e+02;5.212997785e-04
4.467429810e+02;-4.143664846e-04
4.469624939e+02;-2.539665438e-04
4.471819763e+02;4.009998156e-05
4.474014893e+02;-1.777765923e-03
4.476210327e+02;-2.071832540e-03
4.478405457e+02;-2.847098745e-03
4.480601196e+02;-3.782765009e-03
4.482796631e+02;-1.590632601e-03
4.484992371e+02;-2.045099158e-03
4.487188110e+02;-3.889698302e-03
4.489383850e+02;-1.136166160e-03
4.491579895e+02;-1.777765923e-03
4.493775940e+02;-8.688329835e-04
4.495972290e+02;7.351663662e-04
4.498168335e+02;-6.549663958e-04
4.500364685e+02;-2.365899039e-03
4.502561340e+02;1.590632601e-03
4.504757996e+02;-1.336666082e-05
4.506954651e+02;3.876331612e-04
4.509151306e+02;8.153663366e-04
4.511348267e+02;3.341665142e-04
4.513545227e+02;-3.274831921e-03
4.515742493e+02;-6.549663958e-04
4.517939758e+02;-2.205498982e-03
4.520137024e+02;-1.670832629e-03
4.522334290e+02;3.341665142e-04
4.524531860e+02;-6.549663958e-04
4.526729431e+02;-2.526298864e-03
4.528927307e+02;-1.991632394e-03
4.531125183e+02;-2.793632215e-03
4.533323059e+02;-3.114432096e-03
4.535521240e+02;-1.697565895e-03
4.537719421e+02;-2.553032245e-03
4.539917603e+02;-1.269832836e-03
4.542115784e+02;-7.084330427e-04
4.544314270e+02;-8.153663366e-04
4.546513062e+02;9.757662192e-04
4.548711548e+02;-1.938165864e-03
4.550910339e+02;7.618996897e-04
4.553109131e+02;-1.510432689e-03
4.555308228e+02;2.152032452e-03
4.557507324e+02;1.296566101e-03
4.559706421e+02;-1.216366189e-03
4.561905823e+02;-1.991632394e-03
4.564105225e+02;-2.927298658e-03
4.566304626e+02;-3.034231951e-03
4.568504333e+02;-5.212997785e-04
4.570704041e+02;-1.350032748e-03
4.572903748e+02;-3.876331612e-04
4.575103760e+02;-1.189632807e-03
4.577303772e+02;-1.938165864e-03
4.579503784e+02;-1.082699513e-03
4.581704102e+02;9.356662486e-05
4.583904419e+02;-1.697565895e-03
4.586104736e+02;-1.082699513e-03
4.588305359e+02;-1.590632601e-03
4.590505981e+02;1.029232866e-03
4.592706604e+02;-1.617365982e-03
4.594907532e+02;1.002499601e-03
4.597108459e+02;-1.737665880e-04
4.599309692e+02;2.539665438e-04
4.601510620e+02;-7.084330427e-04
4.603711853e+02;-6.816997193e-04
4.605913391e+02;-1.563899335e-03
4.608114929e+02;-5.212997785e-04
4.610316467e+02;-7.886330131e-04
4.612518005e+02;-5.747664254e-04
4.614719849e+02;1.336666082e-05
4.616921692e+02;-3.608998377e-04
4.619123535e+02;-8.153663366e-04
4.621325684e+02;3.876331612e-04
4.623527832e+02;1.336666082e-05
4.625730286e+02;-1.002499601e-03
4.627932739e+02;-5.747664254e-04
4.630135193e+02;-4.410998081e-04
4.632337646e+02;-2.539665438e-04
4.634540405e+02;-6.683330139e-05
4.636743164e+02;-4.143664846e-04
4.638946228e+02;1.082699513e-03
4.641149292e+02;-2.365899039e-03
4.643352356e+02;-2.232232364e-03
4.645555420e+02;-9.222995723e-04
4.647758789e+02;-3.301565303e-03
4.649962158e+02;-1.189632807e-03
4.652165833e+02;-2.004999114e-04
4.654369507e+02;-1.403499395e-03
4.656573181e+02;-3.756031627e-03
4.658777161e+02;-2.312432276e-03
4.660980835e+02;-1.537165954e-03
4.663185120e+02;3.876331612e-04
4.665389099e+02;1.336666082e-05
4.667593384e+02;1.376766013e-03
4.669797668e+02;-5.212997785e-04
4.672002258e+02;1.162899542e-03
4.674206848e+02;-1.804499188e-03
4.676411438e+02;1.350032748e-03
4.678616333e+02;6.816997193e-04
4.680821228e+02;-1.644099248e-03
4.683026123e+02;-1.911432482e-03
4.685231323e+02;-2.526298864e-03
4.687436523e+02;-2.472832333e-03
4.689641724e+02;-2.499565482e-03
4.691847229e+02;-3.355031833e-03
4.694052734e+02;-1.082699513e-03
4.696258240e+02;-2.339165658e-03
4.698464050e+02;-1.617365982e-03
4.700669861e+02;-1.617365982e-03
4.702875671e+02;9.490328957e-04
4.705081787e+02;-1.269832836e-03
4.707287903e+02;-3.608998377e-04
4.709494019e+02;6.014997489e-04
4.711700439e+02;2.285698894e-03
4.713906860e+02;-6.816997193e-04
4.716113281e+02;2.004999114e-04
4.718320007e+02;-1.323299482e-03
4.720526733e+02;8.153663366e-04
4.722733459e+02;-3.074331908e-04
4.724940491e+02;-4.410998081e-04
4.727147522e+02;-1.430232660e-03
4.729354553e+02;-7.084330427e-04
4.731561890e+02;-1.697565895e-03
4.733769226e+02;-8.153663366e-04
4.735976868e+02;-7.886330131e-04
4.738184204e+02;-6.014997489e-04
4.740391846e+02;-2.018365776e-03
4.742599792e+02;-2.579765627e-03
4.744807739e+02;-4.143664846e-04
4.747015686e+02;-1.470332645e-04
4.749223633e+02;-1.724299276e-03
4.751431885e+02;-1.162899542e-03
4.753640137e+02;-4.945664550e-04
4.755848694e+02;-3.876331612e-04
4.758056946e+02;4.009998156e-05
4.760265503e+02;-7.886330131e-04
4.762474365e+02;9.757662192e-04
4.764683228e+02;3.876331612e-04
4.766892090e+02;-1.590632601e-03
4.769100952e+02;-1.483699307e-03
4.771310120e+02;-1.938165864e-03
4.773519287e+02;-2.205498982e-03
4.775728760e+02;-1.002499601e-03
4.777938232e+02;-7.351663662e-04
4.780147705e+02;-2.659965539e-03
4.782357178e+02;-1.697565895e-03
4.784566956e+02;-2.766898833e-03
4.786777039e+02;-1.456966042e-03
4.788986816e+02;-2.098565688e-03
4.791196899e+02;1.202999483e-04
4.793406982e+02;-2.018365776e-03
4.795617371e+02;-6.014997489e-04
4.797827759e+02;1.082699513e-03
4.800038147e+02;1.202999483e-04
4.802248535e+02;-1.136166160e-03
4.804459229e+02;-1.202999483e-04
4.806670227e+02;-2.272332349e-04
4.808880920e+02;3.876331612e-04
4.811091919e+02;-6.014997489e-04
4.813302917e+02;6.014997489e-04
4.815514221e+02;-1.724299276e-03
4.817725525e+02;-4.143664846e-04
4.819936829e+02;-1.082699513e-03
4.822148438e+02;-2.419365570e-03
4.824360046e+02;-6.549663958e-04
4.826571655e+02;1.136166160e-03
4.828783569e+02;8.688329835e-04
4.830995483e+02;1.029232866e-03
4.833207397e+02;-6.014997489e-04
4.835419617e+02;7.351663662e-04
4.837631836e+02;-2.178765833e-03
4.839844055e+02;3.074331908e-04
4.842056580e+02;9.356662486e-05
4.844269104e+02;1.430232660e-03
4.846481628e+02;-9.757662192e-04
4.848694458e+02;2.806998673e-04
4.850907288e+02;4.945664550e-04
4.853120117e+02;-1.911432482e-03
4.855333252e+02;-3.194632009e-03
4.857546387e+02;9.757662192e-04
4.859759521e+02;-1.189632807e-03
4.861972961e+02;-4.611498211e-03
4.864186401e+02;-2.178765833e-03
4.866399841e+02;-1.857965835e-03
4.868613586e+02;-1.136166160e-03
4.870827332e+02;4.009998156e-05
4.873041077e+02;3.074331908e-04
4.875255127e+02;1.202999483e-04
4.877469177e+02;-5.480331019e-04
4.879683228e+02;3.341665142e-04
4.881897583e+02;6.014997489e-04
4.884111938e+02;1.831232570e-03
4.886326599e+02;5.480331019e-04
4.888540955e+02;5.212997785e-04
4.890755615e+02;-5.747664254e-04
4.892970581e+02;8.955663070e-04
4.895185547e+02;-1.751032542e-03
4.897400513e+02;-3.074331908e-04
4.899615479e+02;7.886330131e-04
4.901830750e+02;-1.563899335e-03
4.904046021e+02;-1.670832629e-03
4.906261597e+02;9.490328957e-04
4.908476868e+02;-3.608998377e-04
4.910692749e+02;2.004999114e-04
4.912908325e+02;-3.034231951e-03
4.915124207e+02;-6.549663958e-04
4.917340088e+02;-1.831232570e-03
4.919555969e+02;1.002499601e-03
4.921772156e+02;1.296566101e-03
4.923988342e+02;-2.806998673e-04
4.926204834e+02;4.945664550e-04
4.928421326e+02;-3.341665142e-04
4.930637817e+02;-1.737665880e-04
4.932854309e+02;2.272332349e-04
4.935071106e+02;-1.991632394e-03
4.937287903e+02;-9.757662192e-04
4.939505005e+02;-3.675831715e-03
4.941722107e+02;-2.766898833e-03
4.943939209e+02;-4.410998081e-04
4.946156616e+02;-4.410998081e-04
4.948373718e+02;-2.392632188e-03
4.950591431e+02;-3.608998377e-04
4.952808838e+02;6.549663958e-04
4.955026550e+02;1.336666082e-05
4.957244263e+02;-6.014997489e-04
4.959462280e+02;-7.351663662e-04
4.961680298e+02;-1.296566101e-03
4.963898315e+02;-2.365899039e-03
4.966116638e+02;8.153663366e-04
4.968334961e+02;-5.747664254e-04
4.970553284e+02;3.408498596e-03
4.972771606e+02;-1.029232866e-03
4.974990234e+02;5.480331019e-04
4.977209167e+02;-8.955663070e-04
4.979427795e+02;-1.911432482e-03
4.981646729e+02;-1.189632807e-03
4.983865662e+02;-1.804499188e-03
4.986084900e+02;-7.886330131e-04
4.988304138e+02;-1.724299276e-03
4.990523376e+02;-3.435231745e-03
4.992742920e+02;-1.537165954e-03
4.994962463e+02;5.747664254e-04
4.997182007e+02;-1.243099454e-03
4.999401855e+02;6.549663958e-04
5.001621704e+02;-3.876331612e-04
5.003841553e+02;-5.480331019e-04
5.006061707e+02;-8.153663366e-04
5.008281860e+02;3.074331908e-04
5.010502014e+02;-1.029232866e-03
5.012722473e+02;1.202999483e-04
5.014942932e+02;-1.430232660e-03
5.017163391e+02;-5.480331019e-04
5.019384155e+02;-4.009998156e-05
5.021604919e+02;1.670832629e-03
5.023825684e+02;-7.084330427e-04
5.026046753e+02;1.470332645e-04
5.028267822e+02;-2.232232364e-03
5.030488892e+02;-1.296566101e-03
5.032710266e+02;-3.675831715e-03
5.034931641e+02;-1.002499601e-03
5.037153015e+02;-2.152032452e-03
5.039374695e+02;-9.757662192e-04
5.041596375e+02;-2.312432276e-03
5.043818054e+02;-7.886330131e-04
5.046040039e+02;-3.341665142e-04
5.048262024e+02;4.678331316e-04
5.050484314e+02;-5.480331019e-04
5.052706299e+02;1.617365982e-03
5.054928589e+02;-2.272332349e-04
5.057151184e+02;2.045099158e-03
5.059373779e+02;-4.945664550e-04
5.061596375e+02;-6.014997489e-04
5.063818970e+02;5.747664254e-04
5.066041870e+02;-3.141165245e-03
5.068264771e+02;-1.109432895e-03
5.070487671e+02;-3.809498390e-03
5.072710876e+02;-2.071832540e-03
5.074934082e+02;2.004999114e-04
5.077157593e+02;-3.114432096e-03
5.079380798e+02;-1.189632807e-03
5.081604614e+02;-2.472832333e-03
5.083828125e+02;-4.009998156e-05
5.086051941e+02;-2.446098952e-03
5.088275757e+02;-2.272332349e-04
5.090499573e+02;1.336666082e-05
5.092723694e+02;1.857965835e-03
5.094947815e+02;-7.618996897e-04
5.097172241e+02;-6.014997489e-04
5.099396667e+02;-1.323299482e-03
5.101621094e+02;-1.323299482e-03
5.103845520e+02;-1.483699307e-03
5.106070251e+02;7.084330427e-04
5.108294983e+02;-2.539665438e-04
5.110520020e+02;-3.876331612e-04
5.112745056e+02;-1.136166160e-03
5.114970093e+02;-1.376766013e-03
5.117195129e+02;-1.403499395e-03
5.119420471e+02;-2.045099158e-03
5.121646118e+02;-3.194632009e-03
5.123871460e+02;-2.499565482e-03
5.126096802e+02;-1.350032748e-03
5.128322754e+02;-6.549663958e-04
5.130548706e+02;1.470332645e-04
5.132774658e+02;2.004999114e-04
5.135000610e+02;-7.084330427e-04
5.137226562e+02;-1.269832836e-03
5.139452515e+02;-7.618996897e-04
5.141679077e+02;1.216366189e-03
5.143905640e+02;1.029232866e-03
5.146132202e+02;3.074331908e-04
5.148358765e+02;-1.055966248e-03
5.150585327e+02;-5.480331019e-04
5.152812500e+02;-1.456966042e-03
5.155039062e+02;-3.876331612e-04
5.157266235e+02;-3.568898421e-03
5.159493408e+02;-6.816997193e-04
5.161720581e+02;-1.243099454e-03
5.163947754e+02;-1.002499601e-03
5.166175537e+02;-1.991632394e-03
5.168402710e+02;-2.713432070e-03
5.170630493e+02;-4.143664846e-04
5.172858276e+02;-1.336666082e-05
5.175086060e+02;6.282330723e-04
5.177314453e+02;-2.285698894e-03
5.179542236e+02;1.216366189e-03
5.181770630e+02;1.456966042e-03
5.183999023e+02;4.410998081e-04
5.186227417e+02;1.350032748e-03
5.188455811e+02;1.162899542e-03
5.190684204e+02;8.688329835e-04
5.192912598e+02;-1.430232660e-03
5.195141602e+02;-4.397631623e-03
5.197370605e+02;-9.356662486e-05
5.199599609e+02;-3.248098539e-03
5.201828613e+02;-1.563899335e-03
5.204057617e+02;-2.659965539e-03
5.206287231e+02;1.082699513e-03
5.208516235e+02;-8.153663366e-04
5.210745850e+02;1.483699307e-03
5.212975464e+02;2.004999114e-04
5.215205078e+02;4.410998081e-04
5.217435303e+02;9.757662192e-04
5.219664917e+02;-1.777765923e-03
5.221895142e+02;-1.831232570e-03
5.224125366e+02;2.272332349e-04
5.226355591e+02;7.351663662e-04
5.228585815e+02;-1.029232866e-03
5.230816040e+02;-1.670832629e-03
5.233046875e+02;-1.884699217e-03
5.235277100e+02;3.074331908e-04
5.237507935e+02;1.296566101e-03
5.239738770e+02;-4.410998081e-04
5.241969604e+02;-7.084330427e-04
5.244201050e+02;-3.435231745e-03
5.246431885e+02;-1.590632601e-03
5.248663330e+02;-1.430232660e-03
5.250894775e+02;-6.282330723e-04
5.253126221e+02;-2.686698921e-03
5.255357666e+02;6.549663958e-04
5.257589111e+02;-1.777765923e-03
5.259821167e+02;3.074331908e-04
5.262053223e+02;-1.202999483e-04
5.264285278e+02;3.876331612e-04
5.266517334e+02;1.296566101e-03
5.268749390e+02;-1.911432482e-03
5.270981445e+02;4.945664550e-04
5.273214111e+02;-7.084330427e-04
5.275446167e+02;-4.143664846e-04
5.277678833e+02;-2.258965746e-03
5.279911499e+02;-9.222995723e-04
5.282144165e+02;-2.873832127e-03
5.284377441e+02;-2.258965746e-03
5.286610107e+02;-1.590632601e-03
5.288843384e+02;4.009998156e-05
5.291076660e+02;1.202999483e-04
5.293309937e+02;-1.964899246e-03
5.295543213e+02;6.683330139e-05
5.297777100e+02;-1.563899335e-03
5.300010376e+02;-8.688329835e-04
5.302244263e+02;-1.082699513e-03
5.304478149e+02;-6.014997489e-04
5.306712036e+02;-4.678331316e-04
5.308945923e+02;2.472832333e-03
5.311179810e+02;1.470332645e-04
5.313414307e+02;1.136166160e-03
5.315648804e+02;8.688329835e-04
5.317883301e+02;-2.539665438e-04
5.320117798e+02;1.737665880e-04
5.322352295e+02;-1.510432689e-03
5.324586792e+02;-2.713432070e-03
5.326821899e+02;-1.430232660e-03
5.329057007e+02;-5.707564298e-03
5.331291504e+02;-2.125299070e-03
5.333527222e+02;-1.724299276e-03
5.335762329e+02;1.350032748e-03
5.337997437e+02;-3.608998377e-04
5.340233154e+02;4.009998156e-05
5.342468262e+02;1.430232660e-03
5.344703979e+02;-3.608998377e-04
5.346939697e+02;6.549663958e-04
5.349176025e+02;3.167898627e-03
5.351411743e+02;9.222995723e-04
5.353648071e+02;3.034231951e-03
5.355883789e+02;2.339165658e-03
5.358120117e+02;5.212997785e-04
5.360356445e+02;-1.296566101e-03
5.362593384e+02;-7.618996897e-04
5.364829712e+02;-2.873832127e-03
5.367066650e+02;-1.189632807e-03
5.369302979e+02;-2.098565688e-03
5.371539917e+02;-3.007498803e-03
5.373776855e+02;-4.143664846e-04
5.376014404e+02;-2.900565509e-03
5.378251343e+02;-1.537165954e-03
5.380488892e+02;2.806998673e-04
5.382726440e+02;-5.212997785e-04
5.384963379e+02;-8.153663366e-04
5.387201538e+02;-4.410998081e-04
5.389439087e+02;2.793632215e-03
5.391676636e+02;-2.806998673e-04
5.393914795e+02;-2.272332349e-04
5.396152954e+02;1.202999483e-04
5.398391113e+02;1.055966248e-03
5.400629272e+02;-4.009998156e-05
5.402867432e+02;-1.737665880e-04
5.405105591e+02;-1.216366189e-03
5.407344360e+02;-9.356662486e-05
5.409583130e+02;-7.618996897e-04
5.411821899e+02;1.189632807e-03
5.414060669e+02;2.004999114e-04
5.416299438e+02;-4.009998156e-05
5.418538818e+02;-1.670832629e-03
5.420777588e+02;8.153663366e-04
5.423016968e+02;-2.472832333e-03
5.425256348e+02;-4.410998081e-04
5.427495728e+02;-1.430232660e-03
5.429735107e+02;1.670832629e-03
5.431975098e+02;-2.606498776e-03
5.434214478e+02;1.136166160e-03
5.436454468e+02;6.549663958e-04
5.438694458e+02;2.606498776e-03
5.440934448e+02;-6.014997489e-04
5.443174438e+02;8.955663070e-04
5.445415039e+02;-3.074331908e-04
5.447655640e+02;-1.055966248e-03
5.449895630e+02;-1.670832629e-03
5.452136230e+02;-3.996631596e-03
5.454376831e+02;-1.938165864e-03
5.456618042e+02;-6.014997489e-04
5.458858643e+02;-2.820365364e-03
5.461099854e+02;-1.737665880e-04
5.463341064e+02;-4.745164420e-03
5.465582275e+02;-1.590632601e-03
5.467823486e+02;-1.537165954e-03
5.470064697e+02;-1.470332645e-04
5.472306519e+02;-4.076831508e-03
5.474547729e+02;-1.336666082e-05
5.476789551e+02;-4.945664550e-04
5.479031372e+02;8.688329835e-04
5.481273193e+02;-4.945664550e-04
5.483515015e+02;-4.009998156e-05
5.485757446e+02;-1.911432482e-03
5.487999878e+02;2.954032039e-03
5.490241699e+02;-2.806998673e-04
5.492484131e+02;1.029232866e-03
5.494726562e+02;-6.014997489e-04
5.496969604e+02;-2.472832333e-03
5.499212036e+02;-6.282330723e-04
5.501455078e+02;-3.381765215e-03
5.503698120e+02;-3.328298451e-03
5.505941162e+02;-2.446098952e-03
5.508184204e+02;-1.162899542e-03
5.510427246e+02;2.272332349e-04
5.512670898e+02;-1.537165954e-03
5.514913940e+02;-1.350032748e-03
5.517157593e+02;-1.644099248e-03
5.519401245e+02;4.410998081e-04
5.521644897e+02;8.955663070e-04
5.523889160e+02;3.034231951e-03
5.526132812e+02;5.747664254e-04
5.528377075e+02;2.927298658e-03
5.530621338e+02;-1.831232570e-03
5.532865601e+02;6.014997489e-04
5.535109863e+02;-1.243099454e-03
5.537354126e+02;5.480331019e-04
5.539598999e+02;-1.964899246e-03
5.541843262e+02;-3.876331612e-04
5.544088135e+02;-1.697565895e-03
5.546333008e+02;3.876331612e-04
5.548577881e+02;-9.757662192e-04
5.550823364e+02;-1.002499601e-03
5.553068237e+02;-2.446098952e-03
5.555313721e+02;-1.216366189e-03
5.557559204e+02;-1.590632601e-03
5.559804688e+02;-1.737665880e-04
5.562050171e+02;5.480331019e-04
5.564295654e+02;8.955663070e-04
5.566541748e+02;2.272332349e-04
5.568787231e+02;2.365899039e-03
5.571033325e+02;1.563899335e-03
5.573279419e+02;3.341665142e-04
5.575525513e+02;1.336666082e-05
5.577772217e+02;2.806998673e-04
5.580018311e+02;4.143664846e-04
5.582265015e+02;-1.082699513e-03
5.584511719e+02;-3.114432096e-03
5.586758423e+02;-6.816997193e-04
5.589005127e+02;-5.747664254e-04
5.591251831e+02;-2.499565482e-03
5.593499146e+02;-1.537165954e-03
5.595745850e+02;7.886330131e-04
5.597993164e+02;-8.955663070e-04
5.600240479e+02;-1.162899542e-03
5.602488403e+02;-1.697565895e-03
5.604735718e+02;-1.216366189e-03
5.606983032e+02;4.678331316e-04
5.609230957e+02;-4.009998156e-05
5.611478882e+02;-1.336666082e-05
5.613726807e+02;-9.222995723e-04
5.615974731e+02;-4.945664550e-04
5.618223267e+02;-5.480331019e-04
5.620471191e+02;-1.336666082e-05
5.622719727e+02;-9.490328957e-04
5.624968262e+02;-3.248098539e-03
5.627216797e+02;4.678331316e-04
5.629465332e+02;-1.777765923e-03
5.631713867e+02;-1.804499188e-03
5.633963013e+02;-5.212997785e-04
5.636211548e+02;-2.312432276e-03
5.638460693e+02;-2.806998673e-04
5.640709839e+02;3.034231951e-03
5.642958984e+02;-1.510432689e-03
5.645208740e+02;7.886330131e-04
5.647457886e+02;-6.282330723e-04
5.649707642e+02;-2.205498982e-03
5.651957397e+02;7.886330131e-04
5.654207153e+02;-5.212997785e-04
5.656456909e+02;1.109432895e-03
5.658707275e+02;1.911432482e-03
5.660957031e+02;7.351663662e-04
5.663207397e+02;-2.392632188e-03
5.665457764e+02;-4.945664550e-04
5.667708130e+02;-1.002499601e-03
5.669958496e+02;-2.820365364e-03
5.672208862e+02;-1.216366189e-03
5.674459839e+02;-1.697565895e-03
5.676710205e+02;-2.793632215e-03
5.678961182e+02;-3.702565096e-03
5.681212158e+02;-1.510432689e-03
5.683463745e+02;-1.644099248e-03
5.685714722e+02;-4.143664846e-04
5.687966309e+02;-1.002499601e-03
5.690217285e+02;-1.202999483e-04
5.692468872e+02;-1.403499395e-03
5.694720459e+02;-4.143664846e-04
5.696972046e+02;-1.563899335e-03
5.699224243e+02;1.991632394e-03
5.701475830e+02;-1.189632807e-03
5.703728027e+02;8.955663070e-04
5.705980225e+02;-3.876331612e-04
5.708232422e+02;1.189632807e-03
5.710484619e+02;-9.356662486e-05
5.712736816e+02;-9.222995723e-04
5.714989624e+02;-4.558031447e-03
5.717242432e+02;-1.483699307e-03
5.719495239e+02;-2.178765833e-03
5.721748047e+02;-2.579765627e-03
5.724000854e+02;-8.688329835e-04
5.726253662e+02;-7.886330131e-04
5.728507080e+02;-2.713432070e-03
5.730760498e+02;3.074331908e-04
5.733013306e+02;-9.356662486e-05
5.735266724e+02;-8.688329835e-04
5.737520752e+02;-9.356662486e-05
5.739774170e+02;7.618996897e-04
5.742028198e+02;4.009998156e-05
5.744281616e+02;2.098565688e-03
5.746535645e+02;4.410998081e-04
5.748789673e+02;8.153663366e-04
5.751043701e+02;-2.312432276e-03
5.753298340e+02;-2.927298658e-03
5.755552368e+02;-9.757662192e-04
5.757807007e+02;-8.688329835e-04
5.760061646e+02;-1.911432482e-03
5.762316284e+02;2.806998673e-04
5.764570923e+02;1.323299482e-03
5.766826172e+02;-1.563899335e-03
5.769080811e+02;1.336666082e-05
5.771336060e+02;-1.136166160e-03
5.773591309e+02;3.996631596e-03
5.775846558e+02;4.317431245e-03
5.778101807e+02;6.482830737e-03
5.780357666e+02;4.263964947e-03
5.782612915e+02;1.430232660e-03
5.784868774e+02;9.356662486e-05
5.787124634e+02;1.456966042e-03
5.789380493e+02;-4.945664550e-04
5.791636353e+02;7.084330427e-04
5.793892212e+02;-1.202999483e-04
5.796148682e+02;4.678331316e-04
5.798405151e+02;-1.590632601e-03
5.800661621e+02;-2.312432276e-03
5.802918091e+02;-9.356662486e-05
5.805174561e+02;-1.670832629e-03
5.807431030e+02;-1.777765923e-03
5.809688110e+02;-7.618996897e-04
5.811944580e+02;-2.633232158e-03
5.814201660e+02;-1.189632807e-03
5.816458740e+02;2.272332349e-04
5.818716431e+02;-2.272332349e-04
5.820973511e+02;1.350032748e-03
5.823231201e+02;1.617365982e-03
5.825488281e+02;1.376766013e-03
5.827745972e+02;1.456966042e-03
5.830003662e+02;3.729298478e-03
5.832261963e+02;3.114432096e-03
5.834519653e+02;4.344164860e-03
5.836777344e+02;2.686698921e-03
5.839035645e+02;-1.136166160e-03
5.841293945e+02;1.029232866e-03
5.843552246e+02;-2.446098952e-03
5.845810547e+02;-1.938165864e-03
5.848069458e+02;-6.014997489e-04
5.850327759e+02;1.323299482e-03
5.852586670e+02;-1.470332645e-04
5.854845581e+02;5.747664254e-04
5.857104492e+02;-1.202999483e-04
5.859363403e+02;4.023364745e-03
5.861622925e+02;6.040393934e-02
5.863881836e+02;1.851148903e-01
5.866141357e+02;2.290377319e-01
5.868400879e+02;1.791266203e-01
5.870660400e+02;9.227006137e-02
5.872919922e+02;3.428548574e-02
5.875180054e+02;1.313942764e-02
5.877439575e+02;7.739296649e-03
5.879699707e+02;4.531297833e-03
5.881959839e+02;2.659965539e-03
5.884219971e+02;2.820365364e-03
5.886480103e+02;1.269832836e-03
5.888740234e+02;2.125299070e-03
5.891000977e+02;2.418028936e-02
5.893261719e+02;9.301859140e-02
5.895522461e+02;1.180142462e-01
5.897783203e+02;9.176212549e-02
5.900043945e+02;5.019181222e-02
5.902304688e+02;2.046435699e-02
5.904566040e+02;8.568029851e-03
5.906827393e+02;3.488698509e-03
5.909088135e+02;1.938165864e-03
5.911350098e+02;2.258965746e-03
5.913611450e+02;4.852097947e-03
5.915872803e+02;4.237231333e-03
5.918134766e+02;6.028363947e-03
5.920396118e+02;2.339165658e-03
5.922658081e+02;1.136166160e-03
5.924920044e+02;2.873832127e-03
5.927182617e+02;1.029232866e-03
5.929444580e+02;-8.955663070e-04
5.931707153e+02;-7.084330427e-04
5.933969116e+02;-2.272332349e-04
5.936231689e+02;-1.964899246e-03
5.938494263e+02;-2.205498982e-03
5.940757446e+02;-3.074331908e-04
5.943020020e+02;-1.055966248e-03
5.945282593e+02;2.633232158e-03
5.947545776e+02;1.216366189e-03
5.949808960e+02;1.336666082e-05
5.952072144e+02;3.889698302e-03
5.954335327e+02;4.150348157e-02
5.956599121e+02;1.566438973e-01
5.958862305e+02;2.055658847e-01
5.961126099e+02;1.558686346e-01
5.963389893e+02;8.601446450e-02
5.965653687e+02;3.465975076e-02
5.967917480e+02;1.562562585e-02
5.970181885e+02;5.306564271e-03
5.972445679e+02;3.328298451e-03
5.974710083e+02;1.670832629e-03
5.976974487e+02;1.136166160e-03
5.979238892e+02;3.809498390e-03
5.981503296e+02;1.109432895e-03
5.983768311e+02;4.023364745e-03
5.986032715e+02;2.238915674e-02
5.988297729e+02;5.045914650e-02
5.990562744e+02;5.077994615e-02
5.992827759e+02;3.727961704e-02
5.995092773e+02;2.110595815e-02
5.997357788e+02;8.220496587e-03
5.999623413e+02;5.226364359e-03
6.001889038e+02;1.777765923e-03
6.004154663e+02;2.526298864e-03
6.006420288e+02;3.675831715e-03
6.008685913e+02;3.007498803e-03
6.010951538e+02;5.747664254e-04
6.013217773e+02;-3.461965127e-03
6.015484009e+02;1.082699513e-03
6.017749634e+02;9.222995723e-04
6.020015869e+02;1.136166160e-03
6.022282715e+02;-7.084330427e-04
6.024548950e+02;-2.272332349e-04
6.026815796e+02;-2.272332349e-04
6.029082031e+02;4.410998081e-04
6.031348877e+02;1.403499395e-03
6.033615723e+02;2.806998673e-04
6.035883179e+02;2.606498776e-03
6.038150024e+02;2.339165658e-03
6.040416870e+02;1.682862639e-02
6.042684326e+02;5.393447727e-02
6.044951782e+02;6.425353885e-02
6.047219238e+02;4.011334851e-02
6.049486694e+02;2.490208857e-02
6.051754761e+02;9.156162851e-03
6.054022217e+02;2.847098745e-03
6.056290283e+02;2.339165658e-03
6.058558350e+02;2.873832127e-03
6.060826416e+02;-1.082699513e-03
6.063094482e+02;-1.216366189e-03
6.065363159e+02;-8.688329835e-04
6.067631226e+02;3.876331612e-04
6.069899902e+02;-9.356662486e-05
6.072168579e+02;1.055966248e-03
6.074437256e+02;-7.084330427e-04
6.076705933e+02;1.644099248e-03
6.078974609e+02;3.608998377e-04
6.081243896e+02;4.050098360e-03
6.083513184e+02;1.153542846e-02
6.085781860e+02;9.114725888e-02
6.088051147e+02;1.826019585e-01
6.090321045e+02;1.680322886e-01
6.092590332e+02;1.057169214e-01
6.094860229e+02;5.601967499e-02
6.097129517e+02;2.236242406e-02
6.099399414e+02;9.824495763e-03
6.101669312e+02;4.370898008e-03
6.103939209e+02;4.825364798e-03
6.106209717e+02;3.383101895e-02
6.108479614e+02;1.816930175e-01
6.110750122e+02;2.710357904e-01
6.113020630e+02;2.026252151e-01
6.115291138e+02;1.213291809e-01
6.117561646e+02;5.674147606e-02
6.119832764e+02;2.367235720e-02
6.122103271e+02;1.140176132e-02
6.124374390e+02;6.803630386e-03
6.126645508e+02;5.039230920e-03
6.128916626e+02;1.964899246e-03
6.131187744e+02;4.050098360e-03
6.133458862e+02;2.392632188e-03
6.135730591e+02;4.531297833e-03
6.138002319e+02;3.702565096e-03
6.140273438e+02;9.236362763e-03
6.142545166e+02;1.383449417e-02
6.144817505e+02;1.137502864e-02
6.147089233e+02;7.953163236e-03
6.149361572e+02;5.841230974e-03
6.151633301e+02;1.030569524e-02
6.153905640e+02;9.959498793e-02
6.156177979e+02;3.707510829e-01
6.158450317e+02;4.468608499e-01
6.160723267e+02;3.053346276e-01
6.162995605e+02;1.795543581e-01
6.165268555e+02;8.502533287e-02
6.167541504e+02;3.917768225e-02
6.169814453e+02;1.843262464e-02
6.172087402e+02;1.503749378e-02
6.174360352e+02;3.150521964e-02
6.176633911e+02;1.122933179e-01
6.178907471e+02;1.447743028e-01
6.181180420e+02;9.660086036e-02
6.183453979e+02;6.104553863e-02
6.185728149e+02;2.821702138e-02
6.188001709e+02;1.452956069e-02
6.190275879e+02;5.360031035e-03
6.192549438e+02;2.258965746e-03
6.194823608e+02;9.222995723e-04
6.197097778e+02;2.633232158e-03
6.199371948e+02;3.087698715e-03
6.201646729e+02;1.323299482e-03
6.203920898e+02;-8.153663366e-04
6.206195679e+02;1.082699513e-03
6.208470459e+02;2.446098952e-03
6.210745239e+02;1.884699217e-03
6.213020020e+02;2.740165452e-03
6.215294800e+02;1.430232660e-03
6.217570190e+02;3.675831715e-03
6.219844971e+02;2.272332349e-04
6.222120361e+02;3.622365184e-03
6.224395752e+02;3.355031833e-03
6.226671143e+02;5.894697271e-03
6.228947144e+02;4.377581552e-02
6.231222534e+02;1.229064465e-01
6.233498535e+02;1.223183125e-01
6.235774536e+02;8.106879890e-02
6.238050537e+02;4.880167916e-02
6.240326538e+02;2.848435380e-02
6.242602539e+02;1.236416120e-02
6.244879150e+02;4.504564684e-03
6.247155762e+02;2.820365364e-03
6.249431763e+02;1.737665880e-04
6.251708374e+02;1.537165954e-03
6.253985596e+02;3.301565303e-03
6.256262207e+02;1.269832836e-03
6.258538818e+02;3.194632009e-03
6.260816040e+02;1.243099454e-03
6.263093262e+02;3.756031627e-03
6.265370483e+02;5.747664254e-04
6.267647705e+02;2.071832540e-03
6.269924927e+02;3.542165039e-03
6.272202759e+02;2.553032245e-03
6.274480591e+02;3.381765215e-03
6.276757812e+02;1.768409275e-02
6.279035645e+02;1.221579164e-01
6.281314087e+02;2.375656664e-01
6.283591919e+02;2.002726793e-01
6.285869751e+02;1.229866445e-01
6.288148193e+02;6.992100179e-02
6.290426636e+02;4.072821513e-02
6.292705078e+02;1.845935918e-02
6.294983521e+02;9.637362324e-03
6.297261963e+02;5.306564271e-03
6.299541016e+02;3.114432096e-03
6.301819458e+02;8.153663366e-04
6.304098511e+02;2.873832127e-03
6.306377563e+02;4.317431245e-03
6.308656616e+02;4.023364745e-03
6.310936279e+02;2.927298658e-03
6.313215332e+02;3.943164833e-03
6.315494995e+02;1.035916246e-02
6.317774658e+02;6.970713288e-02
6.320054321e+02;1.082833186e-01
6.322333984e+02;8.502533287e-02
6.324613647e+02;5.302554369e-02
6.326893921e+02;4.171734676e-02
6.329173584e+02;2.113269083e-02
6.331453857e+02;1.172256190e-02
6.333734131e+02;5.814497359e-03
6.336014404e+02;4.344164860e-03
6.338294678e+02;2.820365364e-03
6.340575562e+02;4.130298272e-03
6.342855835e+02;9.557162412e-03
6.345136719e+02;3.158542141e-02
6.347417603e+02;2.162057459e-01
6.349698486e+02;3.098258376e-01
6.351979980e+02;1.963963509e-01
6.354260864e+02;1.246441156e-01
6.356542358e+02;7.778059691e-02
6.358823853e+02;3.829548508e-02
6.361105347e+02;1.690882631e-02
6.363386841e+02;7.899696939e-03
6.365668335e+02;4.076831508e-03
6.367949829e+02;2.045099158e-03
6.370231934e+02;3.221365158e-03
6.372514038e+02;9.757662192e-04
6.374796143e+02;4.344164860e-03
6.377078247e+02;1.697565895e-03
6.379360352e+02;3.996631596e-03
6.381643066e+02;1.055966248e-03
6.383925171e+02;5.654097535e-03
6.386207886e+02;3.969898447e-03
6.388490601e+02;6.295697298e-03
6.390773315e+02;1.388796046e-02
6.393056030e+02;1.175063178e-01
6.395339355e+02;3.382700980e-01
6.397622070e+02;3.474930823e-01
6.399905396e+02;2.203272283e-01
6.402188721e+02;1.401418597e-01
6.404472046e+02;9.437374771e-02
6.406755371e+02;6.173665449e-02
6.409039307e+02;3.590623662e-02
6.411323242e+02;1.212370247e-01
6.413606567e+02;6.227935553e-01
6.415890503e+02;9.444440603e-01
6.418174438e+02;6.510923505e-01
6.420458984e+02;4.055636227e-01
6.422742920e+02;2.807614803e-01
6.425027466e+02;1.920430213e-01
6.427311401e+02;1.120076627e-01
6.429595947e+02;6.267850846e-02
6.431880493e+02;2.793756872e-02
6.434165649e+02;1.298535429e-02
6.436450195e+02;1.028001122e-02
6.438735352e+02;9.625917301e-03
6.441019897e+02;4.589459393e-03
6.443305054e+02;2.913204022e-03
6.445590210e+02;4.563948140e-03
6.447875977e+02;3.517233068e-03
6.450161133e+02;1.290336251e-03
6.452446899e+02;2.682965714e-03
6.454732056e+02;1.610889798e-03
6.457017822e+02;2.126275562e-03
6.459303589e+02;2.547536744e-03
6.461589966e+02;3.555894597e-03
6.463875732e+02;1.410882804e-03
6.466162109e+02;4.253124353e-03
6.468447876e+02;2.020477550e-03
6.470734253e+02;3.066615900e-03
6.473020630e+02;1.694118837e-03
6.475307617e+02;2.505321987e-03
6.477593994e+02;6.496154820e-04
6.479880981e+02;4.671376199e-03
6.482167358e+02;3.018634394e-03
6.484454346e+02;4.329311196e-03
6.486741333e+02;-2.754110610e-04
6.489028320e+02;1.753944671e-03
6.491315918e+02;1.218763064e-03
6.493602905e+02;1.474740100e-03
6.495890503e+02;-4.678331316e-04
6.498178101e+02;-1.938165864e-03
6.500465698e+02;-1.510432689e-03
6.502753296e+02;4.410998081e-04
6.505041504e+02;-2.272332349e-04
6.507329102e+02;1.991632394e-03
6.509617310e+02;2.098565688e-03
6.511905518e+02;6.750163622e-03
6.514193726e+02;8.380896412e-03
6.516481934e+02;8.288666606e-02
6.518770142e+02;3.253311515e-01
6.521058960e+02;4.082579315e-01
6.523347778e+02;2.709021270e-01
6.525636597e+02;1.720155627e-01
6.527925415e+02;1.211687773e-01
6.530214233e+02;9.098686278e-02
6.532503052e+02;5.735634267e-02
6.534792480e+02;2.845762111e-02
6.537081299e+02;1.281862799e-02
6.539370728e+02;8.755163290e-03
6.541660156e+02;1.324636117e-02
6.543949585e+02;7.184579968e-02
6.546239624e+02;1.488645077e-01
6.548529053e+02;1.284937114e-01
6.550819092e+02;8.179059625e-02
6.553109131e+02;5.949500576e-02
6.555399170e+02;4.112921655e-02
6.557689209e+02;3.145175427e-02
6.559979248e+02;1.752369292e-02
6.562269897e+02;1.027896255e-02
6.564560547e+02;6.563030649e-03
6.566851196e+02;5.253097508e-03
6.569141846e+02;3.488698509e-03
6.571432495e+02;4.558031447e-03
6.573723145e+02;7.351663662e-04
6.576014404e+02;2.018365776e-03
6.578305054e+02;1.470332645e-04
6.580596313e+02;-1.470332645e-04
6.582887573e+02;1.470332645e-04
6.585178833e+02;-3.074331908e-04
6.587470703e+02;-1.216366189e-03
6.589761963e+02;-1.216366189e-03
6.592053833e+02;1.470332645e-04
6.594345703e+02;6.816997193e-04
6.596637573e+02;1.323299482e-03
6.598929443e+02;-9.490328957e-04
6.601221313e+02;1.376766013e-03
6.603513794e+02;3.355031833e-03
6.605805664e+02;2.980765421e-03
6.608098145e+02;1.166909467e-02
6.610390625e+02;7.844893634e-02
6.612683105e+02;1.564835012e-01
6.614975586e+02;1.374226362e-01
6.617268677e+02;8.686993271e-02
6.619561768e+02;5.823853984e-02
6.621854248e+02;4.685014486e-02
6.624147339e+02;3.268148750e-02
6.626441040e+02;2.137329057e-02
6.628734131e+02;9.664095938e-03
6.631027222e+02;4.664964508e-03
6.633320923e+02;2.392632188e-03
6.635614624e+02;7.084330427e-04
6.637908325e+02;-1.403499395e-03
6.640202026e+02;-5.480331019e-04
6.642495728e+02;-4.945664550e-04
6.644790039e+02;1.430232660e-03
6.647083740e+02;1.162899542e-03
6.649378052e+02;1.456966042e-03
6.651672363e+02;3.034231951e-03
6.653966675e+02;1.082699513e-03
6.656260986e+02;2.472832333e-03
6.658555908e+02;8.153663366e-04
6.660850220e+02;1.403499395e-03
6.663145142e+02;7.084330427e-04
6.665440063e+02;-3.341665142e-04
6.667734985e+02;1.029232866e-03
6.670030518e+02;-8.420996601e-04
6.672325439e+02;1.029232866e-03
6.674620972e+02;-1.055966248e-03
6.676915894e+02;9.490328957e-04
6.679211426e+02;1.938165864e-03
6.681506958e+02;2.633232158e-03
6.683803101e+02;3.355031833e-03
6.686098633e+02;4.718431272e-03
6.688394775e+02;3.567561880e-02
6.690690308e+02;1.824682802e-01
6.692986450e+02;2.760883868e-01
6.695282593e+02;2.114204764e-01
6.697579346e+02;1.335463077e-01
6.699875488e+02;9.071952850e-02
6.702172241e+02;7.417160273e-02
6.704468384e+02;6.136633828e-02
6.706765137e+02;3.773408383e-02
6.709061890e+02;2.490208857e-02
6.711359253e+02;1.041262876e-02
6.713656006e+02;4.932297859e-03
6.715953369e+02;6.816997193e-04
6.718250122e+02;3.301565303e-03
6.720547485e+02;-1.002499601e-03
6.722844849e+02;2.285698894e-03
6.725142822e+02;1.296566101e-03
6.727440186e+02;3.203988448e-02
6.729738159e+02;1.294561177e-01
6.732035522e+02;1.734591573e-01
6.734333496e+02;1.256599724e-01
6.736631470e+02;8.729766309e-02
6.738929443e+02;6.027027220e-02
6.741228027e+02;4.925614595e-02
6.743526001e+02;4.011334851e-02
6.745824585e+02;2.811008692e-02
6.748123169e+02;1.364736073e-02
6.750421753e+02;9.343296289e-03
6.752720337e+02;2.258965746e-03
6.755019531e+02;1.911432482e-03
6.757318115e+02;-2.004999114e-04
6.759617310e+02;8.688329835e-04
6.761916504e+02;2.205498982e-03
6.764215698e+02;1.243099454e-03
6.766514893e+02;-7.084330427e-04
6.768814087e+02;1.243099454e-03
6.771113892e+02;6.282330723e-04
6.773413696e+02;2.900565509e-03
6.775712891e+02;1.537165954e-03
6.778012695e+02;1.751032542e-03
6.780313110e+02;1.162899542e-03
6.782612915e+02;2.071832540e-03
6.784912720e+02;8.153663366e-04
6.787213135e+02;2.312432276e-03
6.789513550e+02;1.269832836e-03
6.791813965e+02;7.886330131e-04
6.794114380e+02;-2.178765833e-03
6.796415405e+02;1.082699513e-03
6.798715820e+02;-2.152032452e-03
6.801016846e+02;6.282330723e-04
6.803317871e+02;-2.018365776e-03
6.805618896e+02;-2.446098952e-03
6.807919922e+02;-6.683330139e-05
6.810220947e+02;-6.014997489e-04
6.812522583e+02;-1.483699307e-03
6.814823608e+02;-1.336666082e-05
6.817125244e+02;-1.136166160e-03
6.819426880e+02;1.430232660e-03
6.821728516e+02;2.820365364e-03
6.824030151e+02;8.153663366e-04
6.826332397e+02;1.470332645e-04
6.828634644e+02;1.724299276e-03
6.830936279e+02;-9.490328957e-04
6.833238525e+02;1.216366189e-03
6.835540771e+02;-1.189632807e-03
6.837843628e+02;-6.816997193e-04
6.840145874e+02;-2.272332349e-04
6.842448730e+02;-1.055966248e-03
6.844751587e+02;-1.243099454e-03
6.847054443e+02;-1.269832836e-03
6.849357300e+02;-1.403499395e-03
6.851660156e+02;2.272332349e-04
6.853963623e+02;-2.392632188e-03
6.856266479e+02;-1.202999483e-04
6.858569946e+02;-1.269832836e-03
6.860873413e+02;-2.045099158e-03
6.863176880e+02;-1.082699513e-03
6.865480347e+02;9.222995723e-04
6.867784424e+02;-1.350032748e-03
6.870087891e+02;1.537165954e-03
6.872391968e+02;1.777765923e-03
6.874696045e+02;-1.336666082e-05
6.877000122e+02;1.697565895e-03
6.879304199e+02;8.420996601e-04
6.881608887e+02;-4.009998156e-05
6.883912964e+02;-4.678331316e-04
6.886217651e+02;-2.339165658e-03
6.888522339e+02;-1.831232570e-03
6.890827026e+02;1.470332645e-04
6.893131714e+02;-1.269832836e-03
6.895437012e+02;-1.991632394e-03
6.897741699e+02;-1.644099248e-03
6.900046997e+02;-9.490328957e-04
6.902352295e+02;-2.539665438e-04
6.904657593e+02;-8.955663070e-04
6.906962891e+02;7.084330427e-04
6.909268799e+02;-6.014997489e-04
6.911574097e+02;-5.747664254e-04
6.913880005e+02;-7.351663662e-04
6.916185913e+02;1.403499395e-03
6.918491821e+02;3.167898627e-03
6.920797729e+02;2.098565688e-03
6.923104248e+02;-4.945664550e-04
6.925410156e+02;1.109432895e-03
6.927716675e+02;-2.579765627e-03
6.930023193e+02;-8.153663366e-04
6.932329712e+02;6.282330723e-04
6.934636230e+02;1.911432482e-03
6.936942749e+02;1.198989525e-02
6.939249878e+02;7.695186883e-02
6.941557007e+02;1.925467551e-01
6.943864136e+02;1.930012107e-01
6.946171265e+02;1.264887154e-01
6.948478394e+02;8.879473060e-02
6.950785522e+02;6.502880156e-02
6.953093262e+02;5.377407745e-02
6.955400391e+02;4.952348024e-02
6.957708130e+02;4.241241515e-02
6.960015869e+02;3.190622106e-02
6.962323608e+02;1.757715829e-02
6.964631958e+02;8.915563114e-03
6.966939697e+02;3.488698509e-03
6.969248047e+02;3.221365158e-03
6.971556396e+02;-1.737665880e-04
6.973864746e+02;4.410998081e-04
6.976173096e+02;-1.724299276e-03
6.978481445e+02;2.152032452e-03
6.980790405e+02;-3.876331612e-04
6.983099365e+02;4.009998156e-05
6.985407715e+02;6.816997193e-04
6.987716675e+02;-3.876331612e-04
6.990025635e+02;-1.082699513e-03
6.992335205e+02;1.777765923e-03
6.994644165e+02;1.751032542e-03
6.996953735e+02;2.004999114e-04
6.999263306e+02;1.938165864e-03
7.001572876e+02;-7.351663662e-04
7.003882446e+02;1.697565895e-03
7.006192017e+02;1.831232570e-03
7.008502197e+02;3.608998377e-04
7.010811768e+02;8.955663070e-04
7.013121948e+02;-5.480331019e-04
7.015432129e+02;-7.886330131e-04
7.017742310e+02;-1.777765923e-03
7.020052490e+02;2.419365570e-03
7.022363281e+02;1.617365982e-03
7.024674072e+02;6.549663958e-04
7.026984253e+02;-1.243099454e-03
7.029295044e+02;2.847098745e-03
7.031605835e+02;1.376766013e-03
7.033917236e+02;1.001162920e-02
7.036228027e+02;2.287035622e-02
7.038539429e+02;2.869822085e-02
7.040850220e+02;6.331787258e-02
7.043161621e+02;2.427786589e-01
7.045473022e+02;4.459519088e-01
7.047785034e+02;3.915763199e-01
7.050096436e+02;2.549957931e-01
7.052408447e+02;1.844465584e-01
7.054719849e+02;1.428227723e-01
7.057031860e+02;1.215163171e-01
7.059343872e+02;1.079357862e-01
7.061656494e+02;9.767019004e-02
7.063968506e+02;7.219333202e-02
7.066281128e+02;4.989774525e-02
7.068593140e+02;2.800315432e-02
7.070905762e+02;1.637415960e-02
7.073218384e+02;1.035916246e-02
7.075531616e+02;8.113563061e-03
7.077844238e+02;5.039230920e-03
7.080157471e+02;3.114432096e-03
7.082470093e+02;1.430232660e-03
7.084783325e+02;3.729298478e-03
7.087096558e+02;1.403499395e-03
7.089409790e+02;3.328298451e-03
7.091723633e+02;2.713432070e-03
7.094036865e+02;2.312432276e-03
7.096350708e+02;3.274831921e-03
7.098664551e+02;1.350032748e-03
7.100978394e+02;5.212997785e-04
7.103292236e+02;2.272332349e-04
7.105606689e+02;-2.098565688e-03
7.107920532e+02;3.341665142e-04
7.110234985e+02;3.608998377e-04
7.112549438e+02;3.074331908e-04
7.114863892e+02;-1.376766013e-03
7.117178345e+02;2.499565482e-03
7.119492798e+02;8.420996601e-04
7.121807861e+02;-1.002499601e-03
7.124122314e+02;-7.351663662e-04
7.126437378e+02;2.285698894e-03
7.128752441e+02;1.537165954e-03
7.131067505e+02;2.526298864e-03
7.133383179e+02;6.014997489e-04
7.135698242e+02;5.212997785e-04
7.138013916e+02;7.351663662e-04
7.140329590e+02;4.945664550e-04
7.142645264e+02;-3.141165245e-03
7.144960938e+02;-1.202999483e-04
7.147276611e+02;7.618996897e-04
7.149592896e+02;1.055966248e-03
7.151908569e+02;-1.857965835e-03
7.154224854e+02;-1.202999483e-04
7.156541138e+02;-2.285698894e-03
7.158857422e+02;-6.816997193e-04
7.161173706e+02;1.350032748e-03
7.163490601e+02;5.480331019e-04
7.165806885e+02;-5.212997785e-04
7.168123779e+02;1.002499601e-03
7.170440674e+02;-1.136166160e-03
7.172757568e+02;7.618996897e-04
7.175075073e+02;1.162899542e-03
7.177391968e+02;3.756031627e-03
7.179709473e+02;-4.143664846e-04
7.182026367e+02;4.664964508e-03
7.184343872e+02;1.624049246e-02
7.186661377e+02;3.915094957e-02
7.188979492e+02;4.072821513e-02
7.191296997e+02;2.824375406e-02
7.193615112e+02;2.102575824e-02
7.195933228e+02;1.474342681e-02
7.198250732e+02;1.263149455e-02
7.200569458e+02;1.190969441e-02
7.202887573e+02;8.755163290e-03
7.205205688e+02;9.637362324e-03
7.207524414e+02;6.589763798e-03
7.209842529e+02;5.119431298e-03
7.212161255e+02;4.050098360e-03
7.214479980e+02;1.938165864e-03
7.216799316e+02;1.055966248e-03
7.219118042e+02;1.162899542e-03
7.221437378e+02;1.884699217e-03
7.223756104e+02;2.312432276e-03
7.226075439e+02;-2.806998673e-04
7.228394775e+02;4.945664550e-04
7.230714111e+02;-1.938165864e-03
7.233034058e+02;6.014997489e-04
7.235353394e+02;-1.724299276e-03
7.237673340e+02;1.884699217e-03
7.239993286e+02;-1.136166160e-03
7.242313232e+02;1.216366189e-03
7.244633179e+02;8.688329835e-04
7.246953735e+02;3.916431684e-03
7.249273682e+02;9.222995723e-04
7.251594238e+02;4.397631623e-03
7.253914795e+02;1.880689152e-02
7.256235352e+02;6.968040019e-02
7.258555908e+02;1.430366337e-01
7.260876465e+02;1.406039000e-01
7.263197632e+02;9.863258898e-02
7.265518188e+02;7.671126723e-02
7.267839355e+02;5.855933949e-02
7.270160522e+02;5.265127867e-02
7.272481689e+02;4.666301236e-02
7.274803467e+02;3.931134939e-02
7.277124634e+02;3.439242020e-02
7.279446411e+02;3.187948465e-02
7.281768188e+02;2.589122206e-02
7.284089355e+02;1.709595881e-02
7.286411743e+02;6.883830298e-03
7.288733521e+02;4.290698096e-03
7.291055298e+02;9.757662192e-04
7.293377686e+02;4.771898035e-03
7.295700073e+02;-1.804499188e-03
7.298022461e+02;2.579765627e-03
7.300344849e+02;9.222995723e-04
7.302667236e+02;7.084330427e-04
7.304990234e+02;1.189632807e-03
7.307312622e+02;1.456966042e-03
7.309635620e+02;2.272332349e-04
7.311958618e+02;3.007498803e-03
7.314281616e+02;1.430232660e-03
7.316604614e+02;6.282330723e-04
7.318928223e+02;-1.737665880e-04
7.321251221e+02;4.678331316e-04
7.323574829e+02;-2.766898833e-03
7.325898438e+02;-1.109432895e-03
7.328222046e+02;-1.911432482e-03
7.330545654e+02;2.272332349e-04
7.332869873e+02;-1.269832836e-03
7.335193481e+02;-3.141165245e-03
7.337517700e+02;-3.114432096e-03
7.339841919e+02;2.258965746e-03
7.342166138e+02;3.074331908e-04
7.344490356e+02;-7.618996897e-04
7.346815186e+02;1.537165954e-03
7.349139404e+02;-7.618996897e-04
7.351464233e+02;-9.757662192e-04
7.353789062e+02;1.537165954e-03
7.356113892e+02;1.336666082e-05
7.358438721e+02;-1.336666082e-05
7.360763550e+02;-1.804499188e-03
7.363088989e+02;-9.356662486e-05
7.365414429e+02;-8.153663366e-04
7.367739258e+02;-2.847098745e-03
7.370065308e+02;-1.216366189e-03
7.372390747e+02;-6.816997193e-04
7.374716187e+02;-3.221365158e-03
7.377042236e+02;-2.018365776e-03
7.379367676e+02;-2.499565482e-03
7.381693726e+02;2.392632188e-03
7.384019775e+02;-2.018365776e-03
7.386345825e+02;-3.608998377e-04
7.388672485e+02;-1.777765923e-03
7.390998535e+02;2.178765833e-03
7.393325195e+02;-1.029232866e-03
7.395651855e+02;2.499565482e-03
7.397978516e+02;9.356662486e-05
7.400305176e+02;5.480331019e-04
7.402631836e+02;3.608998377e-04
7.404959106e+02;-4.143664846e-04
7.407285767e+02;1.336666082e-05
7.409613037e+02;-7.084330427e-04
7.411940308e+02;-2.806998673e-04
7.414267578e+02;-2.018365776e-03
7.416594849e+02;-1.644099248e-03
7.418922729e+02;-1.884699217e-03
7.421250000e+02;-2.526298864e-03
7.423577881e+02;-5.480331019e-04
7.425905762e+02;-2.152032452e-03
7.428233643e+02;9.757662192e-04
7.430562134e+02;2.633232158e-03
7.432890015e+02;-3.074331908e-04
7.435218506e+02;2.098565688e-03
7.437546387e+02;2.178765833e-03
7.439874878e+02;-4.143664846e-04
7.442203369e+02;2.339165658e-03
7.444532471e+02;1.563899335e-03
7.446860962e+02;-9.356662486e-05
7.449190063e+02;8.407630026e-03
7.451518555e+02;2.415355667e-02
7.453847656e+02;3.318941966e-02
7.456176758e+02;2.859128825e-02
7.458506470e+02;1.979602501e-02
7.460835571e+02;1.578602567e-02
7.463164673e+02;1.132156141e-02
7.465494385e+02;1.081362832e-02
7.467824097e+02;1.169582829e-02
7.470153809e+02;9.476962499e-03
7.472483521e+02;7.712563500e-03
7.474813843e+02;7.766029797e-03
7.477143555e+02;8.140296675e-03
7.479473877e+02;6.268964149e-03
7.481804199e+02;3.836231772e-03
7.484134521e+02;8.153663366e-04
7.486464844e+02;3.341665142e-04
7.488795166e+02;4.410998081e-04
7.491126099e+02;-1.470332645e-04
7.493457031e+02;4.945664550e-04
7.495787354e+02;-1.296566101e-03
7.498118286e+02;-5.212997785e-04
7.500449829e+02;-1.002499601e-03
7.502780762e+02;4.183765035e-03
7.505111694e+02;2.847098745e-03
7.507443237e+02;3.435231745e-03
7.509774780e+02;-1.737665880e-04
7.512106323e+02;1.323299482e-03
7.514437866e+02;1.831232570e-03
7.516769409e+02;2.472832333e-03
7.519101562e+02;2.152032452e-03
7.521433105e+02;3.649098333e-03
7.523765259e+02;1.430232660e-03
7.526097412e+02;3.862964921e-03
7.528429565e+02;1.456966042e-03
7.530762329e+02;1.804499188e-03
7.533094482e+02;-8.420996601e-04
7.535427246e+02;3.876331612e-04
7.537759399e+02;1.082699513e-03
7.540092163e+02;-1.670832629e-03
7.542425537e+02;-1.737665880e-04
7.544758301e+02;9.356662486e-05
7.547091064e+02;3.408498596e-03
7.549424438e+02;3.435231745e-03
7.551757812e+02;3.141165245e-03
7.554090576e+02;1.938165864e-03
7.556424561e+02;3.248098539e-03
7.558757935e+02;1.456966042e-03
7.561091309e+02;2.847098745e-03
7.563425293e+02;3.301565303e-03
7.565759277e+02;1.109432895e-03
7.568092651e+02;3.194632009e-03
7.570426636e+02;1.350032748e-03
7.572761230e+02;1.563899335e-03
7.575095215e+02;1.777765923e-03
7.577429810e+02;2.539665438e-04
7.579763794e+02;1.243099454e-03
7.582098389e+02;-6.683330139e-05
7.584432983e+02;-1.029232866e-03
7.586767578e+02;-2.045099158e-03
7.589102783e+02;-8.688329835e-04
7.591437378e+02;-1.991632394e-03
7.593772583e+02;-1.269832836e-03
7.596107788e+02;1.002499601e-03
7.598442993e+02;7.084330427e-04
7.600778198e+02;-6.683330139e-05
7.603113403e+02;-5.747664254e-04
7.605449219e+02;4.410998081e-04
7.607785034e+02;1.029232866e-03
7.610120239e+02;-1.670832629e-03
7.612456055e+02;1.737665880e-04
7.614792480e+02;-1.403499395e-03
7.617128296e+02;-1.777765923e-03
7.619464111e+02;-4.009998156e-05
7.621800537e+02;1.617365982e-03
7.624136963e+02;-1.724299276e-03
7.626473389e+02;-2.419365570e-03
7.628809814e+02;-2.365899039e-03
7.631146240e+02;-1.777765923e-03
7.633483276e+02;-3.248098539e-03
7.635819702e+02;-6.816997193e-04
7.638156738e+02;-8.955663070e-04
7.640493774e+02;-2.539665438e-04
7.642830811e+02;-6.014997489e-04
7.645167847e+02;-1.884699217e-03
7.647505493e+02;-3.461965127e-03
7.649842529e+02;1.029232866e-03
7.652180176e+02;-1.430232660e-03
7.654517822e+02;7.351663662e-04
7.656855469e+02;-2.686698921e-03
7.659193726e+02;7.084330427e-04
7.661531372e+02;-1.136166160e-03
7.663869019e+02;-5.747664254e-04
7.666207275e+02;-2.820365364e-03
7.668545532e+02;-3.074331908e-04
7.670883789e+02;-1.563899335e-03
7.673222046e+02;-1.243099454e-03
7.675560913e+02;-1.644099248e-03
7.677899170e+02;-2.686698921e-03
7.680238037e+02;-3.435231745e-03
7.682576904e+02;-2.071832540e-03
7.684915771e+02;-1.537165954e-03
7.687254639e+02;-4.678331316e-04
7.689594116e+02;-2.205498982e-03
7.691932983e+02;6.549663958e-04
7.694272461e+02;1.376766013e-03
7.696611938e+02;1.804499188e-03
7.698951416e+02;-7.618996897e-04
7.701290894e+02;1.563899335e-03
7.703630371e+02;8.420996601e-04
7.705970459e+02;3.608998377e-04
7.708309937e+02;-1.617365982e-03
7.710650024e+02;-1.082699513e-03
7.712990112e+02;-1.403499395e-03
7.715330200e+02;-3.876331612e-04
7.717670898e+02;-2.098565688e-03
7.720010986e+02;-3.355031833e-03
7.722351685e+02;-1.857965835e-03
7.724692383e+02;-1.590632601e-03
7.727033081e+02;1.269832836e-03
7.729373779e+02;-1.884699217e-03
7.731714478e+02;-1.323299482e-03
7.734055176e+02;9.356662486e-05
7.736396484e+02;6.683330139e-05
7.738737793e+02;6.549663958e-04
7.741079102e+02;1.644099248e-03
7.743420410e+02;1.804499188e-03
7.745761719e+02;-2.018365776e-03
7.748103638e+02;1.697565895e-03
7.750444946e+02;-1.510432689e-03
7.752786865e+02;1.537165954e-03
7.755128784e+02;1.470332645e-04
7.757470703e+02;-4.009998156e-05
7.759812622e+02;-2.579765627e-03
7.762155151e+02;-8.688329835e-04
7.764497070e+02;-2.633232158e-03
7.766839600e+02;3.074331908e-04
7.769182129e+02;-2.272332349e-04
7.771524658e+02;-1.697565895e-03
7.773867188e+02;-1.269832836e-03
7.776209717e+02;-1.590632601e-03
7.778552856e+02;-3.074331908e-04
7.780895996e+02;9.222995723e-04
7.783239136e+02;9.222995723e-04
7.785582275e+02;-4.945664550e-04
7.787925415e+02;-1.724299276e-03
7.790268555e+02;5.480331019e-04
7.792612305e+02;1.323299482e-03
7.794955444e+02;6.014997489e-04
7.797299194e+02;-3.876331612e-04
7.799642944e+02;-1.456966042e-03
7.801986694e+02;-6.282330723e-04
7.804331055e+02;-1.189632807e-03
7.806674805e+02;-2.258965746e-03
7.809019165e+02;-5.212997785e-04
7.811363525e+02;-1.456966042e-03
7.813707886e+02;-1.777765923e-03
7.816052246e+02;-1.991632394e-03
7.818396606e+02;-1.483699307e-03
7.820741577e+02;-2.098565688e-03
7.823085938e+02;1.055966248e-03
7.825430908e+02;4.009998156e-05
7.827775879e+02;-9.757662192e-04
7.830120850e+02;-2.446098952e-03
7.832465820e+02;9.757662192e-04
7.834811401e+02;6.549663958e-04
7.837156372e+02;1.483699307e-03
7.839501953e+02;1.029232866e-03
7.841847534e+02;2.004999114e-04
7.844193115e+02;-1.483699307e-03
7.846539307e+02;5.212997785e-04
7.848884888e+02;1.082699513e-03
7.851231079e+02;-1.376766013e-03
7.853576660e+02;-1.296566101e-03
7.855922852e+02;-1.029232866e-03
7.858269043e+02;-2.472832333e-03
7.860615845e+02;-1.350032748e-03
7.862962036e+02;-2.272332349e-04
7.865308228e+02;2.806998673e-04
7.867655029e+02;6.816997193e-04
7.870001831e+02;8.955663070e-04
7.872348633e+02;-2.539665438e-04
7.874695435e+02;5.480331019e-04
7.877042847e+02;-1.403499395e-03
7.879389648e+02;1.938165864e-03
7.881737061e+02;2.472832333e-03
7.884084473e+02;7.618996897e-04
7.886431885e+02;-1.831232570e-03
7.888779297e+02;-9.356662486e-05
7.891126709e+02;-9.222995723e-04
7.893474731e+02;-1.644099248e-03
7.895822144e+02;-1.804499188e-03
7.898170166e+02;-2.713432070e-03
7.900518188e+02;-2.285698894e-03
7.902866211e+02;-2.900565509e-03
7.905214844e+02;-4.143664846e-04
7.907562866e+02;-1.697565895e-03
7.909911499e+02;-7.351663662e-04
7.912260132e+02;-2.539665438e-04
7.914608765e+02;-1.202999483e-04
7.916957397e+02;-5.747664254e-04
7.919306030e+02;3.608998377e-04
7.921655273e+02;2.258965746e-03
7.924003906e+02;-4.945664550e-04
7.926353149e+02;2.125299070e-03
7.928702393e+02;-8.955663070e-04
7.931051636e+02;-1.269832836e-03
7.933400879e+02;-3.608998377e-04
7.935750732e+02;-1.336666082e-05
7.938099976e+02;-2.258965746e-03
7.940449829e+02;-2.178765833e-03
7.942799683e+02;-1.804499188e-03
7.945149536e+02;-8.688329835e-04
7.947499390e+02;-1.644099248e-03
7.949849854e+02;-4.945664550e-04
7.952199707e+02;-9.757662192e-04
7.954550171e+02;-1.590632601e-03
7.956900635e+02;-1.336666082e-05
7.959251099e+02;-3.341665142e-04
7.961601562e+02;4.009998156e-05
7.963952026e+02;2.272332349e-04
7.966303101e+02;1.350032748e-03
7.968654175e+02;-1.336666082e-05
7.971004639e+02;-2.806998673e-04
7.973355713e+02;-4.143664846e-04
7.975707397e+02;-6.282330723e-04
7.978058472e+02;-4.678331316e-04
7.980410156e+02;-1.777765923e-03
7.982761230e+02;-6.816997193e-04
7.985112915e+02;-3.074331908e-04
7.987464600e+02;-2.847098745e-03
7.989816284e+02;-1.724299276e-03
7.992167969e+02;-1.724299276e-03
7.994520264e+02;-1.350032748e-03
7.996872559e+02;-1.216366189e-03
7.999224243e+02;-2.606498776e-03
8.001576538e+02;9.490328957e-04
8.003928833e+02;4.143664846e-04
8.006281738e+02;7.618996897e-04
8.008634033e+02;-1.483699307e-03
8.010986938e+02;-9.490328957e-04
8.013339844e+02;-1.296566101e-03
8.015692749e+02;-4.410998081e-04
8.018045654e+02;-5.212997785e-04
8.020398560e+02;1.055966248e-03
8.022751465e+02;2.272332349e-04
8.025104980e+02;-8.955663070e-04
8.027458496e+02;-1.804499188e-03
8.029812012e+02;-2.339165658e-03
8.032165527e+02;-3.996631596e-03
8.034519043e+02;-1.430232660e-03
8.036872559e+02;-1.724299276e-03
8.039226685e+02;-1.938165864e-03
8.041580811e+02;2.272332349e-04
8.043934326e+02;-8.153663366e-04
8.046288452e+02;1.336666082e-05
8.048643188e+02;-1.336666082e-05
8.050997314e+02;-6.549663958e-04
8.053352051e+02;7.351663662e-04
8.055706177e+02;-5.747664254e-04
8.058060913e+02;1.002499601e-03
8.060415649e+02;2.004999114e-04
8.062770386e+02;-2.365899039e-03
8.065125732e+02;-2.539665438e-04
8.067480469e+02;-6.014997489e-04
8.069835815e+02;-3.007498803e-03
8.072191162e+02;-9.490328957e-04
8.074546509e+02;-5.747664254e-04
8.076901855e+02;-3.876331612e-04
8.079257202e+02;-2.419365570e-03
8.081613159e+02;-2.125299070e-03
8.083968506e+02;-1.991632394e-03
8.086324463e+02;-1.136166160e-03
8.088680420e+02;-2.806998673e-04
8.091036377e+02;6.549663958e-04
8.093392334e+02;-4.143664846e-04
8.095748901e+02;9.222995723e-04
8.098104858e+02;4.009998156e-05
8.100461426e+02;8.420996601e-04
8.102817993e+02;1.804499188e-03
8.105174561e+02;-1.336666082e-05
8.107531128e+02;-1.737665880e-04
8.109888306e+02;1.269832836e-03
8.112244873e+02;-9.356662486e-05
8.114602051e+02;1.336666082e-05
8.116959229e+02;8.955663070e-04
8.119316406e+02;-3.341665142e-04
8.121673584e+02;-1.403499395e-03
8.124031372e+02;-2.793632215e-03
8.126388550e+02;-1.350032748e-03
8.128746338e+02;-1.737665880e-04
8.131104126e+02;-1.336666082e-05
8.133461914e+02;-1.202999483e-04
8.135819702e+02;4.410998081e-04
8.138177490e+02;1.202999483e-04
8.140535889e+02;2.004999114e-04
8.142894287e+02;-1.510432689e-03
8.145252075e+02;2.285698894e-03
8.147610474e+02;1.403499395e-03
8.149969482e+02;1.269832836e-03
8.152327881e+02;-1.483699307e-03
8.154686279e+02;-2.272332349e-04
8.157045288e+02;-1.109432895e-03
8.159404297e+02;-1.216366189e-03
8.161763306e+02;-2.312432276e-03
8.164122314e+02;-1.403499395e-03
8.166481323e+02;-2.018365776e-03
8.168840942e+02;2.539665438e-04
8.171199951e+02;-2.820365364e-03
8.173559570e+02;-1.296566101e-03
8.175919189e+02;-2.071832540e-03
8.178278809e+02;-1.350032748e-03
8.180638428e+02;-9.490328957e-04
8.182998657e+02;1.055966248e-03
8.185358276e+02;7.886330131e-04
8.187718506e+02;6.549663958e-04
8.190078735e+02;1.202999483e-04
8.192438965e+02;1.202999483e-04
8.194799194e+02;4.009998156e-05
8.197160034e+02;2.125299070e-03
8.199520264e+02;7.084330427e-04
8.201881104e+02;1.737665880e-04
8.204241943e+02;-7.351663662e-04
8.206602783e+02;-1.376766013e-03
8.208963623e+02;-5.212997785e-04
8.211325073e+02;-1.644099248e-03
8.213685913e+02;-8.688329835e-04
8.216047363e+02;-2.004999114e-04
8.218408813e+02;-1.777765923e-03
8.220770264e+02;-1.804499188e-03
8.223131714e+02;-1.456966042e-03
8.225493164e+02;6.549663958e-04
8.227855225e+02;-9.490328957e-04
8.230216675e+02;-1.189632807e-03
8.232578735e+02;-1.670832629e-03
8.234940796e+02;6.014997489e-04
8.237302856e+02;1.376766013e-03
8.239665527e+02;2.272332349e-04
8.242027588e+02;-9.356662486e-05
8.244390259e+02;-3.876331612e-04
8.246752930e+02;-1.470332645e-04
8.249115601e+02;3.341665142e-04
8.251478271e+02;-2.071832540e-03
8.253840942e+02;-3.087698715e-03
8.256203613e+02;-4.664964508e-03
8.258566895e+02;-3.608998377e-04
8.260930176e+02;-2.045099158e-03
8.263293457e+02;4.945664550e-04
8.265656738e+02;-2.579765627e-03
8.268020020e+02;-2.125299070e-03
8.270383301e+02;-7.084330427e-04
8.272747192e+02;-6.282330723e-04
8.275111084e+02;-1.644099248e-03
8.277474976e+02;3.074331908e-04
8.279838867e+02;-1.483699307e-03
8.282202759e+02;2.686698921e-03
8.284566650e+02;1.403499395e-03
8.286931152e+02;2.472832333e-03
8.289295044e+02;-6.816997193e-04
8.291659546e+02;1.350032748e-03
8.294024048e+02;-7.351663662e-04
8.296388550e+02;-1.216366189e-03
8.298753662e+02;-1.884699217e-03
8.301118164e+02;-1.777765923e-03
8.303483276e+02;-2.365899039e-03
8.305848389e+02;-1.002499601e-03
8.308213501e+02;6.282330723e-04
8.310578613e+02;4.143664846e-04
8.312943726e+02;-4.678331316e-04
8.315309448e+02;-6.014997489e-04
8.317674561e+02;-1.269832836e-03
8.320040283e+02;1.590632601e-03
8.322406006e+02;1.323299482e-03
8.324771729e+02;2.446098952e-03
8.327138062e+02;2.312432276e-03
8.329503784e+02;9.490328957e-04
8.331870117e+02;-1.162899542e-03
8.334235840e+02;-1.202999483e-04
8.336602173e+02;-1.082699513e-03
8.338968506e+02;2.285698894e-03
8.341335449e+02;-1.831232570e-03
8.343701782e+02;-4.945664550e-04
8.346068726e+02;-1.670832629e-03
8.348435059e+02;-2.806998673e-04
8.350802002e+02;-1.751032542e-03
8.353168945e+02;-2.004999114e-04
8.355535889e+02;-2.633232158e-03
8.357903442e+02;-6.282330723e-04
8.360270386e+02;-2.526298864e-03
8.362637939e+02;6.816997193e-04
8.365005493e+02;-6.683330139e-05
8.367373047e+02;6.282330723e-04
8.369740601e+02;-2.004999114e-04
8.372108765e+02;2.152032452e-03
8.374476318e+02;-6.683330139e-05
8.376844482e+02;1.323299482e-03
8.379212646e+02;-2.125299070e-03
8.381580200e+02;1.136166160e-03
8.383948975e+02;6.282330723e-04
8.386317139e+02;1.029232866e-03
8.388685303e+02;3.649098333e-03
8.391054077e+02;2.312432276e-03
8.393422852e+02;2.820365364e-03
8.395791626e+02;2.980765421e-03
8.398160400e+02;-4.678331316e-04
8.400529175e+02;4.678331316e-04
8.402898560e+02;1.456966042e-03
8.405267334e+02;1.938165864e-03
8.407636719e+02;-1.724299276e-03
8.410006104e+02;3.836231772e-03
8.412375488e+02;9.490328957e-04
8.414744873e+02;2.766898833e-03
8.417114868e+02;-9.356662486e-05
8.419484253e+02;2.285698894e-03
8.421854248e+02;8.153663366e-04
8.424224243e+02;1.777765923e-03
8.426594238e+02;1.189632807e-03
8.428964233e+02;8.688329835e-04
8.431334839e+02;-4.945664550e-04
8.433704834e+02;1.029232866e-03
8.436075439e+02;-2.793632215e-03
8.438446045e+02;1.189632807e-03
8.440816650e+02;-1.376766013e-03
8.443187256e+02;-1.202999483e-04
8.445557861e+02;-8.955663070e-04
8.447929077e+02;-3.608998377e-04
8.450299683e+02;-1.751032542e-03
8.452670898e+02;1.296566101e-03
8.455042114e+02;2.419365570e-03
8.457413330e+02;1.296566101e-03
8.459785156e+02;-9.222995723e-04
8.462156372e+02;1.670832629e-03
8.464528198e+02;-5.212997785e-04
8.466899414e+02;3.167898627e-03
8.469271240e+02;-8.955663070e-04
8.471643677e+02;-1.216366189e-03
8.474015503e+02;1.697565895e-03
8.476387329e+02;6.282330723e-04
8.478759766e+02;-8.420996601e-04
8.481132202e+02;-1.537165954e-03
8.483504639e+02;-5.212997785e-04
8.485877075e+02;-2.766898833e-03
8.488249512e+02;-8.688329835e-04
8.490621948e+02;-1.537165954e-03
8.492994995e+02;3.074331908e-04
8.495368042e+02;-1.189632807e-03
8.497740479e+02;-2.806998673e-04
8.500113525e+02;-9.356662486e-05
8.502487183e+02;-7.351663662e-04
8.504860229e+02;1.189632807e-03
8.507233887e+02;1.136166160e-03
8.509606934e+02;2.980765421e-03
8.511980591e+02;1.590632601e-03
8.514354248e+02;2.152032452e-03
8.516727905e+02;2.339165658e-03
8.519102173e+02;3.341665142e-04
8.521475830e+02;-7.084330427e-04
8.523850098e+02;-8.153663366e-04
8.526224365e+02;-3.435231745e-03
8.528598633e+02;1.857965835e-03
8.530972900e+02;-1.563899335e-03
8.533347168e+02;3.608998377e-04
8.535721436e+02;-1.269832836e-03
8.538096313e+02;2.553032245e-03
8.540471191e+02;-3.608998377e-04
8.542846069e+02;2.539665438e-04
8.545220947e+02;-1.644099248e-03
8.547595825e+02;-9.356662486e-05
8.549971313e+02;-2.419365570e-03
8.552346191e+02;1.296566101e-03
8.554721680e+02;5.747664254e-04
8.557097168e+02;2.339165658e-03
8.559472656e+02;-5.747664254e-04
8.561848145e+02;2.205498982e-03
8.564224243e+02;-1.376766013e-03
8.566599731e+02;4.945664550e-04
8.568975830e+02;-2.579765627e-03
8.571351929e+02;-2.365899039e-03
8.573728027e+02;-2.579765627e-03
8.576104126e+02;-3.876331612e-04
8.578480225e+02;-1.162899542e-03
8.580856934e+02;-1.831232570e-03
8.583233032e+02;-1.456966042e-03
8.585609741e+02;-1.590632601e-03
8.587986450e+02;5.480331019e-04
8.590363159e+02;6.683330139e-05
8.592740479e+02;6.683330139e-05
8.595117188e+02;2.806998673e-04
8.597494507e+02;1.136166160e-03
8.599871826e+02;8.420996601e-04
8.602249146e+02;-1.938165864e-03
8.604626465e+02;9.222995723e-04
8.607003784e+02;-5.212997785e-04
8.609381714e+02;7.351663662e-04
8.611759033e+02;-9.222995723e-04
8.614136963e+02;-1.202999483e-04
8.616514893e+02;1.430232660e-03
8.618892822e+02;-2.539665438e-04
8.621270752e+02;-2.178765833e-03
8.623649292e+02;-9.356662486e-05
8.626027222e+02;-2.339165658e-03
8.628405762e+02;-4.678331316e-04
8.630784302e+02;1.216366189e-03
8.633162842e+02;-8.955663070e-04
8.635541382e+02;5.480331019e-04
8.637919922e+02;6.282330723e-04
8.640299072e+02;-4.945664550e-04
8.642678223e+02;1.296566101e-03
8.645057373e+02;-1.082699513e-03
8.647436523e+02;8.955663070e-04
8.649815674e+02;8.153663366e-04
8.652194824e+02;2.873832127e-03
8.654574585e+02;6.683330139e-05
8.656953735e+02;2.312432276e-03
8.659333496e+02;-1.483699307e-03
8.661713257e+02;2.071832540e-03
8.664093018e+02;-2.045099158e-03
8.666472778e+02;9.757662192e-04
8.668853149e+02;-1.162899542e-03
8.671233521e+02;2.553032245e-03
8.673613281e+02;1.737665880e-04
8.675993652e+02;1.082699513e-03
8.678374023e+02;1.430232660e-03
8.680755005e+02;3.876331612e-04
8.683135376e+02;1.082699513e-03
8.685516357e+02;8.420996601e-04
8.687896729e+02;2.178765833e-03
8.690277710e+02;1.938165864e-03
8.692658691e+02;2.806998673e-04
8.695040283e+02;1.537165954e-03
8.697421265e+02;-9.490328957e-04
8.699802856e+02;-5.212997785e-04
8.702183838e+02;-6.816997193e-04
8.704565430e+02;5.747664254e-04
8.706947021e+02;-6.683330139e-05
8.709328613e+02;-2.980765421e-03
8.711710815e+02;1.470332645e-04
8.714092407e+02;-1.751032542e-03
8.716474609e+02;-2.579765627e-03
8.718856812e+02;-2.071832540e-03
8.721239014e+02;1.055966248e-03
8.723621216e+02;2.539665438e-04
8.726003418e+02;4.678331316e-04
8.728386230e+02;1.938165864e-03
8.730768433e+02;-1.737665880e-04
8.733151245e+02;6.683330139e-05
8.735534058e+02;-6.683330139e-05
8.737916870e+02;7.084330427e-04
8.740299683e+02;-2.272332349e-04
8.742683105e+02;-1.483699307e-03
8.745066528e+02;-1.296566101e-03
8.747449341e+02;-3.355031833e-03
8.749832764e+02;6.549663958e-04
8.752216187e+02;-2.045099158e-03
8.754600220e+02;-2.258965746e-03
8.756983643e+02;-4.143664846e-04
8.759367065e+02;-4.009998156e-05
8.761751099e+02;-2.873832127e-03
8.764135132e+02;4.410998081e-04
8.766519165e+02;2.071832540e-03
8.768903198e+02;1.055966248e-03
8.771287842e+02;1.216366189e-03
8.773671875e+02;1.202999483e-04
8.776056519e+02;6.683330139e-05
8.778441162e+02;2.539665438e-04
8.780825806e+02;-1.109432895e-03
8.783210449e+02;6.282330723e-04
8.785595093e+02;4.945664550e-04
8.787980347e+02;-1.456966042e-03
8.790364990e+02;-4.009998156e-05
8.792750244e+02;2.499565482e-03
8.795135498e+02;-1.336666082e-05
8.797520752e+02;-2.004999114e-04
8.799906616e+02;1.804499188e-03
8.802291870e+02;3.876331612e-04
8.804677734e+02;4.678331316e-04
8.807062988e+02;3.341665142e-04
8.809448853e+02;-4.945664550e-04
8.811834717e+02;2.526298864e-03
8.814221191e+02;3.876331612e-04
8.816607056e+02;-5.212997785e-04
8.818993530e+02;4.143664846e-04
8.821379395e+02;5.212997785e-04
8.823765869e+02;-1.470332645e-04
8.826152344e+02;-1.737665880e-04
8.828539429e+02;3.876331612e-04
8.830925903e+02;7.886330131e-04
8.833312988e+02;-2.004999114e-04
8.835699463e+02;2.339165658e-03
8.838086548e+02;-2.713432070e-03
8.840473633e+02;-4.410998081e-04
8.842860718e+02;-3.341665142e-04
8.845248413e+02;-1.911432482e-03
8.847635498e+02;-6.014997489e-04
8.850023193e+02;6.683330139e-05
8.852410889e+02;-1.470332645e-04
8.854798584e+02;-1.777765923e-03
8.857186279e+02;-2.098565688e-03
8.859573975e+02;6.816997193e-04
8.861961670e+02;-1.430232660e-03
8.864349976e+02;1.243099454e-03
8.866738281e+02;-2.152032452e-03
8.869126587e+02;6.816997193e-04
8.871514893e+02;9.356662486e-05
8.873903198e+02;1.029232866e-03
8.876292114e+02;-4.678331316e-04
8.878680420e+02;-1.483699307e-03
8.881069336e+02;-3.114432096e-03
8.883458252e+02;-1.323299482e-03
8.885847168e+02;-1.697565895e-03
8.888236084e+02;-3.034231951e-03
8.890625000e+02;-6.816997193e-04
8.893014526e+02;-2.125299070e-03
8.895404053e+02;7.351663662e-04
8.897793579e+02;-2.806998673e-04
8.900183105e+02;1.483699307e-03
8.902572632e+02;3.341665142e-04
8.904962158e+02;2.806998673e-04
8.907352295e+02;2.018365776e-03
8.909741821e+02;3.074331908e-04
8.912131958e+02;1.697565895e-03
8.914522095e+02;-3.074331908e-04
8.916912231e+02;1.055966248e-03
8.919302368e+02;1.162899542e-03
8.921693115e+02;-9.356662486e-05
8.924083862e+02;-1.911432482e-03
8.926473999e+02;-1.002499601e-03
8.928864746e+02;-3.194632009e-03
8.931255493e+02;-7.618996897e-04
8.933646851e+02;4.945664550e-04
8.936037598e+02;-3.221365158e-03
8.938428955e+02;-3.060965333e-03
8.940819702e+02;-7.084330427e-04
8.943211060e+02;-1.243099454e-03
8.945602417e+02;-1.470332645e-04
8.947994385e+02;-3.060965333e-03
8.950385742e+02;-7.084330427e-04
8.952777100e+02;-1.804499188e-03
8.955169067e+02;1.537165954e-03
8.957561035e+02;-1.483699307e-03
8.959953003e+02;8.955663070e-04
8.962344971e+02;3.074331908e-04
8.964737549e+02;-5.212997785e-04
8.967129517e+02;-4.009998156e-05
8.969522095e+02;-8.420996601e-04
8.971914673e+02;-2.392632188e-03
8.974307251e+02;1.470332645e-04
8.976699829e+02;-1.938165864e-03
8.979092407e+02;-2.004999114e-04
8.981484985e+02;-5.747664254e-04
8.983878174e+02;7.084330427e-04
8.986271362e+02;-3.074331908e-04
8.988664551e+02;1.470332645e-04
8.991057739e+02;-1.082699513e-03
8.993450928e+02;9.222995723e-04
8.995844727e+02;-1.590632601e-03
8.998237915e+02;2.152032452e-03
9.000631714e+02;1.670832629e-03
9.003025513e+02;4.945664550e-04
9.005419312e+02;7.351663662e-04
9.007813110e+02;4.678331316e-04
9.010206909e+02;-1.831232570e-03
9.012601318e+02;-9.490328957e-04
9.014995728e+02;-3.916431684e-03
9.017390137e+02;-1.737665880e-04
9.019784546e+02;-1.483699307e-03
9.022178955e+02;-3.608998377e-04
9.024573364e+02;4.009998156e-05
9.026968384e+02;-8.153663366e-04
9.029362793e+02;-2.258965746e-03
9.031757812e+02;5.747664254e-04
9.034152832e+02;-1.243099454e-03
9.036547852e+02;-6.282330723e-04
9.038943481e+02;-9.356662486e-05
9.041338501e+02;-4.945664550e-04
9.043734131e+02;1.670832629e-03
9.046129150e+02;-3.074331908e-04
9.048524780e+02;1.737665880e-04
9.050920410e+02;-6.282330723e-04
9.053316650e+02;-1.336666082e-05
9.055712280e+02;1.456966042e-03
9.058108521e+02;-1.590632601e-03
9.060504150e+02;-1.430232660e-03
9.062900391e+02;-2.579765627e-03
9.065296631e+02;9.356662486e-05
9.067693481e+02;-3.889698302e-03
9.070089722e+02;-1.296566101e-03
9.072486572e+02;-1.376766013e-03
9.074882812e+02;-1.510432689e-03
9.077279663e+02;-1.202999483e-04
9.079676514e+02;1.202999483e-04
9.082073364e+02;3.341665142e-04
9.084470825e+02;1.376766013e-03
9.086867676e+02;-1.350032748e-03
9.089265137e+02;2.178765833e-03
9.091662598e+02;1.617365982e-03
9.094060059e+02;8.955663070e-04
9.096457520e+02;6.683330139e-05
9.098854980e+02;1.991632394e-03
9.101252441e+02;-1.323299482e-03
9.103650513e+02;-1.831232570e-03
9.106048584e+02;-2.392632188e-03
9.108446655e+02;-1.644099248e-03
9.110844727e+02;-2.098565688e-03
9.113242798e+02;-1.777765923e-03
9.115641479e+02;-2.446098952e-03
9.118039551e+02;-1.644099248e-03
9.120438232e+02;-1.470332645e-04
9.122836914e+02;-1.055966248e-03
9.125235596e+02;-7.084330427e-04
9.127634277e+02;7.886330131e-04
9.130032959e+02;-1.109432895e-03
9.132432251e+02;1.202999483e-04
9.134831543e+02;6.816997193e-04
9.137230225e+02;1.911432482e-03
9.139629517e+02;-4.143664846e-04
9.142029419e+02;8.153663366e-04
9.144428711e+02;-1.296566101e-03
9.146828003e+02;2.806998673e-04
9.149227905e+02;-2.018365776e-03
9.151627808e+02;-2.232232364e-03
9.154027710e+02;-1.430232660e-03
9.156427612e+02;2.806998673e-04
9.158827515e+02;-3.007498803e-03
9.161228027e+02;4.410998081e-04
9.163627930e+02;-1.296566101e-03
9.166028442e+02;1.336666082e-05
9.168428955e+02;-4.945664550e-04
9.170829468e+02;9.222995723e-04
9.173229980e+02;-2.446098952e-03
9.175631104e+02;1.243099454e-03
9.178031616e+02;2.806998673e-04
9.180432739e+02;1.751032542e-03
9.182833862e+02;-1.269832836e-03
9.185234985e+02;6.282330723e-04
9.187636108e+02;-1.376766013e-03
9.190037231e+02;-1.109432895e-03
9.192438965e+02;2.004999114e-04
9.194840698e+02;-2.579765627e-03
9.197241821e+02;-1.376766013e-03
9.199643555e+02;-2.071832540e-03
9.202045898e+02;-1.563899335e-03
9.204447632e+02;-5.480331019e-04
9.206849365e+02;2.272332349e-04
9.209251709e+02;4.143664846e-04
9.211654053e+02;-2.446098952e-03
9.214056396e+02;-1.470332645e-04
9.216458740e+02;-9.757662192e-04
9.218861084e+02;-7.886330131e-04
9.221264038e+02;2.365899039e-03
9.223666382e+02;-8.420996601e-04
9.226069336e+02;-2.659965539e-03
9.228472290e+02;1.804499188e-03
9.230875244e+02;-5.747664254e-04
9.233278198e+02;7.351663662e-04
9.235681763e+02;-1.884699217e-03
9.238084717e+02;-1.109432895e-03
9.240488281e+02;-4.945664550e-04
9.242891846e+02;1.857965835e-03
9.245295410e+02;3.876331612e-04
9.247698975e+02;-6.683330139e-05
9.250102539e+02;-4.009998156e-05
9.252506714e+02;-1.269832836e-03
9.254910278e+02;-1.724299276e-03
9.257314453e+02;-2.539665438e-04
9.259718628e+02;-1.644099248e-03
9.262122803e+02;-3.876331612e-04
9.264527588e+02;1.002499601e-03
9.266931763e+02;-9.222995723e-04
9.269336548e+02;1.510432689e-03
9.271741333e+02;-8.420996601e-04
9.274146118e+02;7.886330131e-04
9.276550903e+02;1.857965835e-03
9.278955688e+02;7.886330131e-04
9.281360474e+02;2.446098952e-03
9.283765869e+02;9.356662486e-05
9.286171265e+02;-1.430232660e-03
9.288576660e+02;-1.456966042e-03
9.290982056e+02;-2.847098745e-03
9.293387451e+02;-2.312432276e-03
9.295792847e+02;-2.365899039e-03
9.298198853e+02;-7.351663662e-04
9.300604248e+02;-9.222995723e-04
9.303010254e+02;-1.777765923e-03
9.305416260e+02;2.806998673e-04
9.307822266e+02;-1.456966042e-03
9.310228882e+02;1.430232660e-03
9.312634888e+02;5.747664254e-04
9.315041504e+02;-8.688329835e-04
9.317448120e+02;-4.009998156e-05
9.319854736e+02;1.216366189e-03
9.322261353e+02;1.376766013e-03
9.324667969e+02;2.419365570e-03
9.327075195e+02;-1.055966248e-03
9.329481812e+02;-4.143664846e-04
9.331889038e+02;8.688329835e-04
9.334296265e+02;-1.162899542e-03
9.336703491e+02;-3.341665142e-04
9.339110718e+02;-6.282330723e-04
9.341518555e+02;-2.178765833e-03
9.343925781e+02;-1.884699217e-03
9.346333618e+02;-3.341665142e-04
9.348741455e+02;-1.537165954e-03
9.351149292e+02;1.082699513e-03
9.353557129e+02;-3.341665142e-04
9.355964966e+02;1.737665880e-04
9.358373413e+02;-8.153663366e-04
9.360781250e+02;9.757662192e-04
9.363189697e+02;-7.351663662e-04
9.365598145e+02;2.606498776e-03
9.368006592e+02;-1.991632394e-03
9.370415649e+02;1.109432895e-03
9.372824097e+02;-2.847098745e-03
9.375233154e+02;-3.274831921e-03
9.377642212e+02;-1.483699307e-03
9.380051270e+02;4.009998156e-05
9.382460327e+02;-1.644099248e-03
9.384869385e+02;-2.980765421e-03
9.387278442e+02;-2.766898833e-03
9.389688110e+02;-4.410998081e-04
9.392097778e+02;-9.222995723e-04
9.394507446e+02;7.618996897e-04
9.396917114e+02;-3.876331612e-04
9.399326782e+02;6.683330139e-05
9.401736450e+02;-1.336666082e-05
9.404146729e+02;-4.143664846e-04
9.406556396e+02;-6.683330139e-05
9.408966675e+02;2.900565509e-03
9.411376953e+02;9.490328957e-04
9.413787842e+02;6.282330723e-04
9.416198120e+02;-1.737665880e-04
9.418608398e+02;-3.876331612e-04
9.421019287e+02;-2.232232364e-03
9.423430176e+02;-1.991632394e-03
9.425841064e+02;-2.553032245e-03
9.428251953e+02;-2.686698921e-03
9.430662842e+02;-1.350032748e-03
9.433074341e+02;-6.282330723e-04
9.435485229e+02;-6.816997193e-04
9.437896729e+02;-1.002499601e-03
9.440308228e+02;-1.456966042e-03
9.442719727e+02;-1.109432895e-03
9.445131226e+02;-1.403499395e-03
9.447543335e+02;-4.945664550e-04
9.449954834e+02;4.009998156e-05
9.452366943e+02;-1.470332645e-04
9.454779053e+02;3.074331908e-04
9.457191162e+02;1.911432482e-03
9.459603271e+02;-3.608998377e-04
9.462015381e+02;2.339165658e-03
9.464428101e+02;4.143664846e-04
9.466840820e+02;-2.272332349e-04
9.469252930e+02;-1.911432482e-03
9.471665649e+02;-3.408498596e-03
9.474078979e+02;-4.691698123e-03
9.476491699e+02;-1.938165864e-03
9.478904419e+02;-3.167898627e-03
9.481317749e+02;-1.537165954e-03
9.483731079e+02;-5.480331019e-04
9.486144409e+02;-1.189632807e-03
9.488557739e+02;6.282330723e-04
9.490971069e+02;2.927298658e-03
9.493384399e+02;-1.737665880e-04
9.495798340e+02;2.098565688e-03
9.498212280e+02;6.014997489e-04
9.500626221e+02;1.617365982e-03
9.503040161e+02;-1.857965835e-03
9.505454102e+02;8.153663366e-04
9.507868042e+02;-1.202999483e-04
9.510282593e+02;6.549663958e-04
9.512697144e+02;-2.045099158e-03
9.515111084e+02;-1.911432482e-03
9.517525635e+02;-2.686698921e-03
9.519940796e+02;-2.392632188e-03
9.522355347e+02;-1.510432689e-03
9.524769897e+02;-3.248098539e-03
9.527185059e+02;-1.216366189e-03
9.529600220e+02;-3.221365158e-03
9.532015381e+02;-1.938165864e-03
9.534430542e+02;-6.014997489e-04
9.536845703e+02;4.410998081e-04
9.539261475e+02;-9.222995723e-04
9.541676636e+02;1.724299276e-03
9.544092407e+02;6.816997193e-04
9.546508179e+02;-1.737665880e-04
9.548923950e+02;-7.084330427e-04
9.551339722e+02;-2.125299070e-03
9.553756104e+02;-3.341665142e-04
9.556171875e+02;4.945664550e-04
9.558588257e+02;6.816997193e-04
9.561004639e+02;-2.365899039e-03
9.563421021e+02;-3.301565303e-03
9.565837402e+02;-2.232232364e-03
9.568253784e+02;5.480331019e-04
9.570670776e+02;-2.686698921e-03
9.573087158e+02;-1.136166160e-03
9.575504150e+02;-1.470332645e-04
9.577921143e+02;-1.670832629e-03
9.580338135e+02;-2.633232158e-03
9.582755737e+02;3.341665142e-04
9.585172729e+02;-1.403499395e-03
9.587590332e+02;4.009998156e-05
9.590007324e+02;-2.004999114e-04
9.592424927e+02;4.143664846e-04
9.594843140e+02;5.747664254e-04
9.597260742e+02;-9.356662486e-05
9.599678345e+02;-2.419365570e-03
9.602096558e+02;2.272332349e-04
9.604514160e+02;-1.911432482e-03
9.606932373e+02;-1.029232866e-03
9.609350586e+02;-1.002499601e-03
9.611769409e+02;9.757662192e-04
9.614187622e+02;-4.009998156e-05
9.616605835e+02;8.955663070e-04
9.619024658e+02;-1.617365982e-03
9.621443481e+02;1.403499395e-03
9.623862305e+02;-1.697565895e-03
9.626281128e+02;-2.806998673e-04
9.628699951e+02;9.490328957e-04
9.631119385e+02;1.336666082e-05
9.633538818e+02;3.608998377e-04
9.635957642e+02;2.071832540e-03
9.638377075e+02;-5.480331019e-04
9.640796509e+02;-4.009998156e-05
9.643216553e+02;-7.618996897e-04
9.645635986e+02;-1.136166160e-03
9.648056030e+02;-7.084330427e-04
9.650475464e+02;-1.055966248e-03
9.652895508e+02;-3.809498390e-03
9.655315552e+02;1.403499395e-03
9.657735596e+02;-6.014997489e-04
9.660156250e+02;-2.659965539e-03
9.662576294e+02;-1.831232570e-03
9.664996948e+02;-9.490328957e-04
9.667417603e+02;-9.356662486e-05
9.669838257e+02;-1.737665880e-04
9.672258911e+02;-1.670832629e-03
9.674679565e+02;5.747664254e-04
9.677100830e+02;-3.608998377e-04
9.679522095e+02;-2.272332349e-04
9.681942749e+02;-1.724299276e-03
9.684364014e+02;1.082699513e-03
9.686785278e+02;-1.470332645e-04
9.689207153e+02;5.480331019e-04
9.691628418e+02;-6.014997489e-04
9.694050293e+02;4.410998081e-04
9.696471558e+02;-2.419365570e-03
9.698893433e+02;1.029232866e-03
9.701315308e+02;-3.622365184e-03
9.703737793e+02;-1.216366189e-03
9.706159668e+02;-2.098565688e-03
9.708582153e+02;5.480331019e-04
9.711004028e+02;-2.365899039e-03
9.713426514e+02;1.644099248e-03
9.715848999e+02;-2.806998673e-04
9.718271484e+02;8.420996601e-04
9.720694580e+02;-1.202999483e-04
9.723117065e+02;8.420996601e-04
9.725540161e+02;-1.029232866e-03
9.727963257e+02;1.002499601e-03
9.730386353e+02;-1.082699513e-03
9.732809448e+02;-4.143664846e-04
9.735232544e+02;-6.683330139e-05
9.737655640e+02;-1.162899542e-03
9.740079346e+02;-2.713432070e-03
9.742503052e+02;-2.392632188e-03
9.744926758e+02;-1.350032748e-03
9.747350464e+02;-2.365899039e-03
9.749774170e+02;-2.980765421e-03
9.752197876e+02;-6.683330139e-05
9.754622192e+02;-8.688329835e-04
9.757046509e+02;-1.697565895e-03
9.759470825e+02;-2.927298658e-03
9.761895142e+02;2.272332349e-04
9.764319458e+02;4.945664550e-04
9.766743774e+02;1.202999483e-04
9.769168701e+02;-5.212997785e-04
9.771593018e+02;2.098565688e-03
9.774017944e+02;-4.945664550e-04
9.776442871e+02;8.688329835e-04
9.778867798e+02;6.683330139e-05
9.781292725e+02;9.757662192e-04
9.783718262e+02;-3.889698302e-03
9.786143799e+02;-1.804499188e-03
9.788568726e+02;4.945664550e-04
9.790994263e+02;-4.370898008e-03
9.793419800e+02;-2.793632215e-03
9.795845947e+02;-1.590632601e-03
9.798271484e+02;-2.579765627e-03
9.800697021e+02;-1.697565895e-03
9.803123169e+02;-1.403499395e-03
9.805549316e+02;1.336666082e-05
9.807975464e+02;-1.644099248e-03
9.810401611e+02;1.470332645e-04
9.812828369e+02;-8.688329835e-04
9.815254517e+02;-4.009998156e-05
9.817681274e+02;-6.816997193e-04
9.820108032e+02;8.955663070e-04
9.822534790e+02;7.351663662e-04
9.824961548e+02;8.955663070e-04
9.827388306e+02;-2.820365364e-03
9.829815674e+02;4.678331316e-04
9.832242432e+02;-3.488698509e-03
9.834669800e+02;-2.847098745e-03
9.837097168e+02;-4.050098360e-03
9.839524536e+02;4.410998081e-04
9.841951904e+02;-3.114432096e-03
9.844379883e+02;4.143664846e-04
9.846807251e+02;-2.980765421e-03
9.849235229e+02;8.688329835e-04
9.851663208e+02;-4.945664550e-04
9.854091187e+02;-2.740165452e-03
9.856519165e+02;-4.143664846e-04
9.858947144e+02;6.014997489e-04
9.861375732e+02;1.590632601e-03
9.863804321e+02;9.222995723e-04
9.866232300e+02;5.212997785e-04
9.868660889e+02;-8.688329835e-04
9.871089478e+02;3.876331612e-04
9.873518677e+02;7.351663662e-04
9.875947266e+02;-1.483699307e-03
9.878376465e+02;-2.004999114e-04
9.880805664e+02;-1.644099248e-03
9.883234863e+02;-9.757662192e-04
9.885664062e+02;-3.087698715e-03
9.888093262e+02;-1.670832629e-03
9.890522461e+02;-2.232232364e-03
9.892952271e+02;-2.446098952e-03
9.895382080e+02;-2.178765833e-03
9.897811279e+02;-1.670832629e-03
9.900241699e+02;-1.430232660e-03
9.902671509e+02;-1.831232570e-03
9.905101318e+02;-3.608998377e-04
9.907531738e+02;2.365899039e-03
9.909961548e+02;6.549663958e-04
9.912391968e+02;-6.014997489e-04
9.914822388e+02;-7.618996897e-04
9.917252808e+02;-6.014997489e-04
9.919683838e+02;-3.341665142e-04
9.922114258e+02;1.269832836e-03
9.924545288e+02;-2.579765627e-03
9.926975708e+02;-1.697565895e-03
9.929406738e+02;-2.339165658e-03
9.931837769e+02;3.876331612e-04
9.934269409e+02;-2.071832540e-03
9.936700439e+02;-2.365899039e-03
9.939132080e+02;-1.430232660e-03
9.941563110e+02;1.537165954e-03
9.943994751e+02;-1.082699513e-03
9.946426392e+02;-1.857965835e-03
9.948858643e+02;-1.430232660e-03
9.951290283e+02;1.483699307e-03
9.953721924e+02;-7.084330427e-04
9.956154175e+02;-6.683330139e-05
9.958586426e+02;-1.911432482e-03
9.961018677e+02;-9.356662486e-05
9.963450928e+02;-1.911432482e-03
9.965883179e+02;1.216366189e-03
9.968316040e+02;-2.392632188e-03
9.970748291e+02;-3.916431684e-03
9.973181152e+02;-4.410998081e-04
9.975614014e+02;-3.355031833e-03
9.978046875e+02;-1.296566101e-03
9.980480347e+02;-1.243099454e-03
9.982913208e+02;2.272332349e-04
9.985346680e+02;-7.618996897e-04
9.987779541e+02;-1.857965835e-03
9.990213013e+02;-8.153663366e-04
9.992646484e+02;7.084330427e-04
9.995079956e+02;-3.074331908e-04
9.997514038e+02;3.889698302e-03
9.999947510e+02;2.806998673e-04
1.000238159e+03;-2.098565688e-03
1.000481567e+03;-1.483699307e-03
1.000724976e+03;1.002499601e-03
1.000968384e+03;7.084330427e-04
1.001211792e+03;-6.683330139e-05
1.001455261e+03;-1.483699307e-03
1.001698669e+03;-7.351663662e-04
1.001942139e+03;-1.670832629e-03
1.002185608e+03;-3.341665142e-04
1.002429077e+03;-3.248098539e-03
1.002672546e+03;-2.392632188e-03
1.002916077e+03;-2.018365776e-03
1.003159546e+03;-2.178765833e-03
1.003403076e+03;-1.269832836e-03
1.003646606e+03;-7.618996897e-04
1.003890137e+03;-3.221365158e-03
1.004133667e+03;-1.777765923e-03
1.004377258e+03;-8.955663070e-04
1.004620789e+03;1.430232660e-03
1.004864380e+03;1.055966248e-03
1.005107971e+03;-1.857965835e-03
1.005351562e+03;-2.312432276e-03
1.005595154e+03;-8.153663366e-04
1.005838745e+03;-3.488698509e-03
1.006082336e+03;-7.351663662e-04
1.006325989e+03;-2.272332349e-04
1.006569641e+03;-1.670832629e-03
1.006813293e+03;-4.183765035e-03
1.007056946e+03;-1.376766013e-03
1.007300598e+03;-2.339165658e-03
1.007544312e+03;-1.082699513e-03
1.007787964e+03;-3.167898627e-03
1.008031677e+03;-7.084330427e-04
1.008275391e+03;-1.737665880e-04
1.008519104e+03;-1.336666082e-05
1.008762817e+03;1.029232866e-03
1.009006531e+03;-3.608998377e-04
1.009250305e+03;-6.282330723e-04
1.009494019e+03;1.644099248e-03
1.009737793e+03;7.084330427e-04
1.009981567e+03;1.323299482e-03
1.010225342e+03;-2.365899039e-03
1.010469177e+03;-1.336666082e-05
1.010712952e+03;-4.143664846e-04
1.010956787e+03;5.480331019e-04
1.011200623e+03;-3.702565096e-03
1.011444397e+03;-7.084330427e-04
1.011688293e+03;-4.023364745e-03
1.011932129e+03;-2.392632188e-03
1.012175964e+03;-2.873832127e-03
1.012419861e+03;3.876331612e-04
1.012663696e+03;-2.258965746e-03
1.012907593e+03;1.202999483e-04
1.013151489e+03;-7.618996897e-04
1.013395447e+03;5.747664254e-04
1.013639343e+03;4.945664550e-04
1.013883240e+03;8.688329835e-04
1.014127197e+03;3.608998377e-04
1.014371155e+03;2.339165658e-03
1.014615112e+03;7.084330427e-04
1.014859070e+03;3.782765009e-03
1.015103027e+03;-1.136166160e-03
1.015347046e+03;3.876331612e-04
1.015591003e+03;-1.737665880e-04
1.015835022e+03;-1.430232660e-03
1.016079041e+03;-3.341665142e-04
1.016323059e+03;-4.678331316e-04
1.016567078e+03;-1.055966248e-03
1.016811157e+03;-4.410998081e-04
1.017055176e+03;-2.419365570e-03
1.017299255e+03;-5.747664254e-04
1.017543335e+03;-3.274831921e-03
1.017787415e+03;-5.212997785e-04
1.018031494e+03;-8.688329835e-04
1.018275574e+03;6.683330139e-05
1.018519714e+03;-2.539665438e-04
1.018763855e+03;1.724299276e-03
1.019007935e+03;-2.071832540e-03
1.019252075e+03;-2.232232364e-03
1.019496216e+03;-9.757662192e-04
1.019740417e+03;-1.563899335e-03
1.019984558e+03;-4.130298272e-03
1.020228760e+03;-1.029232866e-03
[EndOfFile]
