#Thorlabs FTS
[SpectrumHeader]
#Date,20251128
#Time,19542101
#GMTTime,22542101
#Instrument,0
#InstrModel,CCS200
#Series,0
#InterferometerSerial,M00311012
#Type,emission
#ChannelIndex,0
#XAxisUnit,nm_air
#YAxisUnit,intensity
#Average,1
#RollingAverage,0
#SpectrumSmooth,0
#SSmoothParam1,0
#SSmoothParam2,0
#SSmoothParam3,0
#SSmoothParam4,0
#IntegrationTime,650.000000
#TriggerMode,0
#AirMeasureOpt,0
#AirTemp,0.00
#AirPressure,0.00
#AirRelHum,0.00
#WnrMin,9799.037109
#WnrMax,50982.906250
#Length,3648
#Resolution,0.0000000000e+00
#ADC,0
#InstrStatus,0
#RefLaserLocked,0
#ChannelIndex,0
#AttenuationFilter,0
#Stitched,0
#ExcitationWavelength_nm,0
#SoftwareVersion,3.310000
#FirmwareVersion,
#Motor_FirmwareVersion,
#ReconstructionAlgorithms_SoftwareVersion,
#Sensor_FirmwareVersion,
#InstrSeriesIdentifier,MUN_CCS_SERIES
#RefGainIndex,0
#RefSignalInPerecent,0.0
#BBRefGainIndex,0
#BBRefSignalInPerecent,0.0
#AutogainStatus,0
#Name,
#Comment,""
#ExtComment,""
#Source,
[Data]
1.960870056e+02,8.455810137e-03
1.962940979e+02,6.017173175e-03
1.965012054e+02,2.070505545e-02
1.967083282e+02,1.924747950e-03
1.969154510e+02,1.577172056e-02
1.971225891e+02,3.914900124e-03
1.973297424e+02,3.242172534e-03
1.975368958e+02,-6.007829681e-03
1.977440643e+02,1.400581188e-02
1.979512482e+02,7.474749349e-03
1.981584320e+02,-8.222224424e-04
1.983656311e+02,-7.493436337e-03
1.985728455e+02,4.391415277e-04
1.987800751e+02,4.783839453e-03
1.989873047e+02,6.549749058e-03
1.991945496e+02,-1.500555966e-02
1.994018097e+02,-1.663131756e-03
1.996090698e+02,7.418688852e-03
1.998163452e+02,-3.288889769e-03
2.000236359e+02,1.364141703e-03
2.002309418e+02,-2.251768252e-03
2.004382477e+02,3.270202782e-03
2.006455688e+02,-7.521466352e-03
2.008528900e+02,1.125884149e-02
2.010602417e+02,2.821717877e-03
2.012675934e+02,3.634596942e-03
2.014749451e+02,9.380810894e-03
2.016823273e+02,-7.044951431e-03
2.018897095e+02,-2.083586296e-03
2.020971069e+02,-4.241920076e-03
2.023045044e+02,2.709596651e-03
2.025119171e+02,2.485354198e-03
2.027193451e+02,2.289141994e-03
2.029267883e+02,3.382324008e-03
2.031342316e+02,-3.625253448e-03
2.033416901e+02,7.698991802e-03
2.035491638e+02,1.924747950e-03
2.037566376e+02,1.448232681e-03
2.039641418e+02,5.764900241e-03
2.041716309e+02,-2.616162179e-03
2.043791504e+02,7.895204239e-03
2.045866699e+02,2.485354198e-03
2.047942047e+02,2.737626899e-03
2.050017548e+02,-8.782830089e-03
2.052093048e+02,9.352779947e-03
2.054168701e+02,-2.335859172e-04
2.056244507e+02,2.793687629e-03
2.058320312e+02,1.089444757e-02
2.060396423e+02,-5.194950849e-03
2.062472534e+02,1.274444722e-02
2.064548645e+02,5.905052181e-03
2.066624908e+02,1.252020476e-03
2.068701324e+02,7.054294925e-03
2.070777893e+02,-5.783587229e-03
2.072854462e+02,-1.494949916e-03
2.074931335e+02,5.288385320e-03
2.077008057e+02,-5.475253798e-03
2.079085083e+02,-1.419267990e-02
2.081162109e+02,2.457323950e-03
2.083239288e+02,4.952021409e-04
2.085316467e+02,-7.661618292e-04
2.087393951e+02,8.035355713e-04
2.089471436e+02,4.699748475e-03
2.091548920e+02,-6.428284571e-03
2.093626709e+02,-4.410102032e-03
2.095704498e+02,5.008081906e-03
2.097782440e+02,-4.157829564e-03
2.099860382e+02,3.886869643e-03
2.101938629e+02,1.181944739e-02
2.104016724e+02,-2.504040953e-03
2.106095123e+02,-2.335859172e-04
2.108173523e+02,8.960356005e-03
2.110252075e+02,-3.429041244e-03
2.112330780e+02,6.633840036e-03
2.114409637e+02,6.970203947e-03
2.116488495e+02,1.198762935e-02
2.118567505e+02,-4.045708105e-03
2.120646515e+02,-7.857830264e-03
2.122725677e+02,1.431414485e-02
2.124804993e+02,-1.186616486e-03
2.126884460e+02,9.773234837e-03
2.128963928e+02,4.391415277e-04
2.131043549e+02,2.233081264e-03
2.133123322e+02,2.087323740e-02
2.135203094e+02,9.717173874e-03
2.137283173e+02,-4.970708396e-03
2.139363098e+02,3.270202782e-03
2.141443329e+02,5.512627773e-03
2.143523560e+02,-4.830556922e-03
2.145603943e+02,1.148308348e-02
2.147684479e+02,1.392172067e-03
2.149765015e+02,1.734141819e-02
2.151845703e+02,3.606566461e-03
2.153926544e+02,-7.493436337e-03
2.156007538e+02,9.885355830e-03
2.158088531e+02,-3.989647608e-03
2.160169678e+02,1.252020523e-02
2.162250824e+02,6.017173175e-03
2.164332123e+02,8.736113086e-03
2.166413574e+02,1.504293294e-03
2.168495178e+02,1.067020465e-02
2.170576782e+02,4.671718343e-04
2.172658691e+02,1.336111454e-03
2.174740448e+02,-8.334345184e-03
2.176822510e+02,6.577779539e-03
2.178904572e+02,9.492931888e-03
2.180986786e+02,1.047399268e-02
2.183069000e+02,6.858082488e-03
2.185151520e+02,-6.820708513e-04
2.187234039e+02,9.436870925e-03
2.189316559e+02,7.110355422e-03
2.191399384e+02,2.056490444e-02
2.193482208e+02,-3.260859521e-03
2.195565186e+02,3.494445235e-03
2.197648163e+02,1.243611425e-02
2.199731293e+02,2.429293469e-03
2.201814575e+02,5.316415336e-03
2.203898010e+02,9.268688969e-03
2.205981445e+02,1.588384272e-03
2.208065033e+02,8.315658779e-04
2.210148773e+02,3.830809146e-04
2.212232513e+02,-1.635101391e-03
2.214316406e+02,-7.521466352e-03
2.216400452e+02,-1.747222617e-03
2.218484650e+02,1.097853854e-02
2.220568848e+02,2.177020768e-03
2.222653198e+02,1.655657031e-02
2.224737549e+02,-3.401010996e-03
2.226822205e+02,1.801414602e-02
2.228906860e+02,8.820204064e-03
2.230991516e+02,1.717323624e-02
2.233076477e+02,-1.214646734e-03
2.235161438e+02,9.100507013e-03
2.237246552e+02,3.045960329e-03
2.239331665e+02,1.389368996e-02
2.241416931e+02,9.352779947e-03
2.243502350e+02,1.821035892e-02
2.245587921e+02,-4.690405447e-03
2.247673492e+02,-3.821465652e-03
2.249759216e+02,-1.242677099e-03
2.251845093e+02,-2.251768252e-03
2.253930969e+02,1.417399384e-02
2.256017151e+02,9.156567976e-03
2.258103180e+02,-5.419193301e-03
2.260189514e+02,1.770581305e-02
2.262275848e+02,3.354293760e-03
2.264362335e+02,-3.092677565e-03
2.266448975e+02,3.550506081e-04
2.268535614e+02,5.680809729e-03
2.270622406e+02,-7.857830264e-03
2.272709351e+02,-1.298737712e-03
2.274796295e+02,6.353537086e-03
2.276883392e+02,9.661113843e-03
2.278970642e+02,1.308081119e-04
2.281058044e+02,-6.176011637e-03
2.283145447e+02,1.053005271e-02
2.285233002e+02,-7.941921358e-04
2.287320557e+02,4.895960912e-03
2.289408417e+02,1.734141819e-02
2.291496277e+02,1.162323542e-02
2.293584137e+02,-7.101012161e-04
2.295672302e+02,-3.793435404e-03
2.297760468e+02,2.429293527e-04
2.299848785e+02,7.586870808e-03
2.301937103e+02,-3.793435404e-03
2.304025726e+02,-7.325254381e-03
2.306114197e+02,-1.635101438e-02
2.308202972e+02,5.008081906e-03
2.310291748e+02,1.067020465e-02
2.312380676e+02,1.232399326e-02
2.314469757e+02,2.092929790e-03
2.316558990e+02,-2.504040953e-03
2.318648224e+02,4.923990928e-03
2.320737610e+02,9.212628938e-03
2.322826996e+02,7.755052298e-03
2.324916534e+02,1.924747950e-03
2.327006226e+02,9.324749932e-03
2.329096069e+02,4.335354548e-03
2.331185913e+02,-7.913891226e-03
2.333275909e+02,1.484672073e-02
2.335366058e+02,7.530809846e-03
2.337456207e+02,6.465658080e-03
2.339546661e+02,-1.326767961e-03
2.341636963e+02,1.344520506e-02
2.343727570e+02,-2.335859172e-04
2.345818176e+02,3.914900124e-03
2.347908936e+02,1.139899250e-03
2.349999847e+02,1.804217696e-02
2.352090759e+02,-1.147374045e-02
2.354181824e+02,5.148233846e-03
2.356273041e+02,8.231568150e-03
2.358364258e+02,3.242172534e-03
2.360455627e+02,-7.353284862e-03
2.362547150e+02,5.792930606e-04
2.364638824e+02,5.400506314e-03
2.366730499e+02,-1.719192369e-03
2.368822327e+02,1.125884149e-02
2.370914154e+02,9.072476998e-03
2.373006287e+02,1.778990403e-02
2.375098419e+02,-5.979799666e-03
2.377190552e+02,-9.343436686e-04
2.379282990e+02,1.658459939e-02
2.381375427e+02,8.932325058e-03
2.383468018e+02,4.279294051e-03
2.385560608e+02,2.849748125e-03
2.387653503e+02,-3.709344426e-03
2.389746246e+02,3.998991102e-03
2.391839294e+02,-1.943434821e-03
2.393932343e+02,-1.438889303e-03
2.396025543e+02,2.513384447e-03
2.398118896e+02,1.593990251e-02
2.400212402e+02,1.521111466e-02
2.402305908e+02,3.578536212e-03
2.404399414e+02,-4.129799083e-03
2.406493225e+02,1.128687151e-02
2.408587036e+02,1.190353837e-02
2.410681000e+02,-2.728283405e-03
2.412775116e+02,3.886869643e-03
2.414869232e+02,1.123081055e-02
2.416963501e+02,-3.933586646e-03
2.419057922e+02,2.765657380e-03
2.421152344e+02,3.045960329e-03
2.423246918e+02,1.302475110e-02
2.425341644e+02,6.858082488e-03
2.427436371e+02,1.254823525e-02
2.429531403e+02,-9.063133621e-04
2.431626434e+02,5.316415336e-03
2.433721466e+02,-3.036616836e-03
2.435816650e+02,-4.185859580e-03
2.437911987e+02,1.038990170e-02
2.440007477e+02,1.176338643e-02
2.442103119e+02,1.655657031e-02
2.444198761e+02,1.714520715e-02
2.446294403e+02,2.541414695e-03
2.448390350e+02,1.408990286e-02
2.450486298e+02,-8.306315169e-03
2.452582397e+02,3.073990578e-03
2.454678650e+02,8.652022108e-03
2.456774902e+02,2.148990519e-03
2.458871307e+02,-7.157072425e-03
2.460967865e+02,-7.044951431e-03
2.463064423e+02,5.961112678e-03
2.465161133e+02,7.895204239e-03
2.467257996e+02,-1.803283230e-03
2.469354858e+02,1.840656972e-03
2.471451874e+02,6.773991510e-03
2.473549042e+02,1.139899250e-03
2.475646362e+02,-8.726770058e-03
2.477743683e+02,5.792930606e-04
2.479841156e+02,6.577779539e-03
2.481938782e+02,1.075429562e-02
2.484036407e+02,-1.186616486e-03
2.486134186e+02,1.434217580e-02
2.488232117e+02,5.680809729e-03
2.490330048e+02,1.344520506e-02
2.492428284e+02,7.951264270e-03
2.494526367e+02,1.952778315e-03
2.496624756e+02,1.392172091e-02
2.498723145e+02,1.075429562e-02
2.500821686e+02,5.232324358e-03
2.502920380e+02,8.231568150e-03
2.505019073e+02,1.061414368e-02
2.507117920e+02,7.811113261e-03
2.509216919e+02,1.139899250e-02
2.511315918e+02,-2.504040953e-03
2.513415222e+02,1.075429562e-02
2.515514374e+02,7.923234254e-03
2.517613831e+02,-6.372223608e-03
2.519713287e+02,-2.812374383e-03
2.521812897e+02,-5.979799316e-04
2.523912659e+02,-1.242677099e-03
2.526012421e+02,8.736113086e-03
2.528112335e+02,6.101264153e-03
2.530212402e+02,4.335354548e-03
2.532312469e+02,1.400581188e-02
2.534412689e+02,8.063386194e-03
2.536513062e+02,4.167172592e-03
2.538613586e+02,-4.494193010e-03
2.540714111e+02,2.050884441e-02
2.542814789e+02,8.287628181e-03
2.544915466e+02,5.036112387e-03
2.547016449e+02,3.578536212e-03
2.549117432e+02,1.406187192e-02
2.551218567e+02,5.905052181e-03
2.553319702e+02,8.203537203e-03
2.555420990e+02,1.123081055e-02
2.557522430e+02,1.069823466e-02
2.559623871e+02,1.027778024e-03
2.561725464e+02,3.774748417e-03
2.563827209e+02,1.167929615e-03
2.565928955e+02,1.470656972e-02
2.568031006e+02,1.153914444e-02
2.570133057e+02,3.802778665e-03
2.572235107e+02,7.923234254e-03
2.574337463e+02,2.541414695e-03
2.576439819e+02,-5.307071842e-03
2.578542480e+02,-5.895708688e-03
2.580644836e+02,1.493081171e-02
2.582747498e+02,1.170732640e-02
2.584850464e+02,3.410354489e-03
2.586953430e+02,4.727778956e-03
2.589056396e+02,-2.335859230e-03
2.591159363e+02,-2.335859172e-04
2.593262634e+02,1.081035659e-02
2.595365906e+02,7.558840327e-03
2.597469482e+02,-3.288889769e-03
2.599573059e+02,4.223233555e-03
2.601676636e+02,-5.419193185e-04
2.603780212e+02,3.578536212e-03
2.605884094e+02,1.097853854e-02
2.607988281e+02,1.103459857e-02
2.610092163e+02,2.569445176e-03
2.612196350e+02,-1.747222617e-03
2.614300842e+02,3.466414986e-03
2.616405029e+02,4.895960912e-03
2.618509521e+02,1.106262952e-02
2.620614319e+02,6.745961495e-03
2.622718811e+02,2.429293527e-04
2.624823608e+02,1.330505405e-02
2.626928711e+02,-2.139647026e-03
2.629033508e+02,-7.269193884e-03
2.631138916e+02,-9.315405972e-03
2.633244019e+02,-4.830556922e-03
2.635349426e+02,3.550505964e-03
2.637454834e+02,2.148990461e-04
2.639560242e+02,1.229596231e-02
2.641665955e+02,2.429293527e-04
2.643771973e+02,7.474749145e-05
2.645877686e+02,1.249217521e-02
2.647983704e+02,3.830809146e-03
2.650089722e+02,-1.214646734e-03
2.652196045e+02,9.100507013e-03
2.654302368e+02,1.086641662e-02
2.656408691e+02,-3.737374573e-05
2.658515320e+02,5.989143159e-03
2.660621948e+02,-3.513132222e-03
2.662728577e+02,-2.672222909e-03
2.664835510e+02,7.194446516e-04
2.666942444e+02,-2.055556106e-04
2.669049377e+02,5.736870226e-03
2.671156616e+02,-1.326767961e-03
2.673263855e+02,1.252020476e-03
2.675371094e+02,7.334597874e-03
2.677478638e+02,3.017930081e-03
2.679586182e+02,-7.773739286e-03
2.681694031e+02,1.184747741e-02
2.683801575e+02,-5.951769184e-03
2.685909729e+02,8.595962077e-03
2.688017578e+02,-9.904042818e-04
2.690125732e+02,2.793687629e-03
2.692233887e+02,1.072626561e-02
2.694342346e+02,4.727778956e-03
2.696450806e+02,3.214142285e-03
2.698559265e+02,1.019368973e-02
2.700667725e+02,9.324749932e-03
2.702776489e+02,1.280050818e-02
2.704885559e+02,1.448232681e-02
2.706994324e+02,5.400506314e-03
2.709103394e+02,1.924747950e-03
2.711212769e+02,5.232324358e-03
2.713321838e+02,-7.941921358e-04
2.715431213e+02,-1.943434821e-03
2.717540894e+02,6.241415627e-03
2.719650269e+02,-4.269950558e-03
2.721760254e+02,1.728535816e-02
2.723869934e+02,4.755809437e-03
2.725979919e+02,6.381567102e-03
2.728089905e+02,-4.017677624e-03
2.730199890e+02,2.737626899e-03
2.732310181e+02,1.053005271e-02
2.734420471e+02,4.447476007e-03
2.736531067e+02,7.026264444e-03
2.738641663e+02,2.269520797e-02
2.740752258e+02,5.568688270e-03
2.742862854e+02,1.092247758e-02
2.744973755e+02,-4.858587054e-04
2.747084961e+02,2.849748125e-03
2.749195862e+02,3.017930081e-03
2.751307068e+02,1.139899250e-03
2.753418274e+02,4.391415045e-03
2.755529785e+02,1.748156920e-02
2.757641296e+02,-1.102525508e-03
2.759752808e+02,1.434217580e-02
2.761864624e+02,1.257626619e-02
2.763976440e+02,3.270202782e-03
2.766088562e+02,8.399749175e-03
2.768200378e+02,4.980051890e-03
2.770312500e+02,5.820961203e-03
2.772424927e+02,-2.055556106e-04
2.774537354e+02,-3.737374573e-05
2.776649780e+02,3.914900124e-03
2.778762207e+02,1.689293422e-02
2.780874939e+02,-1.082904357e-02
2.782987671e+02,-1.747222617e-03
2.785100708e+02,4.727778956e-03
2.787213745e+02,5.288385320e-03
2.789326782e+02,1.501490269e-02
2.791439819e+02,7.839143276e-03
2.793553162e+02,1.223990228e-03
2.795666504e+02,2.137778327e-02
2.797780151e+02,-5.419193185e-04
2.799893799e+02,3.550505964e-03
2.802007446e+02,1.308081119e-04
2.804121399e+02,-9.679800831e-03
2.806235352e+02,7.194446516e-04
2.808349304e+02,-6.512375548e-03
2.810463562e+02,3.886869643e-03
2.812577820e+02,-3.148738062e-03
2.814692078e+02,1.383762993e-02
2.816806641e+02,2.401263220e-03
2.818921204e+02,1.041793171e-02
2.821036072e+02,-3.092677565e-03
2.823150635e+02,7.642931305e-03
2.825265808e+02,4.391415045e-03
2.827380676e+02,3.298233263e-03
2.829495850e+02,1.053005271e-02
2.831611023e+02,-2.083586296e-03
2.833726501e+02,9.997477755e-04
2.835841675e+02,-9.119194001e-03
2.837957458e+02,-2.083586296e-03
2.840072937e+02,3.438384738e-03
2.842188721e+02,6.297476124e-03
2.844304504e+02,-9.595709853e-03
2.846420593e+02,-5.138890352e-03
2.848536682e+02,8.231568150e-03
2.850652771e+02,-2.924495609e-03
2.852769165e+02,-4.017677857e-04
2.854885559e+02,7.642931305e-03
2.857001953e+02,1.434217580e-02
2.859118652e+02,1.232399326e-02
2.861235352e+02,-9.343436919e-03
2.863352051e+02,2.078914642e-02
2.865469055e+02,-2.223738004e-03
2.867586060e+02,7.811113261e-03
2.869703064e+02,-3.372980747e-03
2.871820374e+02,-2.055556106e-04
2.873937683e+02,5.652779248e-03
2.876055298e+02,-4.017677624e-03
2.878172913e+02,1.784596406e-02
2.880290527e+02,-9.343436977e-05
2.882408142e+02,6.437628064e-03
2.884526062e+02,-9.343436686e-04
2.886643982e+02,-5.811617710e-03
2.888762207e+02,-1.691162004e-03
2.890880432e+02,7.698991802e-03
2.892998657e+02,8.371719159e-03
2.895116882e+02,5.316415336e-03
2.897235413e+02,9.997476824e-03
2.899354248e+02,-5.447223783e-03
2.901472778e+02,5.848991219e-03
2.903591614e+02,6.269446108e-03
2.905710754e+02,3.746718168e-03
2.907829590e+02,7.502779830e-03
2.909948730e+02,-5.419193185e-04
2.912068176e+02,-1.166995242e-02
2.914187317e+02,5.877021700e-03
2.916306763e+02,9.044446982e-03
2.918426514e+02,1.434217580e-02
2.920546265e+02,1.403384190e-02
2.922666016e+02,8.063386194e-03
2.924785767e+02,1.532323658e-02
2.926905823e+02,6.493688561e-03
2.929025879e+02,8.511871099e-03
2.931146240e+02,1.700505498e-03
2.933266296e+02,2.280732989e-02
2.935386963e+02,1.406187192e-02
2.937507324e+02,7.390658371e-03
2.939627991e+02,-3.064647317e-03
2.941748657e+02,1.672475133e-03
2.943869629e+02,-1.943434821e-03
2.945990601e+02,7.334597874e-03
2.948111572e+02,6.942173466e-03
2.950232849e+02,1.010959875e-02
2.952354126e+02,4.251263570e-03
2.954475403e+02,-3.737374791e-04
2.956596680e+02,-9.763891809e-03
2.958718262e+02,3.690657439e-03
2.960840149e+02,5.064142868e-03
2.962962036e+02,5.400506314e-03
2.965083923e+02,-3.148738062e-03
2.967205811e+02,3.242172534e-03
2.969328003e+02,-5.699496251e-04
2.971450195e+02,-5.335102323e-03
2.973572388e+02,-2.728283405e-03
2.975694885e+02,-1.046464895e-03
2.977817383e+02,1.064217463e-02
2.979940186e+02,8.764144033e-03
2.982062683e+02,9.913386777e-03
2.984185791e+02,1.414596289e-02
2.986308594e+02,6.409597583e-03
2.988431702e+02,1.952778315e-03
2.990554810e+02,6.970203947e-03
2.992678223e+02,1.930353977e-02
2.994801636e+02,1.582778245e-02
2.996925049e+02,1.083838637e-03
2.999048462e+02,-3.933586646e-03
3.001172180e+02,7.026264444e-03
3.003296204e+02,2.036869293e-03
3.005419922e+02,-2.111616777e-03
3.007543945e+02,1.504293294e-03
3.009668274e+02,8.063386194e-03
3.011792297e+02,-3.457071725e-04
3.013916626e+02,-7.913891226e-03
3.016041260e+02,-2.223738004e-03
3.018165588e+02,8.035355248e-03
3.020290222e+02,-1.046464895e-03
3.022415161e+02,1.420202386e-02
3.024539795e+02,-1.663131756e-03
3.026665039e+02,1.728535746e-03
3.028789978e+02,6.213385612e-03
3.030915222e+02,6.409597583e-03
3.033040466e+02,3.045960329e-03
3.035165710e+02,2.205051016e-03
3.037291260e+02,1.975202560e-02
3.039416809e+02,4.615657963e-03
3.041542664e+02,-5.251011346e-03
3.043668518e+02,5.792930606e-04
3.045794373e+02,4.671718489e-05
3.047920532e+02,7.979295217e-03
3.050046387e+02,1.207172032e-02
3.052172852e+02,-2.027525799e-03
3.054299011e+02,6.297476124e-03
3.056425476e+02,1.425808482e-02
3.058552246e+02,8.203537203e-03
3.060678711e+02,-3.737374675e-03
3.062805481e+02,-1.096919458e-02
3.064932556e+02,-1.102525508e-03
3.067059326e+02,5.120203365e-03
3.069186401e+02,2.429293469e-03
3.071313782e+02,8.315658779e-04
3.073440857e+02,4.195203073e-03
3.075568237e+02,4.475506023e-03
3.077695923e+02,4.055051599e-03
3.079823608e+02,7.474749145e-05
3.081951294e+02,8.175507188e-03
3.084078979e+02,-3.316920018e-03
3.086206970e+02,3.298233263e-03
3.088334961e+02,1.821035892e-02
3.090463257e+02,3.634596942e-03
3.092591248e+02,4.419445526e-03
3.094719849e+02,1.344520506e-02
3.096848145e+02,2.709596651e-03
3.098976746e+02,2.961869352e-03
3.101105347e+02,-6.484345067e-03
3.103234253e+02,1.588384184e-04
3.105363159e+02,1.787399501e-02
3.107492065e+02,6.269446108e-03
3.109621277e+02,1.266035717e-02
3.111750183e+02,4.167172592e-03
3.113879700e+02,-1.438889303e-03
3.116008911e+02,-8.558588102e-03
3.118138428e+02,5.092172883e-03
3.120268250e+02,1.305278111e-02
3.122397766e+02,8.203537203e-03
3.124527588e+02,1.955581270e-02
3.126657715e+02,-3.092677565e-03
3.128787842e+02,4.223233555e-03
3.130917969e+02,-4.410102032e-03
3.133048096e+02,-8.502527489e-04
3.135178528e+02,-3.737374675e-03
3.137308960e+02,-1.166995242e-02
3.139439392e+02,8.063386194e-03
3.141570129e+02,8.231568150e-03
3.143700867e+02,9.773234837e-03
3.145831909e+02,-1.018434647e-03
3.147962952e+02,-3.961617127e-03
3.150093994e+02,2.362020873e-02
3.152225037e+02,3.354293760e-03
3.154356384e+02,1.081035659e-02
3.156487732e+02,6.914143451e-04
3.158619385e+02,1.451035682e-02
3.160751038e+02,9.605052881e-03
3.162882690e+02,5.204294343e-03
3.165014648e+02,1.179141738e-02
3.167146606e+02,6.297476124e-03
3.169278564e+02,-7.885860279e-03
3.171410828e+02,-3.905556630e-03
3.173543091e+02,3.998991102e-03
3.175675354e+02,2.317172242e-03
3.177807922e+02,5.232324358e-03
3.179940491e+02,1.257626619e-02
3.182073059e+02,1.868687286e-05
3.184205933e+02,-5.699496251e-04
3.186338806e+02,6.942173466e-03
3.188471680e+02,2.429293469e-03
3.190604858e+02,1.616414636e-02
3.192738037e+02,1.215581130e-02
3.194871521e+02,7.530809846e-03
3.197004700e+02,1.187550835e-02
3.199138184e+02,9.352779947e-03
3.201271973e+02,4.027021118e-03
3.203405762e+02,-4.297980922e-04
3.205539551e+02,-5.867678206e-03
3.207673340e+02,1.229596231e-02
3.209807434e+02,2.989899833e-03
3.211941833e+02,-8.306315169e-03
3.214075928e+02,4.419445526e-03
3.216210327e+02,2.709596651e-03
3.218344727e+02,1.448232681e-02
3.220479431e+02,-5.699496251e-03
3.222614136e+02,4.587627482e-03
3.224748840e+02,1.378156897e-02
3.226883850e+02,-4.774495959e-03
3.229018860e+02,-3.737374791e-04
3.231153870e+02,1.372550894e-02
3.233289185e+02,-1.803283230e-03
3.235424500e+02,2.028460056e-02
3.237559814e+02,2.765657380e-03
3.239695435e+02,9.016416036e-03
3.241831055e+02,1.636035740e-02
3.243966675e+02,7.642931305e-03
3.246102600e+02,2.485354198e-03
3.248238525e+02,8.203537203e-03
3.250374451e+02,8.203537203e-03
3.252510681e+02,2.036869293e-03
3.254646912e+02,7.194446516e-04
3.256783447e+02,1.291262917e-02
3.258919983e+02,9.661113843e-03
3.261056519e+02,4.867930431e-03
3.263193054e+02,2.289141994e-03
3.265329895e+02,1.013762876e-02
3.267466736e+02,-1.214646734e-03
3.269603882e+02,2.401263220e-03
3.271741028e+02,1.798611507e-02
3.273878174e+02,5.708839744e-03
3.276015625e+02,5.372476298e-03
3.278152771e+02,1.038990170e-02
3.280290527e+02,5.288385320e-03
3.282427979e+02,1.518308464e-02
3.284565735e+02,2.042475343e-02
3.286703796e+02,-6.596466526e-03
3.288841553e+02,4.335354548e-03
3.290979614e+02,-1.494949916e-03
3.293117981e+02,2.653535921e-03
3.295256042e+02,3.410354489e-03
3.297394409e+02,-1.074495260e-03
3.299533081e+02,-1.074495260e-03
3.301671448e+02,9.436870925e-03
3.303810425e+02,1.980808564e-03
3.305949097e+02,-4.578283988e-04
3.308088074e+02,4.055051599e-03
3.310227051e+02,7.082324941e-03
3.312366028e+02,5.036112387e-03
3.314505310e+02,1.661263034e-02
3.316644592e+02,7.194446400e-03
3.318784180e+02,2.092929790e-03
3.320923767e+02,1.013762876e-02
3.323063354e+02,8.876265027e-03
3.325202942e+02,2.261111746e-03
3.327342834e+02,1.016565878e-02
3.329482727e+02,1.081035659e-02
3.331622925e+02,9.605052881e-03
3.333763123e+02,2.387248166e-02
3.335903320e+02,-9.511618875e-03
3.338043823e+02,2.485354198e-03
3.340184326e+02,-2.083586296e-03
3.342324829e+02,-6.764648017e-03
3.344465332e+02,1.097853854e-02
3.346606140e+02,1.767778210e-02
3.348747253e+02,-3.260859521e-03
3.350888062e+02,9.577022865e-03
3.353029175e+02,6.465658080e-03
3.355170593e+02,3.186111804e-03
3.357311707e+02,4.279294051e-03
3.359453125e+02,-1.522980165e-03
3.361594849e+02,1.423005387e-02
3.363736572e+02,1.313687209e-02
3.365878296e+02,-4.886617418e-03
3.368020020e+02,-8.502527489e-04
3.370162048e+02,1.868687395e-04
3.372304077e+02,2.765657380e-03
3.374446106e+02,-2.391919727e-03
3.376588440e+02,-2.868435113e-03
3.378730774e+02,4.671718343e-04
3.380873413e+02,2.148990519e-03
3.383016052e+02,-3.457071492e-03
3.385158691e+02,2.020050958e-02
3.387301331e+02,-2.812374383e-03
3.389444275e+02,1.232399326e-02
3.391587524e+02,3.920505941e-02
3.393730469e+02,-6.035860162e-03
3.395873718e+02,8.960356005e-03
3.398016968e+02,-3.064647317e-03
3.400160522e+02,3.914900124e-03
3.402304077e+02,9.016416036e-03
3.404447632e+02,5.512627540e-04
3.406591492e+02,2.737626899e-03
3.408735352e+02,1.509899367e-02
3.410879211e+02,-3.737374573e-05
3.413023376e+02,1.608005539e-02
3.415167542e+02,1.008156780e-02
3.417311707e+02,1.083838637e-03
3.419456177e+02,-2.363889478e-03
3.421600647e+02,-3.513132222e-03
3.423745117e+02,3.746718168e-03
3.425889893e+02,-2.391919727e-03
3.428034668e+02,1.692096330e-02
3.430179443e+02,1.364141703e-03
3.432324524e+02,-7.885860279e-03
3.434469604e+02,6.241415627e-03
3.436614990e+02,1.055808365e-02
3.438760376e+02,1.355732698e-02
3.440905762e+02,7.110355422e-03
3.443051147e+02,4.111112095e-03
3.445196838e+02,-6.736618001e-03
3.447342529e+02,-7.381315227e-04
3.449488525e+02,2.233081264e-03
3.451634521e+02,3.746718168e-03
3.453780518e+02,1.700505498e-03
3.455926514e+02,-2.532071434e-03
3.458072815e+02,9.997477755e-04
3.460219116e+02,1.383762993e-02
3.462365723e+02,6.073233671e-03
3.464512329e+02,-1.214646763e-04
3.466658936e+02,-2.616162237e-04
3.468805847e+02,-6.736618001e-03
3.470952759e+02,-6.147981156e-03
3.473099670e+02,1.784596359e-03
3.475246887e+02,3.718687920e-03
3.477394104e+02,2.961869352e-03
3.479541321e+02,-3.737374791e-04
3.481688843e+02,7.026264444e-03
3.483836365e+02,-6.260102382e-04
3.485983887e+02,-8.474497125e-03
3.488131714e+02,1.924747950e-03
3.490279541e+02,3.186111804e-03
3.492427673e+02,1.195959933e-02
3.494575500e+02,6.353536737e-04
3.496723633e+02,1.111868955e-02
3.498872070e+02,9.212628938e-03
3.501020508e+02,2.233081264e-03
3.503168945e+02,9.941416793e-03
3.505317383e+02,1.195959863e-03
3.507466125e+02,4.167172592e-03
3.509614868e+02,-2.279798500e-03
3.511763916e+02,-2.363889478e-03
3.513912964e+02,5.820961203e-03
3.516062012e+02,-8.222224424e-04
3.518211060e+02,5.877021700e-03
3.520360413e+02,7.614900824e-03
3.522509766e+02,2.457323950e-03
3.524659424e+02,1.392172067e-03
3.526809082e+02,8.063386194e-03
3.528958740e+02,7.502779830e-03
3.531108704e+02,4.335354548e-03
3.533258667e+02,-7.381315227e-04
3.535408630e+02,1.223990228e-03
3.537558899e+02,-4.466162529e-03
3.539709167e+02,-6.428284571e-03
3.541859436e+02,4.447476007e-03
3.544010010e+02,-3.372980747e-03
3.546160583e+02,1.924747950e-03
3.548311157e+02,6.745961495e-03
3.550462036e+02,-1.915404573e-03
3.552612915e+02,3.886869643e-03
3.554763794e+02,-3.092677565e-03
3.556914978e+02,8.595961845e-04
3.559066162e+02,1.655657031e-02
3.561217651e+02,-3.176768369e-04
3.563368835e+02,2.036869293e-03
3.565520325e+02,-6.400254089e-03
3.567672119e+02,-1.380025595e-02
3.569823914e+02,-5.194950849e-03
3.571975708e+02,5.933082197e-03
3.574127502e+02,-1.214646734e-03
3.576279602e+02,1.030581072e-02
3.578431702e+02,-1.040858869e-02
3.580584106e+02,8.876264910e-04
3.582736511e+02,7.727022283e-03
3.584888916e+02,-4.101768602e-03
3.587041626e+02,2.709596592e-04
3.589194031e+02,3.774748417e-03
3.591347046e+02,-1.242677099e-03
3.593499756e+02,3.998991102e-03
3.595652771e+02,1.061414368e-02
3.597806091e+02,5.961112678e-03
3.599959106e+02,5.905052181e-03
3.602112427e+02,6.297476124e-03
3.604265747e+02,-1.060480066e-02
3.606419373e+02,2.261111746e-03
3.608572998e+02,1.532323658e-02
3.610726624e+02,-4.045708105e-03
3.612880554e+02,1.212778129e-02
3.615034485e+02,1.083838637e-03
3.617188416e+02,-5.699496251e-04
3.619342651e+02,3.998991102e-03
3.621496887e+02,-7.213132922e-03
3.623651428e+02,1.560353907e-03
3.625805664e+02,-9.231315926e-03
3.627960510e+02,4.363385029e-03
3.630115051e+02,1.403384190e-02
3.632269897e+02,-9.343436686e-04
3.634424744e+02,-3.737374573e-05
3.636579590e+02,9.380810894e-03
3.638734741e+02,5.792930606e-04
3.640889893e+02,1.229596231e-02
3.643045349e+02,-7.101012161e-04
3.645200806e+02,3.550506081e-04
3.647356262e+02,-1.326767961e-03
3.649511719e+02,-6.792678498e-03
3.651667480e+02,-1.915404573e-03
3.653823242e+02,2.681566402e-03
3.655979309e+02,1.184747741e-02
3.658135376e+02,-5.811617710e-03
3.660291443e+02,3.270202724e-04
3.662447815e+02,-7.409345359e-03
3.664604187e+02,6.213385612e-03
3.666760559e+02,1.055808365e-02
3.668917236e+02,-9.343436432e-06
3.671073914e+02,4.839900415e-03
3.673230591e+02,5.848991219e-03
3.675387268e+02,-7.549496833e-03
3.677544250e+02,-2.335859172e-04
3.679701538e+02,3.382324008e-03
3.681858826e+02,-8.278285153e-03
3.684016113e+02,4.027021118e-03
3.686173401e+02,4.980051890e-03
3.688330994e+02,9.941416793e-03
3.690488586e+02,-8.782830555e-04
3.692646179e+02,1.445429679e-02
3.694804077e+02,1.476262975e-02
3.696961975e+02,5.092172883e-03
3.699119873e+02,6.577779539e-03
3.701278076e+02,6.185355131e-03
3.703436279e+02,2.008838812e-03
3.705594788e+02,-2.616162237e-04
3.707752991e+02,8.904295042e-03
3.709911804e+02,1.336111408e-02
3.712070312e+02,3.270202724e-04
3.714229126e+02,-1.354798302e-02
3.716387939e+02,6.101264153e-03
3.718547058e+02,-2.560101682e-03
3.720706177e+02,-1.775252982e-03
3.722865295e+02,-1.021237671e-02
3.725024414e+02,-2.840404864e-03
3.727183838e+02,1.624823734e-02
3.729343262e+02,-2.363889478e-03
3.731502991e+02,9.717173874e-03
3.733662720e+02,-3.569192719e-03
3.735822449e+02,3.662627190e-03
3.737982483e+02,8.848235011e-03
3.740142517e+02,5.848991219e-03
3.742302551e+02,5.204294343e-03
3.744462891e+02,-1.438889303e-03
3.746623230e+02,2.821717877e-03
3.748783569e+02,-1.164192241e-02
3.750944214e+02,3.494445235e-03
3.753104858e+02,-3.008586587e-03
3.755265503e+02,1.103459857e-02
3.757426453e+02,5.288385320e-03
3.759587402e+02,7.474749145e-05
3.761748352e+02,4.055051599e-03
3.763909607e+02,1.588384272e-03
3.766070862e+02,9.016416036e-03
3.768232117e+02,6.073233671e-03
3.770393677e+02,3.662627190e-03
3.772555237e+02,1.083838660e-02
3.774717102e+02,-2.728283405e-03
3.776878662e+02,4.867930431e-03
3.779040833e+02,4.139142577e-03
3.781202698e+02,1.148308348e-02
3.783364868e+02,6.914143451e-04
3.785527039e+02,2.064899541e-03
3.787689514e+02,-1.124949753e-02
3.789851685e+02,1.282853819e-02
3.792014465e+02,5.232324358e-03
3.794176941e+02,3.270202782e-03
3.796339722e+02,1.083838637e-03
3.798502502e+02,2.597475424e-03
3.800665588e+02,-1.012828574e-02
3.802828674e+02,-4.690405447e-03
3.804991760e+02,6.213385612e-03
3.807154846e+02,9.156567976e-03
3.809318237e+02,4.839900415e-03
3.811481934e+02,1.156717446e-02
3.813645325e+02,6.017173175e-03
3.815809021e+02,1.117475051e-02
3.817973022e+02,5.736870226e-03
3.820136719e+02,4.447476007e-03
3.822300720e+02,9.352779947e-03
3.824465027e+02,3.494445235e-03
3.826629028e+02,1.296869013e-02
3.828793335e+02,1.375353895e-02
3.830957947e+02,1.027778024e-03
3.833122253e+02,1.195959863e-03
3.835286865e+02,-5.559344776e-03
3.837451782e+02,3.354293760e-03
3.839616394e+02,1.633232646e-02
3.841781616e+02,-6.260102382e-04
3.843946533e+02,5.792930606e-04
3.846111755e+02,8.203537203e-03
3.848276978e+02,-4.101768602e-03
3.850442200e+02,-1.214646734e-03
3.852607727e+02,1.086641662e-02
3.854773254e+02,1.069823466e-02
3.856939087e+02,-1.551010530e-03
3.859104614e+02,3.466414986e-03
3.861270752e+02,-4.774495959e-03
3.863436584e+02,1.476263045e-03
3.865602722e+02,-4.466162529e-03
3.867768860e+02,5.232324358e-03
3.869935303e+02,1.010959875e-02
3.872101746e+02,1.069823466e-02
3.874268188e+02,4.083081614e-03
3.876434631e+02,9.100507013e-03
3.878601379e+02,2.485354198e-03
3.880768127e+02,-1.494949829e-04
3.882935181e+02,1.378156897e-02
3.885102234e+02,-1.438889303e-03
3.887269287e+02,9.773234837e-03
3.889436646e+02,-3.597223200e-03
3.891604004e+02,9.156567976e-03
3.893771362e+02,3.130051307e-03
3.895939026e+02,-1.971465070e-03
3.898106689e+02,-5.755557213e-03
3.900274353e+02,4.111112095e-03
3.902442322e+02,3.886869643e-03
3.904610291e+02,3.438384738e-03
3.906778259e+02,1.139899250e-02
3.908946533e+02,-1.032449771e-02
3.911114807e+02,1.285656914e-02
3.913283081e+02,-2.504040953e-03
3.915451660e+02,-6.540405593e-05
3.917620239e+02,9.184597991e-03
3.919788818e+02,-1.635101391e-03
3.921957703e+02,1.669672132e-02
3.924126587e+02,-5.951769184e-03
3.926295776e+02,1.055808389e-03
3.928464661e+02,2.064899541e-03
3.930634155e+02,-1.438889280e-02
3.932803345e+02,5.596718751e-03
3.934972839e+02,6.605809554e-03
3.937142334e+02,7.951264270e-03
3.939311829e+02,6.633840036e-03
3.941481628e+02,-3.905556630e-03
3.943651428e+02,1.652853936e-02
3.945821533e+02,1.148308348e-02
3.947991638e+02,-3.036616836e-03
3.950161743e+02,-3.176768369e-04
3.952332153e+02,-2.279798500e-03
3.954502258e+02,8.567931131e-03
3.956672974e+02,-1.357601397e-02
3.958843384e+02,7.278537378e-03
3.961014099e+02,5.232324358e-03
3.963184814e+02,5.456566811e-03
3.965355835e+02,3.914900124e-03
3.967526855e+02,1.961187273e-02
3.969697876e+02,7.110355422e-03
3.971869202e+02,5.764900241e-03
3.974040527e+02,-2.588131931e-03
3.976211853e+02,9.941416793e-03
3.978383484e+02,8.035355713e-04
3.980555115e+02,6.493688561e-03
3.982726746e+02,8.708083071e-03
3.984898682e+02,7.474749582e-04
3.987070618e+02,1.905126683e-02
3.989242554e+02,8.876265027e-03
3.991414795e+02,7.418688852e-03
3.993587036e+02,6.129294634e-03
3.995759277e+02,1.041793171e-02
3.997931824e+02,4.559597000e-03
4.000104370e+02,1.801414602e-02
4.002276917e+02,1.055808365e-02
4.004449768e+02,4.447476007e-03
4.006622620e+02,-4.438132513e-03
4.008795776e+02,-4.690405447e-03
4.010968933e+02,-4.802526440e-03
4.013142090e+02,3.998991102e-03
4.015315247e+02,-1.010025479e-02
4.017488708e+02,1.165126543e-02
4.019662170e+02,4.671718460e-03
4.021835938e+02,4.559597000e-03
4.024009399e+02,8.063386194e-03
4.026183472e+02,6.914143451e-04
4.028357239e+02,-1.775252982e-03
4.030531311e+02,1.784596359e-03
4.032705383e+02,2.059293538e-02
4.034879761e+02,6.297476124e-03
4.037054138e+02,5.484597292e-03
4.039228516e+02,5.428536795e-03
4.041402893e+02,2.216263115e-02
4.043577576e+02,-4.213890061e-03
4.045752563e+02,-7.381315227e-04
4.047927246e+02,9.773234837e-03
4.050102234e+02,4.447476007e-03
4.052277222e+02,1.658459939e-02
4.054452515e+02,-9.623739752e-04
4.056627808e+02,5.652779248e-03
4.058803101e+02,4.615657963e-03
4.060978699e+02,-3.681313945e-03
4.063154297e+02,4.643687978e-03
4.065329895e+02,1.103459857e-02
4.067505798e+02,5.820961203e-03
4.069681702e+02,4.167172592e-03
4.071857605e+02,1.243611425e-02
4.074033813e+02,-7.857830264e-03
4.076210022e+02,8.595962077e-03
4.078386230e+02,-7.101012161e-04
4.080562744e+02,-1.214646734e-03
4.082739258e+02,1.341717504e-02
4.084915771e+02,4.475506023e-03
4.087092590e+02,1.053005271e-02
4.089269409e+02,4.055051599e-03
4.091446533e+02,-7.773739286e-03
4.093623352e+02,5.848991219e-03
4.095800781e+02,5.484597292e-03
4.097977905e+02,-3.176768543e-03
4.100155334e+02,6.409597583e-03
4.102332764e+02,-8.922982030e-03
4.104510193e+02,2.429293469e-03
4.106687927e+02,7.362627890e-03
4.108865662e+02,1.868687395e-04
4.111043701e+02,1.599596441e-02
4.113221741e+02,3.326263512e-03
4.115399780e+02,-1.270707417e-02
4.117577820e+02,8.063386194e-03
4.119756165e+02,1.588384184e-04
4.121934509e+02,-2.363889478e-03
4.124113159e+02,-3.709344426e-03
4.126291809e+02,8.876264910e-04
4.128470459e+02,-5.923738703e-03
4.130649414e+02,-5.279041827e-03
4.132828369e+02,2.933839103e-03
4.135007324e+02,1.137096249e-02
4.137186279e+02,5.120203365e-03
4.139365540e+02,1.417399384e-02
4.141545105e+02,-6.540405448e-04
4.143724365e+02,8.203537203e-03
4.145903931e+02,7.951264270e-03
4.148083801e+02,3.578536212e-03
4.150263367e+02,-1.158586144e-02
4.152443237e+02,6.914143451e-04
4.154623413e+02,-1.012828574e-02
4.156803284e+02,9.156567976e-03
4.158983459e+02,5.372476298e-03
4.161163940e+02,-2.896465303e-04
4.163344116e+02,8.483840153e-03
4.165524597e+02,1.453838777e-02
4.167705383e+02,1.868687337e-03
4.169885864e+02,1.041793171e-02
4.172066650e+02,9.717174107e-04
4.174247742e+02,-9.876012802e-03
4.176428833e+02,8.595961845e-04
4.178609924e+02,-4.045708105e-03
4.180791016e+02,-2.391919727e-03
4.182972412e+02,8.427780122e-03
4.185153809e+02,-7.661618292e-04
4.187335205e+02,-2.447980456e-03
4.189516907e+02,1.302475110e-02
4.191698608e+02,4.643687978e-03
4.193880615e+02,-6.652527023e-03
4.196062622e+02,3.942930140e-03
4.198244629e+02,1.083838660e-02
4.200426636e+02,-1.803283230e-03
4.202608948e+02,2.151793428e-02
4.204791260e+02,1.120278053e-02
4.206973877e+02,1.254823525e-02
4.209156494e+02,-8.082073182e-03
4.211339111e+02,1.139899250e-03
4.213521729e+02,6.689900532e-03
4.215704651e+02,4.811869934e-03
4.217887573e+02,3.606566461e-03
4.220070801e+02,-6.091920659e-03
4.222254028e+02,2.123763226e-02
4.224437256e+02,3.550506081e-04
4.226620789e+02,4.111112095e-03
4.228804321e+02,2.289141994e-03
4.230987854e+02,7.558840327e-03
4.233171692e+02,-1.298737712e-03
4.235355225e+02,1.616414636e-02
4.237539368e+02,9.941416793e-03
4.239723206e+02,6.942173466e-03
4.241907349e+02,1.299672015e-02
4.244091797e+02,4.811869934e-03
4.246275940e+02,8.595962077e-03
4.248460388e+02,2.541414695e-03
4.250645142e+02,2.457323950e-03
4.252829590e+02,2.709596592e-04
4.255014343e+02,4.111112095e-03
4.257199402e+02,1.083838637e-03
4.259384155e+02,1.476263045e-03
4.261569214e+02,8.623992093e-03
4.263754578e+02,9.717173874e-03
4.265939941e+02,1.764975116e-02
4.268125305e+02,-2.055556106e-04
4.270310669e+02,7.194446400e-03
4.272496338e+02,8.764144033e-03
4.274682007e+02,2.112551033e-02
4.276867676e+02,8.988386020e-03
4.279053650e+02,1.019368973e-02
4.281239624e+02,-3.316920018e-03
4.283425903e+02,5.316415336e-03
4.285611877e+02,4.335354548e-03
4.287798157e+02,1.033384074e-02
4.289984741e+02,5.344445817e-03
4.292171326e+02,1.148308348e-02
4.294357910e+02,1.229596231e-02
4.296544495e+02,-5.979799666e-03
4.298731384e+02,1.633232646e-02
4.300918274e+02,3.662627190e-03
4.303105469e+02,5.989143159e-03
4.305292664e+02,-3.204798792e-03
4.307479858e+02,1.532323658e-02
4.309667053e+02,-7.297223900e-03
4.311854553e+02,5.624748766e-03
4.314042358e+02,-3.008586587e-03
4.316229858e+02,5.512627773e-03
4.318417664e+02,8.063386194e-03
4.320605469e+02,1.812626724e-03
4.322793579e+02,4.980051890e-03
4.324981689e+02,5.288385320e-03
4.327169800e+02,3.242172534e-03
4.329358215e+02,9.520961903e-03
4.331546631e+02,-5.979799316e-04
4.333735046e+02,1.512702368e-02
4.335923462e+02,1.078232564e-02
4.338112183e+02,6.689900532e-03
4.340301208e+02,1.249217521e-02
4.342489929e+02,-4.494193010e-03
4.344678955e+02,1.159520540e-02
4.346868286e+02,1.924747950e-03
4.349057312e+02,1.252020523e-02
4.351246643e+02,1.308081113e-02
4.353436279e+02,9.717173874e-03
4.355625610e+02,2.757248096e-02
4.357815247e+02,8.932325058e-03
4.360005188e+02,5.036112387e-03
4.362194824e+02,1.364141796e-02
4.364384766e+02,8.876265027e-03
4.366575012e+02,1.072626561e-02
4.368765259e+02,1.294066012e-02
4.370955505e+02,3.270202782e-03
4.373145752e+02,1.044596266e-02
4.375336304e+02,8.792174049e-03
4.377526855e+02,-4.578283988e-04
4.379717407e+02,1.703308523e-02
4.381908264e+02,4.027021118e-03
4.384099121e+02,1.299672015e-02
4.386290283e+02,4.027021118e-03
4.388481140e+02,6.858082488e-03
4.390672607e+02,9.577022865e-03
4.392863770e+02,3.606566461e-03
4.395055237e+02,-3.877526149e-03
4.397246704e+02,4.980051890e-03
4.399438171e+02,7.530809846e-03
4.401629944e+02,6.970203947e-03
4.403821716e+02,3.522475716e-03
4.406013794e+02,1.608005539e-02
4.408205872e+02,2.289141994e-03
4.410397949e+02,1.442626584e-02
4.412590332e+02,1.305278111e-02
4.414782410e+02,5.764900241e-03
4.416975098e+02,6.577779539e-03
4.419167480e+02,9.464900941e-03
4.421360168e+02,1.313687209e-02
4.423552856e+02,1.863081194e-02
4.425745850e+02,2.373232972e-03
4.427938843e+02,7.558840327e-03
4.430131836e+02,3.942930140e-03
4.432325134e+02,6.661870517e-03
4.434518433e+02,2.849748125e-03
4.436711731e+02,1.106262952e-02
4.438905029e+02,-1.181010436e-02
4.441098633e+02,-2.251768252e-03
4.443292542e+02,1.308081113e-02
4.445486145e+02,1.139899250e-03
4.447680054e+02,4.867930431e-03
4.449874268e+02,5.484597292e-03
4.452068176e+02,7.867173292e-03
4.454262390e+02,1.714520715e-02
4.456456909e+02,1.414596289e-02
4.458651123e+02,2.022854052e-02
4.460845642e+02,1.341717504e-02
4.463040466e+02,1.930353977e-02
4.465234985e+02,2.827323973e-02
4.467429810e+02,1.523914561e-02
4.469624939e+02,8.932325058e-03
4.471819763e+02,2.737626899e-03
4.474014893e+02,-1.607071143e-03
4.476210327e+02,1.103459857e-02
4.478405457e+02,7.755052298e-03
4.480601196e+02,-3.961617127e-03
4.482796631e+02,1.330505405e-02
4.484992371e+02,-3.933586646e-03
4.487188110e+02,-4.746465944e-03
4.489383850e+02,8.203537203e-03
4.491579895e+02,2.569445036e-02
4.493775940e+02,1.879899390e-02
4.495972290e+02,1.599596441e-02
4.498168335e+02,1.874293387e-02
4.500364685e+02,8.988386020e-03
4.502561340e+02,1.728535816e-02
4.504757996e+02,1.537929662e-02
4.506954651e+02,1.280050818e-02
4.509151306e+02,1.142702345e-02
4.511348267e+02,1.324899308e-02
4.513545227e+02,-3.232829040e-03
4.515742493e+02,8.539901115e-03
4.517939758e+02,4.363385029e-03
4.520137024e+02,1.038990170e-02
4.522334290e+02,1.240808424e-02
4.524531860e+02,8.315659128e-03
4.526729431e+02,5.624748766e-03
4.528927307e+02,8.623992093e-03
4.531125183e+02,1.291262917e-02
4.533323059e+02,2.401263220e-03
4.535521240e+02,8.652022108e-03
4.537719421e+02,3.270202782e-03
4.539917603e+02,7.138385437e-03
4.542115784e+02,1.835050993e-02
4.544314270e+02,8.315659128e-03
4.546513062e+02,4.055051599e-03
4.548711548e+02,1.400581188e-02
4.550910339e+02,1.686490327e-02
4.553109131e+02,-2.840404864e-03
4.555308228e+02,9.577022865e-03
4.557507324e+02,1.027778070e-02
4.559706421e+02,6.241415627e-03
4.561905823e+02,-2.223738004e-03
4.564105225e+02,5.905052181e-03
4.566304626e+02,1.728535746e-03
4.568504333e+02,1.319293305e-02
4.570704041e+02,9.380810894e-03
4.572903748e+02,1.868687286e-05
4.575103760e+02,-9.343436977e-05
4.577303772e+02,1.232399326e-02
4.579503784e+02,2.036869293e-03
4.581704102e+02,6.998233963e-03
4.583904419e+02,1.111868955e-02
4.586104736e+02,6.185355131e-03
4.588305359e+02,1.139899250e-03
4.590505981e+02,7.727022283e-03
4.592706604e+02,9.268688969e-03
4.594907532e+02,4.643687978e-03
4.597108459e+02,2.555429935e-02
4.599309692e+02,7.530809846e-03
4.601510620e+02,1.694899425e-02
4.603711853e+02,9.548991919e-03
4.605913391e+02,1.322096307e-02
4.608114929e+02,1.215581130e-02
4.610316467e+02,6.101264153e-03
4.612518005e+02,1.148308348e-02
4.614719849e+02,2.961869352e-03
4.616921692e+02,-2.728283405e-03
4.619123535e+02,1.195959863e-03
4.621325684e+02,8.848235011e-03
4.623527832e+02,-7.381315227e-04
4.625730286e+02,9.941416793e-03
4.627932739e+02,1.097853854e-02
4.630135193e+02,2.353611775e-02
4.632337646e+02,9.605052881e-03
4.634540405e+02,1.473459974e-02
4.636743164e+02,9.436870925e-03
4.638946228e+02,7.334597874e-03
4.641149292e+02,9.941416793e-03
4.643352356e+02,8.035355713e-04
4.645555420e+02,9.829295799e-03
4.647758789e+02,5.540657789e-03
4.649962158e+02,-4.858587054e-04
4.652165833e+02,-2.980556339e-03
4.654369507e+02,1.008156780e-02
4.656573181e+02,-5.222981330e-03
4.658777161e+02,9.857325815e-03
4.660980835e+02,6.297476124e-03
4.663185120e+02,1.739747822e-02
4.665389099e+02,-3.709344426e-03
4.667593384e+02,1.327702310e-02
4.669797668e+02,2.177020721e-02
4.672002258e+02,1.526717562e-02
4.674206848e+02,9.436870925e-03
4.676411438e+02,4.307324532e-03
4.678616333e+02,3.214142285e-03
4.680821228e+02,5.624748766e-03
4.683026123e+02,4.251263570e-03
4.685231323e+02,1.010959875e-02
4.687436523e+02,1.268838719e-02
4.689641724e+02,4.419445526e-03
4.691847229e+02,1.423005387e-02
4.694052734e+02,1.338914502e-02
4.696258240e+02,3.242172534e-03
4.698464050e+02,1.969596371e-02
4.700669861e+02,4.027021118e-03
4.702875671e+02,1.195959933e-02
4.705081787e+02,-2.952526091e-03
4.707287903e+02,9.913386777e-03
4.709494019e+02,1.764975116e-02
4.711700439e+02,2.541414835e-02
4.713906860e+02,1.027778024e-03
4.716113281e+02,1.465050876e-02
4.718320007e+02,1.571566053e-02
4.720526733e+02,1.139899250e-02
4.722733459e+02,1.543535758e-02
4.724940491e+02,1.745354012e-02
4.727147522e+02,1.089444757e-02
4.729354553e+02,1.689293422e-02
4.731561890e+02,2.213460207e-02
4.733769226e+02,5.820961203e-03
4.735976868e+02,9.885355830e-03
4.738184204e+02,-5.699496251e-04
4.740391846e+02,1.742550917e-02
4.742599792e+02,2.261111746e-03
4.744807739e+02,6.858082488e-03
4.747015686e+02,3.830809146e-03
4.749223633e+02,1.193156838e-02
4.751431885e+02,5.708839744e-03
4.753640137e+02,8.119446225e-03
4.755848694e+02,1.156717446e-02
4.758056946e+02,1.608005539e-02
4.760265503e+02,3.466414986e-03
4.762474365e+02,2.076111548e-02
4.764683228e+02,1.123081055e-02
4.766892090e+02,1.501490269e-02
4.769100952e+02,7.614900824e-03
4.771310120e+02,9.156567976e-03
4.773519287e+02,1.540732756e-02
4.775728760e+02,5.148233846e-03
4.777938232e+02,6.073233671e-03
4.780147705e+02,9.661113843e-03
4.782357178e+02,4.391415045e-03
4.784566956e+02,1.072626561e-02
4.786777039e+02,1.787399501e-02
4.788986816e+02,9.633082896e-03
4.791196899e+02,1.554747857e-02
4.793406982e+02,1.280050818e-02
4.795617371e+02,1.123081055e-02
4.797827759e+02,1.097853854e-02
4.800038147e+02,6.942173466e-03
4.802248535e+02,3.214142285e-03
4.804459229e+02,1.551944856e-02
4.806670227e+02,1.986414567e-02
4.808880920e+02,2.765657380e-03
4.811091919e+02,1.891111583e-02
4.813302917e+02,1.036187168e-02
4.815514221e+02,1.369747799e-02
4.817725525e+02,1.221187133e-02
4.819936829e+02,9.605052881e-03
4.822148438e+02,1.072626561e-02
4.824360046e+02,1.022171974e-02
4.826571655e+02,9.773234837e-03
4.828783569e+02,1.397778094e-02
4.830995483e+02,1.512702368e-02
4.833207397e+02,4.083081614e-03
4.835419617e+02,1.467853878e-02
4.837631836e+02,5.400506314e-03
4.839844055e+02,2.300354093e-02
4.842056580e+02,1.532323658e-02
4.844269104e+02,3.191718087e-02
4.846481628e+02,2.042475343e-02
4.848694458e+02,4.895960912e-03
4.850907288e+02,1.944369264e-02
4.853120117e+02,1.675278135e-02
4.855333252e+02,4.251263570e-03
4.857546387e+02,8.988386020e-03
4.859759521e+02,1.207172032e-02
4.861972961e+02,-2.644192660e-03
4.864186401e+02,1.221187133e-02
4.866399841e+02,1.078232564e-02
4.868613586e+02,6.773991510e-03
4.870827332e+02,1.235202327e-02
4.873041077e+02,1.840656996e-02
4.875255127e+02,1.106262952e-02
4.877469177e+02,1.857475191e-02
4.879683228e+02,8.287628181e-03
4.881897583e+02,1.753763109e-02
4.884111938e+02,1.083838637e-03
4.886326599e+02,1.215581130e-02
4.888540955e+02,2.221869305e-02
4.890755615e+02,1.341717504e-02
4.892970581e+02,1.865884289e-02
4.895185547e+02,1.148308348e-02
4.897400513e+02,1.571566053e-02
4.899615479e+02,2.771263383e-02
4.901830750e+02,2.084520645e-02
4.904046021e+02,2.210657112e-02
4.906261597e+02,1.526717562e-02
4.908476868e+02,2.126566134e-02
4.910692749e+02,1.571566053e-02
4.912908325e+02,2.547020838e-02
4.915124207e+02,1.759369113e-02
4.917340088e+02,6.942173466e-03
4.919555969e+02,2.182626724e-02
4.921772156e+02,1.734141819e-02
4.923988342e+02,9.268688969e-03
4.926204834e+02,1.851869188e-02
4.928421326e+02,2.056490444e-02
4.930637817e+02,1.445429679e-02
4.932854309e+02,2.712399699e-02
4.935071106e+02,1.235202327e-02
4.937287903e+02,1.069823466e-02
4.939505005e+02,3.382324008e-03
4.941722107e+02,1.156717446e-02
4.943939209e+02,2.561035939e-02
4.946156616e+02,1.201565936e-02
4.948373718e+02,2.339596488e-02
4.950591431e+02,1.986414567e-02
4.952808838e+02,1.753763109e-02
4.955026550e+02,2.247096598e-02
4.957244263e+02,1.027778070e-02
4.959462280e+02,2.126566134e-02
4.961680298e+02,1.843460090e-02
4.963898315e+02,8.511871099e-03
4.966116638e+02,1.473459974e-02
4.968334961e+02,4.559597000e-03
4.970553284e+02,2.418081462e-02
4.972771606e+02,1.540732756e-02
4.974990234e+02,1.697702520e-02
4.977209167e+02,1.675278135e-02
4.979427795e+02,1.106262952e-02
4.981646729e+02,2.474142052e-02
4.983865662e+02,1.966793463e-02
4.986084900e+02,2.656339109e-02
4.988304138e+02,1.425808482e-02
4.990523376e+02,1.336111408e-02
4.992742920e+02,1.748156920e-02
4.994962463e+02,1.613611542e-02
4.997182007e+02,1.521111466e-02
4.999401855e+02,1.263232622e-02
5.001621704e+02,1.451035682e-02
5.003841553e+02,1.308081113e-02
5.006061707e+02,2.462929860e-02
5.008281860e+02,4.952021409e-03
5.010502014e+02,1.434217580e-02
5.012722473e+02,2.325581387e-02
5.014942932e+02,2.078914642e-02
5.017163391e+02,1.456641778e-02
5.019384155e+02,2.614293620e-02
5.021604919e+02,2.073308639e-02
5.023825684e+02,2.177020721e-02
5.026046753e+02,2.390051074e-02
5.028267822e+02,2.415278368e-02
5.030488892e+02,2.207854018e-02
5.032710266e+02,9.212628938e-03
5.034931641e+02,5.540657789e-03
5.037153015e+02,1.509899367e-02
5.039374695e+02,1.770581305e-02
5.041596375e+02,1.907929778e-02
5.043818054e+02,1.369747799e-02
5.046040039e+02,7.474749349e-03
5.048262024e+02,6.942173466e-03
5.050484314e+02,2.443308756e-02
5.052706299e+02,1.916338876e-02
5.054928589e+02,3.270202875e-02
5.057151184e+02,2.734823897e-02
5.059373779e+02,2.530202642e-02
5.061596375e+02,1.641641743e-02
5.063818970e+02,3.749521077e-02
5.066041870e+02,1.044596266e-02
5.068264771e+02,1.933157071e-02
5.070487671e+02,7.418688852e-03
5.072710876e+02,2.314369194e-02
5.074934082e+02,2.434899658e-02
5.077157593e+02,6.998233963e-03
5.079380798e+02,2.605884522e-02
5.081604614e+02,1.308081113e-02
5.083828125e+02,2.148990519e-02
5.086051941e+02,1.145505346e-02
5.088275757e+02,2.165808715e-02
5.090499573e+02,1.067020465e-02
5.092723694e+02,2.569445036e-02
5.094947815e+02,3.466414986e-03
5.097172241e+02,1.860278286e-02
5.099396667e+02,1.280050818e-02
5.101621094e+02,8.175507188e-03
5.103845520e+02,2.429293469e-02
5.106070251e+02,1.495884173e-02
5.108294983e+02,2.317172289e-02
5.110520020e+02,8.960356005e-03
5.112745056e+02,2.168611623e-02
5.114970093e+02,1.840656996e-02
5.117195129e+02,1.823838800e-02
5.119420471e+02,1.442626584e-02
5.121646118e+02,1.532323658e-02
5.123871460e+02,7.783082779e-03
5.126096802e+02,1.280050818e-02
5.128322754e+02,9.100507013e-03
5.130548706e+02,1.972399466e-02
5.132774658e+02,1.585581154e-02
5.135000610e+02,1.686490327e-02
5.137226562e+02,9.016416036e-03
5.139452515e+02,1.389368996e-02
5.141679077e+02,2.165808715e-02
5.143905640e+02,1.030581072e-02
5.146132202e+02,1.764975116e-02
5.148358765e+02,1.120278053e-02
5.150585327e+02,1.397778094e-02
5.152812500e+02,2.294748090e-02
5.155039062e+02,1.308081090e-03
5.157266235e+02,1.647247933e-02
5.159493408e+02,2.048081346e-02
5.161720581e+02,2.109747939e-02
5.163947754e+02,1.666869037e-02
5.166175537e+02,8.539901115e-03
5.168402710e+02,7.474749349e-03
5.170630493e+02,1.050202269e-02
5.172858276e+02,2.729217894e-02
5.175086060e+02,2.017248049e-02
5.177314453e+02,1.195959933e-02
5.179542236e+02,1.801414602e-02
5.181770630e+02,1.823838800e-02
5.183999023e+02,2.387248166e-02
5.186227417e+02,1.882702485e-02
5.188455811e+02,6.353537086e-03
5.190684204e+02,1.801414602e-02
5.192912598e+02,2.544217743e-02
5.195141602e+02,2.202248015e-02
5.197370605e+02,2.493763342e-02
5.199599609e+02,-7.101012161e-04
5.201828613e+02,1.190353837e-02
5.204057617e+02,1.434217580e-02
5.206287231e+02,1.697702520e-02
5.208516235e+02,1.330505405e-02
5.210745850e+02,1.075429562e-02
5.212975464e+02,4.111112095e-03
5.215205078e+02,1.986414567e-02
5.217435303e+02,1.930353977e-02
5.219664917e+02,1.420202386e-02
5.221895142e+02,9.801264852e-03
5.224125366e+02,2.017248049e-02
5.226355591e+02,9.829295799e-03
5.228585815e+02,1.437020581e-02
5.230816040e+02,7.362627890e-03
5.233046875e+02,1.145505346e-02
5.235277100e+02,2.709596604e-02
5.237507935e+02,1.689293422e-02
5.239738770e+02,1.602399349e-02
5.241969604e+02,1.473459974e-02
5.244201050e+02,9.016416036e-03
5.246431885e+02,1.734141819e-02
5.248663330e+02,1.935960166e-02
5.250894775e+02,8.399749175e-03
5.253126221e+02,1.986414567e-02
5.255357666e+02,2.333990484e-02
5.257589111e+02,6.605809554e-03
5.259821167e+02,2.151793428e-02
5.262053223e+02,1.473459974e-02
5.264285278e+02,1.537929662e-02
5.266517334e+02,2.701187506e-02
5.268749390e+02,1.058611367e-02
5.270981445e+02,2.931036055e-02
5.273214111e+02,2.062096447e-02
5.275446167e+02,2.045278251e-02
5.277678833e+02,1.442626584e-02
5.279911499e+02,3.631793708e-02
5.282144165e+02,2.317172289e-02
5.284377441e+02,1.100656856e-02
5.286610107e+02,8.623992093e-03
5.288843384e+02,1.678081229e-02
5.291076660e+02,2.098535933e-02
5.293309937e+02,9.156567976e-03
5.295543213e+02,1.975202560e-02
5.297777100e+02,1.790202409e-02
5.300010376e+02,1.235202327e-02
5.302244263e+02,1.123081055e-02
5.304478149e+02,1.736944914e-02
5.306712036e+02,1.666869037e-02
5.308945923e+02,1.633232646e-02
5.311179810e+02,1.913535781e-02
5.313414307e+02,1.417399384e-02
5.315648804e+02,8.399749175e-03
5.317883301e+02,1.868687384e-02
5.320117798e+02,1.221187133e-02
5.322352295e+02,2.219066210e-02
5.324586792e+02,1.762172207e-02
5.326821899e+02,2.633914724e-02
5.329057007e+02,1.616414636e-02
5.331291504e+02,2.014444955e-02
5.333527222e+02,1.636035740e-02
5.335762329e+02,2.392854169e-02
5.337997437e+02,1.829444990e-02
5.340233154e+02,1.111868955e-02
5.342468262e+02,1.448232681e-02
5.344703979e+02,1.375353895e-02
5.346939697e+02,1.156717446e-02
5.349176025e+02,1.700505428e-02
5.351411743e+02,1.479066070e-02
5.353648071e+02,1.257626619e-02
5.355883789e+02,1.451035682e-02
5.358120117e+02,1.473459974e-02
5.360356445e+02,9.016416036e-03
5.362593384e+02,1.453838777e-02
5.364829712e+02,1.117475051e-02
5.367066650e+02,1.916338876e-02
5.369302979e+02,1.263232622e-02
5.371539917e+02,1.952778362e-02
5.373776855e+02,2.098535933e-02
5.376014404e+02,1.431414485e-02
5.378251343e+02,1.787399501e-02
5.380488892e+02,2.210657112e-02
5.382726440e+02,3.337475657e-02
5.384963379e+02,1.434217580e-02
5.387201538e+02,1.173535641e-02
5.389439087e+02,2.667551115e-02
5.391676636e+02,1.891111583e-02
5.393914795e+02,3.755127266e-02
5.396152954e+02,1.624823734e-02
5.398391113e+02,1.784596359e-03
5.400629272e+02,1.479066070e-02
5.402867432e+02,3.348687664e-02
5.405105591e+02,1.162323542e-02
5.407344360e+02,1.179141738e-02
5.409583130e+02,2.305960096e-02
5.411821899e+02,1.507096365e-02
5.414060669e+02,1.694899425e-02
5.416299438e+02,1.431414485e-02
5.418538818e+02,4.980051890e-03
5.420777588e+02,1.680884324e-02
5.423016968e+02,9.044446982e-03
5.425256348e+02,1.846263185e-02
5.427495728e+02,9.661113843e-03
5.429735107e+02,2.182626724e-02
5.431975098e+02,5.848991219e-03
5.434214478e+02,1.683687232e-02
5.436454468e+02,1.641641743e-02
5.438694458e+02,1.837854087e-02
5.440934448e+02,1.120278053e-02
5.443174438e+02,1.941566169e-02
5.445415039e+02,1.515505463e-02
5.447655640e+02,3.390733153e-02
5.449895630e+02,1.218384132e-02
5.452136230e+02,1.336111408e-02
5.454376831e+02,1.554747857e-02
5.456618042e+02,3.491642326e-02
5.458858643e+02,1.731338911e-02
5.461099854e+02,1.849066094e-02
5.463341064e+02,9.548991919e-03
5.465582275e+02,1.877096482e-02
5.467823486e+02,1.697702520e-02
5.470064697e+02,1.966793463e-02
5.472306519e+02,1.762172207e-02
5.474547729e+02,1.263232622e-02
5.476789551e+02,1.720126718e-02
5.479031372e+02,1.941566169e-02
5.481273193e+02,2.356414683e-02
5.483515015e+02,6.325506605e-03
5.485757446e+02,1.593990251e-02
5.487999878e+02,3.031945229e-02
5.490241699e+02,1.706111617e-02
5.492484131e+02,1.375353895e-02
5.494726562e+02,1.921944879e-02
5.496969604e+02,2.157399617e-02
5.499212036e+02,2.134975232e-02
5.501455078e+02,1.181944739e-02
5.503698120e+02,1.470656972e-02
5.505941162e+02,3.267399967e-02
5.508184204e+02,1.201565936e-02
5.510427246e+02,9.661113843e-03
5.512670898e+02,1.613611542e-02
5.514913940e+02,2.600278519e-02
5.517157593e+02,1.235202327e-02
5.519401245e+02,2.569445036e-02
5.521644897e+02,1.425808482e-02
5.523889160e+02,2.446111664e-02
5.526132812e+02,2.129369229e-02
5.528377075e+02,1.818232797e-02
5.530621338e+02,1.849066094e-02
5.532865601e+02,2.123763226e-02
5.535109863e+02,2.401263267e-02
5.537354126e+02,1.947172172e-02
5.539598999e+02,2.695581503e-02
5.541843262e+02,2.132172324e-02
5.544088135e+02,2.401263267e-02
5.546333008e+02,2.406869270e-02
5.548577881e+02,2.880581468e-02
5.550823364e+02,1.983611658e-02
5.553068237e+02,1.989217661e-02
5.555313721e+02,2.174217813e-02
5.557559204e+02,7.839143276e-03
5.559804688e+02,1.899520680e-02
5.562050171e+02,2.874975465e-02
5.564295654e+02,2.078914642e-02
5.566541748e+02,3.592551500e-02
5.568787231e+02,2.813308872e-02
5.571033325e+02,2.073308639e-02
5.573279419e+02,3.214142099e-02
5.575525513e+02,3.029142134e-02
5.577772217e+02,3.598157316e-02
5.580018311e+02,3.144066408e-02
5.582265015e+02,1.778990403e-02
5.584511719e+02,3.219748288e-02
5.586758423e+02,2.376035973e-02
5.589005127e+02,2.975884639e-02
5.591251831e+02,4.324142635e-02
5.593499146e+02,4.027021304e-02
5.595745850e+02,3.132854402e-02
5.597993164e+02,2.816111781e-02
5.600240479e+02,3.502854332e-02
5.602488403e+02,2.530202642e-02
5.604735718e+02,2.785278484e-02
5.606983032e+02,2.516187541e-02
5.609230957e+02,3.295430169e-02
5.611478882e+02,2.992702834e-02
5.613726807e+02,3.211339191e-02
5.615974731e+02,3.657021001e-02
5.618223267e+02,4.276490957e-02
5.620471191e+02,3.886869550e-02
5.622719727e+02,4.133536294e-02
5.624968262e+02,3.466415033e-02
5.627216797e+02,4.214824364e-02
5.629465332e+02,3.830809146e-02
5.631713867e+02,4.422248527e-02
5.633963013e+02,4.368991032e-02
5.636211548e+02,4.918384925e-02
5.638460693e+02,6.081642956e-02
5.640709839e+02,5.521036685e-02
5.642958984e+02,5.658385158e-02
5.645208740e+02,5.201491341e-02
5.647457886e+02,5.159445852e-02
5.649707642e+02,4.890354723e-02
5.651957397e+02,5.277173221e-02
5.654207153e+02,4.256869853e-02
5.656456909e+02,5.159445852e-02
5.658707275e+02,5.089369789e-02
5.660957031e+02,4.895960912e-02
5.663207397e+02,4.932400212e-02
5.665457764e+02,6.011567265e-02
5.667708130e+02,5.944294482e-02
5.669958496e+02,6.546945870e-02
5.672208862e+02,5.459370092e-02
5.674459839e+02,6.555355340e-02
5.676710205e+02,6.552552432e-02
5.678961182e+02,7.158006728e-02
5.681212158e+02,7.410279661e-02
5.683463745e+02,6.516112387e-02
5.685714722e+02,7.415885478e-02
5.687966309e+02,7.522401214e-02
5.690217285e+02,7.099143416e-02
5.692468872e+02,7.079522312e-02
5.694720459e+02,7.497173548e-02
5.696972046e+02,7.547628134e-02
5.699224243e+02,9.108916670e-02
5.701475830e+02,8.032552898e-02
5.703728027e+02,8.985582739e-02
5.705980225e+02,1.003391668e-01
5.708232422e+02,9.602250159e-02
5.710484619e+02,8.576340228e-02
5.712736816e+02,9.798461944e-02
5.714989624e+02,9.473310411e-02
5.717242432e+02,9.249068052e-02
5.719495239e+02,1.019929573e-01
5.721748047e+02,1.119717434e-01
5.724000854e+02,1.099815965e-01
5.726253662e+02,1.036747769e-01
5.728507080e+02,1.138217449e-01
5.730760498e+02,1.148028076e-01
5.733013306e+02,1.171293259e-01
5.735266724e+02,1.215020493e-01
5.737520752e+02,1.280331165e-01
5.739774170e+02,1.308922023e-01
5.742028198e+02,1.392172128e-01
5.744281616e+02,1.489997804e-01
5.746535645e+02,1.293505430e-01
5.748789673e+02,1.454679668e-01
5.751043701e+02,1.410111487e-01
5.753298340e+02,1.261550784e-01
5.755552368e+02,1.385444850e-01
5.757807007e+02,1.551944762e-01
5.760061646e+02,1.656497866e-01
5.762316284e+02,1.477103978e-01
5.764570923e+02,1.637437344e-01
5.766826172e+02,1.566800922e-01
5.769080811e+02,1.578573585e-01
5.771336060e+02,1.622020602e-01
5.773591309e+02,1.816550940e-01
5.775846558e+02,1.708914638e-01
5.778101807e+02,1.794967651e-01
5.780357666e+02,1.848225147e-01
5.782612915e+02,1.812066138e-01
5.784868774e+02,1.852990389e-01
5.787124634e+02,1.873452514e-01
5.789380493e+02,1.890551001e-01
5.791636353e+02,1.973800957e-01
5.793892212e+02,2.094051093e-01
5.796148682e+02,2.097414732e-01
5.798405151e+02,1.922505498e-01
5.800661621e+02,1.989217699e-01
5.802918091e+02,2.029581368e-01
5.805174561e+02,2.098816186e-01
5.807431030e+02,2.190755606e-01
5.809688110e+02,2.198323756e-01
5.811944580e+02,2.052285820e-01
5.814201660e+02,2.206172347e-01
5.816458740e+02,2.263354063e-01
5.818716431e+02,2.254384458e-01
5.820973511e+02,2.354732901e-01
5.823231201e+02,2.300634384e-01
5.825488281e+02,2.387808710e-01
5.827745972e+02,2.277929932e-01
5.830003662e+02,2.412755638e-01
5.832261963e+02,2.437141985e-01
5.834519653e+02,2.444710284e-01
5.836777344e+02,2.483952641e-01
5.839035645e+02,2.376035899e-01
5.841293945e+02,2.632793486e-01
5.843552246e+02,2.342679948e-01
5.845810547e+02,2.517028451e-01
5.848069458e+02,2.585141957e-01
5.850327759e+02,2.559354305e-01
5.852586670e+02,2.634475529e-01
5.854845581e+02,2.503293455e-01
5.857104492e+02,2.624104321e-01
5.859363403e+02,2.787520885e-01
5.861622925e+02,2.734823823e-01
5.863881836e+02,2.579816282e-01
5.866141357e+02,2.582899630e-01
5.868400879e+02,2.737066448e-01
5.870660400e+02,2.734823823e-01
5.872919922e+02,2.693058848e-01
5.875180054e+02,2.700066268e-01
5.877439575e+02,2.685210407e-01
5.879699707e+02,2.837695181e-01
5.881959839e+02,2.779952586e-01
5.884219971e+02,2.831528485e-01
5.886480103e+02,2.724733055e-01
5.888740234e+02,2.954861820e-01
5.891000977e+02,2.786399722e-01
5.893261719e+02,2.979808748e-01
5.895522461e+02,2.806020975e-01
5.897783203e+02,2.896839082e-01
5.900043945e+02,2.867407203e-01
5.902304688e+02,2.961028516e-01
5.904566040e+02,2.759210169e-01
5.906827393e+02,2.894596756e-01
5.909088135e+02,2.924308777e-01
5.911350098e+02,2.920664847e-01
5.913611450e+02,2.972240746e-01
5.915872803e+02,2.961308956e-01
5.918134766e+02,2.955982983e-01
5.920396118e+02,2.843581438e-01
5.922658081e+02,2.895717919e-01
5.924920044e+02,3.020732999e-01
5.927182617e+02,2.947573960e-01
5.929444580e+02,2.966354191e-01
5.931707153e+02,2.971399724e-01
5.933969116e+02,3.063899875e-01
5.936231689e+02,3.033346832e-01
5.938494263e+02,2.892634571e-01
5.940757446e+02,2.915899754e-01
5.943020020e+02,2.930475473e-01
5.945282593e+02,3.106505871e-01
5.947545776e+02,3.093051314e-01
5.949808960e+02,2.900763452e-01
5.952072144e+02,2.990179956e-01
5.954335327e+02,2.906089127e-01
5.956599121e+02,2.915899754e-01
5.958862305e+02,3.036990762e-01
5.961126099e+02,2.980089188e-01
5.963389893e+02,2.953460217e-01
5.965653687e+02,3.049323857e-01
5.967917480e+02,2.974483073e-01
5.970181885e+02,2.849748135e-01
5.972445679e+02,3.001111746e-01
5.974710083e+02,2.917581499e-01
5.976974487e+02,2.827043533e-01
5.979238892e+02,3.072869480e-01
5.981503296e+02,2.937202752e-01
5.983768311e+02,2.955142260e-01
5.986032715e+02,2.989619374e-01
5.988297729e+02,2.954021096e-01
5.990562744e+02,2.891793549e-01
5.992827759e+02,2.845824063e-01
5.995092773e+02,2.899361849e-01
5.997357788e+02,2.884505689e-01
5.999623413e+02,2.895717919e-01
6.001889038e+02,2.914498150e-01
6.004154663e+02,2.972240746e-01
6.006420288e+02,2.793968022e-01
6.008685913e+02,2.953460217e-01
6.010951538e+02,2.874695063e-01
6.013217773e+02,2.771263421e-01
6.015484009e+02,3.019331694e-01
6.017749634e+02,3.008119464e-01
6.020015869e+02,2.896839082e-01
6.022282715e+02,2.864604294e-01
6.024548950e+02,2.931596637e-01
6.026815796e+02,2.972240746e-01
6.029082031e+02,2.822839022e-01
6.031348877e+02,2.967475355e-01
6.033615723e+02,2.919543684e-01
6.035883179e+02,2.877217829e-01
6.038150024e+02,2.987937629e-01
6.040416870e+02,2.849187553e-01
6.042684326e+02,2.860399783e-01
6.044951782e+02,2.817513347e-01
6.047219238e+02,2.761452794e-01
6.049486694e+02,2.874134481e-01
6.051754761e+02,2.768460214e-01
6.054022217e+02,2.835172415e-01
6.056290283e+02,2.915058732e-01
6.058558350e+02,2.967755795e-01
6.060826416e+02,2.888990641e-01
6.063094482e+02,2.764536142e-01
6.065363159e+02,2.798733115e-01
6.067631226e+02,2.745195031e-01
6.069899902e+02,2.840217948e-01
6.072168579e+02,2.876096666e-01
6.074437256e+02,2.889271080e-01
6.076705933e+02,2.848346531e-01
6.078974609e+02,2.787520885e-01
6.081243896e+02,2.820316255e-01
6.083513184e+02,2.694740593e-01
6.085781860e+02,2.981770933e-01
6.088051147e+02,2.833490670e-01
6.090321045e+02,2.818914950e-01
6.092590332e+02,2.872172296e-01
6.094860229e+02,2.794528604e-01
6.097129517e+02,2.783876956e-01
6.099399414e+02,2.725854218e-01
6.101669312e+02,2.634475529e-01
6.103939209e+02,2.800134420e-01
6.106209717e+02,2.804058790e-01
6.108479614e+02,2.660543621e-01
6.110750122e+02,2.758930027e-01
6.113020630e+02,2.864604294e-01
6.115291138e+02,2.774626911e-01
6.117561646e+02,2.837695181e-01
6.119832764e+02,2.779392004e-01
6.122103271e+02,2.820596695e-01
6.124374390e+02,2.777430117e-01
6.126645508e+02,2.808263302e-01
6.128916626e+02,2.781354189e-01
6.131187744e+02,2.837975323e-01
6.133458862e+02,2.738187611e-01
6.135730591e+02,2.783876956e-01
6.138002319e+02,2.737346590e-01
6.140273438e+02,2.623823881e-01
6.142545166e+02,2.713240683e-01
6.144817505e+02,2.712399662e-01
6.147089233e+02,2.819755673e-01
6.149361572e+02,2.617377043e-01
6.151633301e+02,2.730899751e-01
6.153905640e+02,2.651854157e-01
6.156177979e+02,2.687172294e-01
6.158450317e+02,2.693899572e-01
6.160723267e+02,2.836013436e-01
6.162995605e+02,2.776028514e-01
6.165268555e+02,2.780793607e-01
6.167541504e+02,2.752763331e-01
6.169814453e+02,2.755566239e-01
6.172087402e+02,2.774626911e-01
6.174360352e+02,2.774066329e-01
6.176633911e+02,2.726134658e-01
6.178907471e+02,2.739869356e-01
6.181180420e+02,2.687452734e-01
6.183453979e+02,2.772104144e-01
6.185728149e+02,2.794248164e-01
6.188001709e+02,2.678202689e-01
6.190275879e+02,2.681846619e-01
6.192549438e+02,2.656058669e-01
6.194823608e+02,2.668111920e-01
6.197097778e+02,2.660263181e-01
6.199371948e+02,2.873013318e-01
6.201646729e+02,2.636997998e-01
6.203920898e+02,2.636437416e-01
6.206195679e+02,2.643725276e-01
6.208470459e+02,2.710717916e-01
6.210745239e+02,2.637839019e-01
6.213020020e+02,2.702869475e-01
6.215294800e+02,2.620179951e-01
6.217570190e+02,2.777149677e-01
6.219844971e+02,2.693058848e-01
6.222120361e+02,2.699225545e-01
6.224395752e+02,2.614573836e-01
6.226671143e+02,2.666710317e-01
6.228947144e+02,2.668392062e-01
6.231222534e+02,2.646248043e-01
6.233498535e+02,2.837975323e-01
6.235774536e+02,2.740149796e-01
6.238050537e+02,2.677361667e-01
6.240326538e+02,2.806581557e-01
6.242602539e+02,2.597475350e-01
6.244879150e+02,2.626626790e-01
6.247155762e+02,2.687172294e-01
6.249431763e+02,2.549823821e-01
6.251708374e+02,2.670354247e-01
6.253985596e+02,2.705672383e-01
6.256262207e+02,2.733983099e-01
6.258538818e+02,2.816392183e-01
6.260816040e+02,2.581217885e-01
6.263093262e+02,2.771824002e-01
6.265370483e+02,2.632232904e-01
6.267647705e+02,2.586263418e-01
6.269924927e+02,2.861240506e-01
6.272202759e+02,2.582899630e-01
6.274480591e+02,2.728657126e-01
6.276757812e+02,2.807142138e-01
6.279035645e+02,2.680164874e-01
6.281314087e+02,2.669233084e-01
6.283591919e+02,2.674839199e-01
6.285869751e+02,2.607285976e-01
6.288148193e+02,2.583460212e-01
6.290426636e+02,2.761732936e-01
6.292705078e+02,2.586263418e-01
6.294983521e+02,2.687732875e-01
6.297261963e+02,2.727255821e-01
6.299541016e+02,2.720248103e-01
6.301819458e+02,2.689975500e-01
6.304098511e+02,2.577573955e-01
6.306377563e+02,2.737346590e-01
6.308656616e+02,2.518430054e-01
6.310936279e+02,2.559914887e-01
6.313215332e+02,2.656058669e-01
6.315494995e+02,2.494604141e-01
6.317774658e+02,2.676520944e-01
6.320054321e+02,2.525717914e-01
6.322333984e+02,2.676801085e-01
6.324613647e+02,2.584020793e-01
6.326893921e+02,3.642165065e-01
6.329173584e+02,2.616536021e-01
6.331453857e+02,2.685490549e-01
6.333734131e+02,2.601399720e-01
6.336014404e+02,2.630270720e-01
6.338294678e+02,2.596354187e-01
6.340575562e+02,2.645687461e-01
6.342855835e+02,2.619058788e-01
6.345136719e+02,2.585141957e-01
6.347417603e+02,2.568323910e-01
6.349698486e+02,2.544498146e-01
6.351979980e+02,2.518430054e-01
6.354260864e+02,2.579536140e-01
6.356542358e+02,2.612331510e-01
6.358823853e+02,2.395657152e-01
6.361105347e+02,2.447232902e-01
6.363386841e+02,2.727255821e-01
6.365668335e+02,2.592149675e-01
6.367949829e+02,2.544778287e-01
6.370231934e+02,2.687172294e-01
6.372514038e+02,2.515066266e-01
6.374796143e+02,2.575611770e-01
6.377078247e+02,2.579536140e-01
6.379360352e+02,2.603361905e-01
6.381643066e+02,2.477505654e-01
6.383925171e+02,2.686611712e-01
6.386207886e+02,2.688293755e-01
6.388490601e+02,2.454801053e-01
6.390773315e+02,2.521232963e-01
6.393056030e+02,2.455361784e-01
6.395339355e+02,2.563278377e-01
6.397622070e+02,2.620460391e-01
6.399905396e+02,2.498084009e-01
6.402188721e+02,2.678157389e-01
6.404472046e+02,2.590348721e-01
6.406755371e+02,2.397392690e-01
6.409039307e+02,2.468444854e-01
6.411323242e+02,2.588490248e-01
6.413606567e+02,2.520721257e-01
6.415890503e+02,2.475603223e-01
6.418174438e+02,2.549086511e-01
6.420458984e+02,2.541566789e-01
6.422742920e+02,2.583194673e-01
6.425027466e+02,2.505533695e-01
6.427311401e+02,2.477709055e-01
6.429595947e+02,2.428813428e-01
6.431880493e+02,2.602637112e-01
6.434165649e+02,2.454893291e-01
6.436450195e+02,2.423375249e-01
6.438735352e+02,2.540436089e-01
6.441019897e+02,2.609512210e-01
6.443305054e+02,2.502215207e-01
6.445590210e+02,2.393185943e-01
6.447875977e+02,2.527960837e-01
6.450161133e+02,2.424484640e-01
6.452446899e+02,2.465737164e-01
6.454732056e+02,2.501155138e-01
6.457017822e+02,2.236817032e-01
6.459303589e+02,2.561562657e-01
6.461589966e+02,2.426394522e-01
6.463875732e+02,2.320063561e-01
6.466162109e+02,2.620090842e-01
6.468447876e+02,2.415554672e-01
6.470734253e+02,2.409692258e-01
6.473020630e+02,2.388976663e-01
6.475307617e+02,2.506135702e-01
6.477593994e+02,2.430853993e-01
6.479880981e+02,2.379464358e-01
6.482167358e+02,2.430410832e-01
6.484454346e+02,2.453135103e-01
6.486741333e+02,2.443476766e-01
6.489028320e+02,2.404414415e-01
6.491315918e+02,2.400939614e-01
6.493602905e+02,2.264731824e-01
6.495890503e+02,2.450596541e-01
6.498178101e+02,2.268960178e-01
6.500465698e+02,2.437422276e-01
6.502753296e+02,2.302876860e-01
6.505041504e+02,2.267839015e-01
6.507329102e+02,2.297831327e-01
6.509617310e+02,2.309043556e-01
6.511905518e+02,2.322778404e-01
6.514193726e+02,2.431536019e-01
6.516481934e+02,2.321657091e-01
6.518770142e+02,2.324460149e-01
6.521058960e+02,2.348566204e-01
6.523347778e+02,2.227755636e-01
6.525636597e+02,2.216823846e-01
6.527925415e+02,2.293346524e-01
6.530214233e+02,2.435740530e-01
6.532503052e+02,2.456202656e-01
6.534792480e+02,2.212338895e-01
6.537081299e+02,2.267839015e-01
6.539370728e+02,2.345482856e-01
6.541660156e+02,2.199445069e-01
6.543949585e+02,2.222429812e-01
6.546239624e+02,2.217945009e-01
6.548529053e+02,2.260270715e-01
6.550819092e+02,2.159361690e-01
6.553109131e+02,2.298392057e-01
6.555399170e+02,2.235323787e-01
6.557689209e+02,2.231119275e-01
6.559979248e+02,2.109187394e-01
6.562269897e+02,2.231679857e-01
6.564560547e+02,2.436581403e-01
6.566851196e+02,2.309323847e-01
6.569141846e+02,2.261672318e-01
6.571432495e+02,2.211498022e-01
6.573723145e+02,2.125445008e-01
6.576014404e+02,2.286338955e-01
6.578305054e+02,2.161884457e-01
6.580596313e+02,2.187952548e-01
6.582887573e+02,2.366225272e-01
6.585178833e+02,2.279611677e-01
6.587470703e+02,2.157679796e-01
6.589761963e+02,2.188513130e-01
6.592053833e+02,2.089285851e-01
6.594345703e+02,2.121801078e-01
6.596637573e+02,2.167490423e-01
6.598929443e+02,2.076391876e-01
6.601221313e+02,2.104142010e-01
6.603513794e+02,2.199445069e-01
6.605805664e+02,2.186831385e-01
6.608098145e+02,2.171134353e-01
6.610390625e+02,2.089846432e-01
6.612683105e+02,2.120119184e-01
6.614975586e+02,2.180384398e-01
6.617268677e+02,2.221308649e-01
6.619561768e+02,2.224952579e-01
6.621854248e+02,2.126566172e-01
6.624147339e+02,2.012763172e-01
6.626441040e+02,2.170013189e-01
6.628734131e+02,1.980808526e-01
6.631027222e+02,2.154035866e-01
6.633320923e+02,2.194960117e-01
6.635614624e+02,1.989778280e-01
6.637908325e+02,1.967634410e-01
6.640202026e+02,1.950255483e-01
6.642495728e+02,2.163566202e-01
6.644790039e+02,2.185990512e-01
6.647083740e+02,2.042475194e-01
6.649378052e+02,2.084240466e-01
6.651672363e+02,2.076391876e-01
6.653966675e+02,1.983611584e-01
6.656260986e+02,2.179263234e-01
6.658555908e+02,1.983891875e-01
6.660850220e+02,2.052846551e-01
6.663145142e+02,1.976323724e-01
6.665440063e+02,2.069384307e-01
6.667734985e+02,2.101058662e-01
6.670030518e+02,2.057331353e-01
6.672325439e+02,2.128528357e-01
6.674620972e+02,2.113111615e-01
6.676915894e+02,2.118437439e-01
6.679211426e+02,2.178141922e-01
6.681506958e+02,2.088444978e-01
6.683803101e+02,2.151232809e-01
6.686098633e+02,2.023694962e-01
6.688394775e+02,2.130210102e-01
6.690690308e+02,2.154316157e-01
6.692986450e+02,1.957823783e-01
6.695282593e+02,2.023694962e-01
6.697579346e+02,2.007717639e-01
6.699875488e+02,2.149551064e-01
6.702172241e+02,2.034346461e-01
6.704468384e+02,2.163285911e-01
6.706765137e+02,1.966513097e-01
6.709061890e+02,2.030702531e-01
6.711359253e+02,2.035187334e-01
6.713656006e+02,2.146467716e-01
6.715953369e+02,1.939043403e-01
6.718250122e+02,2.084520757e-01
6.720547485e+02,1.986975223e-01
6.722844849e+02,1.972960085e-01
6.725142822e+02,1.981929839e-01
6.727440186e+02,2.078914642e-01
6.729738159e+02,1.961467713e-01
6.732035522e+02,2.162445039e-01
6.734333496e+02,1.925028265e-01
6.736631470e+02,1.975763142e-01
6.738929443e+02,2.145626843e-01
6.741228027e+02,2.079475224e-01
6.743526001e+02,1.971558630e-01
6.745824585e+02,2.014444917e-01
6.748123169e+02,2.165808678e-01
6.750421753e+02,2.092929780e-01
6.752720337e+02,2.067982852e-01
6.755019531e+02,2.082558572e-01
6.757318115e+02,1.992581338e-01
6.759617310e+02,1.958104074e-01
6.761916504e+02,2.210937440e-01
6.764215698e+02,1.970997900e-01
6.766514893e+02,2.029020786e-01
6.768814087e+02,2.035187334e-01
6.771113892e+02,1.986414641e-01
6.773413696e+02,2.105263174e-01
6.775712891e+02,1.978566200e-01
6.778012695e+02,2.187391967e-01
6.780313110e+02,2.060975283e-01
6.782612915e+02,2.123482823e-01
6.784912720e+02,2.004914582e-01
6.787213135e+02,2.038550973e-01
6.789513550e+02,2.082838863e-01
6.791813965e+02,1.979126781e-01
6.794114380e+02,2.010520697e-01
6.796415405e+02,2.031543404e-01
6.798715820e+02,2.036869228e-01
6.801016846e+02,2.070785910e-01
6.803317871e+02,1.957823783e-01
6.805618896e+02,1.939603984e-01
6.807919922e+02,1.972119212e-01
6.810220947e+02,2.013604045e-01
6.812522583e+02,2.049482912e-01
6.814823608e+02,2.035187334e-01
6.817125244e+02,1.932876706e-01
6.819426880e+02,2.081717700e-01
6.821728516e+02,1.963710040e-01
6.824030151e+02,2.020331323e-01
6.826332397e+02,1.852710098e-01
6.828634644e+02,2.040793449e-01
6.830936279e+02,1.941005588e-01
6.833238525e+02,1.954179853e-01
6.835540771e+02,2.108066231e-01
6.837843628e+02,2.035467625e-01
6.840145874e+02,2.014164627e-01
6.842448730e+02,2.071907073e-01
6.844751587e+02,2.128808647e-01
6.847054443e+02,1.978846490e-01
6.849357300e+02,2.078914642e-01
6.851660156e+02,2.023414671e-01
6.853963623e+02,1.945490390e-01
6.856266479e+02,1.991179734e-01
6.858569946e+02,2.254384458e-01
6.860873413e+02,1.920543462e-01
6.863176880e+02,2.109187394e-01
6.865480347e+02,1.958944947e-01
6.867784424e+02,2.004914582e-01
6.870087891e+02,2.072467655e-01
6.872391968e+02,1.970997900e-01
6.874696045e+02,1.917740405e-01
6.877000122e+02,1.976884305e-01
6.879304199e+02,2.113672197e-01
6.881608887e+02,1.970157027e-01
6.883912964e+02,1.912414581e-01
6.886217651e+02,1.904566139e-01
6.888522339e+02,1.905687302e-01
6.890827026e+02,2.006316185e-01
6.893131714e+02,1.947172135e-01
6.895437012e+02,2.018649429e-01
6.897741699e+02,2.000429779e-01
6.900046997e+02,2.085641921e-01
6.902352295e+02,1.989217699e-01
6.904657593e+02,1.985013187e-01
6.906962891e+02,1.971558630e-01
6.909268799e+02,1.947172135e-01
6.911574097e+02,2.006876767e-01
6.913880005e+02,1.910172254e-01
6.916185913e+02,1.980247945e-01
6.918491821e+02,2.032103986e-01
6.920797729e+02,2.066020668e-01
6.923104248e+02,1.992581338e-01
6.925410156e+02,1.942967623e-01
6.927716675e+02,1.923066080e-01
6.930023193e+02,1.992861629e-01
6.932329712e+02,1.969035864e-01
6.934636230e+02,1.954179853e-01
6.936942749e+02,1.953619123e-01
6.939249878e+02,2.007157058e-01
6.941557007e+02,1.964270771e-01
6.943864136e+02,2.053407133e-01
6.946171265e+02,1.879338920e-01
6.948478394e+02,1.872611642e-01
6.950785522e+02,2.020331323e-01
6.953093262e+02,2.007437348e-01
6.955400391e+02,1.889990419e-01
6.957708130e+02,2.000990361e-01
6.960015869e+02,2.027899474e-01
6.962323608e+02,1.850747913e-01
6.964631958e+02,2.015566230e-01
6.966939697e+02,1.965952516e-01
6.969248047e+02,2.016407102e-01
6.971556396e+02,1.985013187e-01
6.973864746e+02,2.015566230e-01
6.976173096e+02,1.907369196e-01
6.978481445e+02,2.098816186e-01
6.980790405e+02,1.904846430e-01
6.983099365e+02,1.941005588e-01
6.985407715e+02,2.040793449e-01
6.987716675e+02,1.918300986e-01
6.990025635e+02,1.993702501e-01
6.992335205e+02,1.972119212e-01
6.994644165e+02,1.979126781e-01
6.996953735e+02,1.986414641e-01
6.999263306e+02,2.007717639e-01
7.001572876e+02,1.959505528e-01
7.003882446e+02,2.039672285e-01
7.006192017e+02,2.015285790e-01
7.008502197e+02,1.988376826e-01
7.010811768e+02,1.889990419e-01
7.013121948e+02,1.951376796e-01
7.015432129e+02,1.882702559e-01
7.017742310e+02,1.877376735e-01
7.020052490e+02,2.001270652e-01
7.022363281e+02,1.986414641e-01
7.024674072e+02,2.139179856e-01
7.026984253e+02,2.013323754e-01
7.029295044e+02,2.041914612e-01
7.031605835e+02,2.003793418e-01
7.033917236e+02,1.990619153e-01
7.036228027e+02,2.073028237e-01
7.038539429e+02,1.958104074e-01
7.040850220e+02,2.035467625e-01
7.043161621e+02,1.909891963e-01
7.045473022e+02,2.011361569e-01
7.047785034e+02,1.990058571e-01
7.050096436e+02,2.117035836e-01
7.052408447e+02,1.944649518e-01
7.054719849e+02,2.020891905e-01
7.057031860e+02,2.127407044e-01
7.059343872e+02,2.062937319e-01
7.061656494e+02,1.978005618e-01
7.063968506e+02,1.973520666e-01
7.066281128e+02,2.013604045e-01
7.068593140e+02,2.145626843e-01
7.070905762e+02,2.145066261e-01
7.073218384e+02,1.922505498e-01
7.075531616e+02,2.085641921e-01
7.077844238e+02,2.113672197e-01
7.080157471e+02,1.992020756e-01
7.082470093e+02,1.910452545e-01
7.084783325e+02,1.938202530e-01
7.087096558e+02,1.997626722e-01
7.089409790e+02,2.150952518e-01
7.091723633e+02,1.965111643e-01
7.094036865e+02,2.019770741e-01
7.096350708e+02,2.163005620e-01
7.098664551e+02,2.225513160e-01
7.100978394e+02,2.146467716e-01
7.103292236e+02,2.093770802e-01
7.105606689e+02,2.058452517e-01
7.107920532e+02,2.224111706e-01
7.110234985e+02,2.104422301e-01
7.112549438e+02,2.043596506e-01
7.114863892e+02,2.152914703e-01
7.117178345e+02,2.063217759e-01
7.119492798e+02,2.179823816e-01
7.121807861e+02,2.017808557e-01
7.124122314e+02,2.081997991e-01
7.126437378e+02,2.263073772e-01
7.128752441e+02,2.115914673e-01
7.131067505e+02,2.141422331e-01
7.133383179e+02,2.093770802e-01
7.135698242e+02,2.006876767e-01
7.138013916e+02,2.049202472e-01
7.140329590e+02,2.064619213e-01
7.142645264e+02,2.011641860e-01
7.144960938e+02,1.921944916e-01
7.147276611e+02,2.091808617e-01
7.149592896e+02,2.033505589e-01
7.151908569e+02,2.109187394e-01
7.154224854e+02,2.062376738e-01
7.156541138e+02,2.148710191e-01
7.158857422e+02,2.078073770e-01
7.161173706e+02,2.087884396e-01
7.163490601e+02,2.083119154e-01
7.165806885e+02,2.066581398e-01
7.168123779e+02,2.084801048e-01
7.170440674e+02,2.037990391e-01
7.172757568e+02,2.168611586e-01
7.175075073e+02,2.108907104e-01
7.177391968e+02,2.118998021e-01
7.179709473e+02,1.950816214e-01
7.182026367e+02,1.979967654e-01
7.184343872e+02,2.101338953e-01
7.186661377e+02,2.090967745e-01
7.188979492e+02,2.013604045e-01
7.191296997e+02,2.059573680e-01
7.193615112e+02,2.055088878e-01
7.195933228e+02,2.055088878e-01
7.198250732e+02,1.946331263e-01
7.200569458e+02,2.152914703e-01
7.202887573e+02,2.061255574e-01
7.205205688e+02,2.130210102e-01
7.207524414e+02,2.029861659e-01
7.209842529e+02,2.079475224e-01
7.212161255e+02,2.110308558e-01
7.214479980e+02,2.002672255e-01
7.216799316e+02,1.979407072e-01
7.219118042e+02,1.975763142e-01
7.221437378e+02,2.011081278e-01
7.223756104e+02,2.018088847e-01
7.226075439e+02,1.983051002e-01
7.228394775e+02,1.918861568e-01
7.230714111e+02,2.024535835e-01
7.233034058e+02,2.015005499e-01
7.235353394e+02,2.044157088e-01
7.237673340e+02,2.076111585e-01
7.239993286e+02,2.053687423e-01
7.242313232e+02,2.116755545e-01
7.244633179e+02,1.997066140e-01
7.246953735e+02,2.298111618e-01
7.249273682e+02,2.066861689e-01
7.251594238e+02,1.992020756e-01
7.253914795e+02,1.922225207e-01
7.256235352e+02,2.126285881e-01
7.258555908e+02,2.123482823e-01
7.260876465e+02,1.996505558e-01
7.263197632e+02,1.995104104e-01
7.265518188e+02,1.885785758e-01
7.267839355e+02,1.958664656e-01
7.270160522e+02,2.060975283e-01
7.272481689e+02,2.056770772e-01
7.274803467e+02,2.104422301e-01
7.277124634e+02,2.039111555e-01
7.279446411e+02,1.999308616e-01
7.281768188e+02,2.040513158e-01
7.284089355e+02,1.988657117e-01
7.286411743e+02,2.083679885e-01
7.288733521e+02,2.056490481e-01
7.291055298e+02,1.948293447e-01
7.293377686e+02,2.199445069e-01
7.295700073e+02,2.000710070e-01
7.298022461e+02,2.090687454e-01
7.300344849e+02,2.039952576e-01
7.302667236e+02,2.052846551e-01
7.304990234e+02,1.947172135e-01
7.307312622e+02,1.981088817e-01
7.309635620e+02,2.089285851e-01
7.311958618e+02,1.960066110e-01
7.314281616e+02,1.946050972e-01
7.316604614e+02,2.037710100e-01
7.318928223e+02,2.012202591e-01
7.321251221e+02,1.930354089e-01
7.323574829e+02,2.033785880e-01
7.325898438e+02,1.983331293e-01
7.328222046e+02,1.998187304e-01
7.330545654e+02,1.923626810e-01
7.332869873e+02,1.913255602e-01
7.335193481e+02,1.861119121e-01
7.337517700e+02,1.876816154e-01
7.339841919e+02,2.105543464e-01
7.342166138e+02,1.929793358e-01
7.344490356e+02,1.863361597e-01
7.346815186e+02,1.920263171e-01
7.349139404e+02,1.905126721e-01
7.351464233e+02,1.921104044e-01
7.353789062e+02,1.983611584e-01
7.356113892e+02,1.958104074e-01
7.358438721e+02,1.982210129e-01
7.360763550e+02,2.019770741e-01
7.363088989e+02,2.101338953e-01
7.365414429e+02,1.931755543e-01
7.367739258e+02,1.896717697e-01
7.370065308e+02,2.062657028e-01
7.372390747e+02,1.962588876e-01
7.374716187e+02,1.957823783e-01
7.377042236e+02,1.841497868e-01
7.379367676e+02,1.960066110e-01
7.381693726e+02,1.859157085e-01
7.384019775e+02,2.017247975e-01
7.386345825e+02,1.889710128e-01
7.388672485e+02,2.028460056e-01
7.390998535e+02,2.061816156e-01
7.393325195e+02,2.053126842e-01
7.395651855e+02,1.999588907e-01
7.397978516e+02,2.088725269e-01
7.400305176e+02,1.859997958e-01
7.402631836e+02,2.101899534e-01
7.404959106e+02,1.946331263e-01
7.407285767e+02,1.961187422e-01
7.409613037e+02,1.854391843e-01
7.411940308e+02,1.874293387e-01
7.414267578e+02,1.898399442e-01
7.416594849e+02,1.940725297e-01
7.418922729e+02,1.877937317e-01
7.421250000e+02,1.902884245e-01
7.423577881e+02,1.972119212e-01
7.425905762e+02,1.921384335e-01
7.428233643e+02,1.933437288e-01
7.430562134e+02,2.432657182e-01
7.432890015e+02,1.844861507e-01
7.435218506e+02,2.018088847e-01
7.437546387e+02,2.054528296e-01
7.439874878e+02,2.001550943e-01
7.442203369e+02,1.903444976e-01
7.444532471e+02,2.024816126e-01
7.446860962e+02,1.786278188e-01
7.449190063e+02,1.980247945e-01
7.451518555e+02,1.955581307e-01
7.453847656e+02,1.875134259e-01
7.456176758e+02,1.963710040e-01
7.458506470e+02,1.966513097e-01
7.460835571e+02,1.892513037e-01
7.463164673e+02,1.930354089e-01
7.465494385e+02,1.951937377e-01
7.467824097e+02,1.938482821e-01
7.470153809e+02,1.930914670e-01
7.472483521e+02,1.996785849e-01
7.474813843e+02,1.918581277e-01
7.477143555e+02,1.864202470e-01
7.479473877e+02,1.952497959e-01
7.481804199e+02,2.014164627e-01
7.484134521e+02,1.855513155e-01
7.486464844e+02,1.840376705e-01
7.488795166e+02,1.896157116e-01
7.491126099e+02,1.882141829e-01
7.493457031e+02,1.887187362e-01
7.495787354e+02,1.995384395e-01
7.498118286e+02,1.867846400e-01
7.500449829e+02,1.871210039e-01
7.502780762e+02,1.923626810e-01
7.505111694e+02,1.967353970e-01
7.507443237e+02,1.909331232e-01
7.509774780e+02,1.889990419e-01
7.512106323e+02,1.907649487e-01
7.514437866e+02,1.849626750e-01
7.516769409e+02,1.935960054e-01
7.519101562e+02,1.908210069e-01
7.521433105e+02,1.849066168e-01
7.523765259e+02,1.817111522e-01
7.526097412e+02,1.769179702e-01
7.528429565e+02,1.711997837e-01
7.530762329e+02,1.921944916e-01
7.533094482e+02,1.949694902e-01
7.535427246e+02,1.993141919e-01
7.537759399e+02,1.930914670e-01
7.540092163e+02,1.855793446e-01
7.542425537e+02,1.890270710e-01
7.544758301e+02,1.822157055e-01
7.547091064e+02,1.805899441e-01
7.549424438e+02,1.806740314e-01
7.551757812e+02,1.944369227e-01
7.554090576e+02,1.933998019e-01
7.556424561e+02,1.879058629e-01
7.558757935e+02,1.860838830e-01
7.561091309e+02,1.910452545e-01
7.563425293e+02,1.884944886e-01
7.565759277e+02,1.884104013e-01
7.568092651e+02,1.851028204e-01
7.570426636e+02,1.673596352e-01
7.572761230e+02,1.931755543e-01
7.575095215e+02,1.822997928e-01
7.577429810e+02,1.888869107e-01
7.579763794e+02,2.043876797e-01
7.582098389e+02,1.995944977e-01
7.584432983e+02,1.924187392e-01
7.586767578e+02,1.807581335e-01
7.589102783e+02,1.687050909e-01
7.591437378e+02,1.988657117e-01
7.593772583e+02,1.836452484e-01
7.596107788e+02,1.811785847e-01
7.598442993e+02,1.852149516e-01
7.600778198e+02,1.925028265e-01
7.603113403e+02,1.845702529e-01
7.605449219e+02,1.764975190e-01
7.607785034e+02,1.809823662e-01
7.610120239e+02,1.933437288e-01
7.612456055e+02,1.807861626e-01
7.614792480e+02,1.857475191e-01
7.617128296e+02,1.692376733e-01
7.619464111e+02,1.825520694e-01
7.621800537e+02,2.089285851e-01
7.624136963e+02,1.892793477e-01
7.626473389e+02,1.834490299e-01
7.628809814e+02,1.732459962e-01
7.631146240e+02,1.773664653e-01
7.633483276e+02,1.831407100e-01
7.635819702e+02,1.669672132e-01
7.638156738e+02,1.844300926e-01
7.640493774e+02,1.890831292e-01
7.642830811e+02,1.923626810e-01
7.645167847e+02,1.722369194e-01
7.647505493e+02,1.799732745e-01
7.649842529e+02,1.822437346e-01
7.652180176e+02,1.843740344e-01
7.654517822e+02,1.938763112e-01
7.656855469e+02,1.842619181e-01
7.659193726e+02,1.920263171e-01
7.661531372e+02,1.845702529e-01
7.663869019e+02,1.856354028e-01
7.666207275e+02,1.870929748e-01
7.668545532e+02,1.828884333e-01
7.670883789e+02,1.705270559e-01
7.673222046e+02,1.806740314e-01
7.675560913e+02,1.757967621e-01
7.677899170e+02,1.840937287e-01
7.680238037e+02,1.749278158e-01
7.682576904e+02,1.667990386e-01
7.684915771e+02,1.835611612e-01
7.687254639e+02,1.703869104e-01
7.689594116e+02,1.745634228e-01
7.691932983e+02,1.773944944e-01
7.694272461e+02,1.846823692e-01
7.696611938e+02,1.887187362e-01
7.698951416e+02,1.831126660e-01
7.701290894e+02,1.937081367e-01
7.703630371e+02,1.758808494e-01
7.705970459e+02,1.902884245e-01
7.708309937e+02,1.775066108e-01
7.710650024e+02,1.698543429e-01
7.712990112e+02,1.817952543e-01
7.715330200e+02,1.816831231e-01
7.717670898e+02,1.884944886e-01
7.720010986e+02,1.733300984e-01
7.722351685e+02,1.795808524e-01
7.724692383e+02,1.810944974e-01
7.727033081e+02,1.872050911e-01
7.729373779e+02,1.831126660e-01
7.731714478e+02,1.820475161e-01
7.734055176e+02,1.731899381e-01
7.736396484e+02,1.748437285e-01
7.738737793e+02,1.666869074e-01
7.741079102e+02,1.948293447e-01
7.743420410e+02,1.758808494e-01
7.745761719e+02,1.808702499e-01
7.748103638e+02,1.630149335e-01
7.750444946e+02,1.817672104e-01
7.752786865e+02,1.729096323e-01
7.755128784e+02,1.748997867e-01
7.757470703e+02,1.729937345e-01
7.759812622e+02,1.830566078e-01
7.762155151e+02,1.770581305e-01
7.764497070e+02,1.681444943e-01
7.766839600e+02,1.817391813e-01
7.769182129e+02,1.751520634e-01
7.771524658e+02,1.645846367e-01
7.773867188e+02,1.762732714e-01
7.776209717e+02,1.717323661e-01
7.778552856e+02,1.708914638e-01
7.780895996e+02,1.844861507e-01
7.783239136e+02,1.803656965e-01
7.785582275e+02,1.796088815e-01
7.787925415e+02,1.736384332e-01
7.790268555e+02,1.698543429e-01
7.792612305e+02,1.782634258e-01
7.794955444e+02,1.753202528e-01
7.797299194e+02,1.768058538e-01
7.799642944e+02,1.738626659e-01
7.801986694e+02,1.840937287e-01
7.804331055e+02,1.673876643e-01
7.806674805e+02,1.804497987e-01
7.809019165e+02,1.739467680e-01
7.811363525e+02,1.715641916e-01
7.813707886e+02,1.726013124e-01
7.816052246e+02,1.697702408e-01
7.818396606e+02,1.653134227e-01
7.820741577e+02,1.683126688e-01
7.823085938e+02,1.622861475e-01
7.825430908e+02,1.665187329e-01
7.827775879e+02,1.613611579e-01
7.830120850e+02,1.549702436e-01
7.832465820e+02,1.609967649e-01
7.834811401e+02,1.629588753e-01
7.837156372e+02,1.747596413e-01
7.839501953e+02,1.727414578e-01
7.841847534e+02,1.798051000e-01
7.844193115e+02,1.740869135e-01
7.846539307e+02,1.567081213e-01
7.848884888e+02,1.704429686e-01
7.851231079e+02,1.611649394e-01
7.853576660e+02,1.601838768e-01
7.855922852e+02,1.660141796e-01
7.858269043e+02,1.468694806e-01
7.860615845e+02,1.695179790e-01
7.862962036e+02,1.768899411e-01
7.865308228e+02,1.639679670e-01
7.867655029e+02,1.712838858e-01
7.870001831e+02,1.609126627e-01
7.872348633e+02,1.631270647e-01
7.874695435e+02,1.704990268e-01
7.877042847e+02,1.722929776e-01
7.879389648e+02,1.694338769e-01
7.881737061e+02,1.643323600e-01
7.884084473e+02,1.643043309e-01
7.886431885e+02,1.628467590e-01
7.888779297e+02,1.559793353e-01
7.891126709e+02,1.674437225e-01
7.893474731e+02,1.544937193e-01
7.895822144e+02,1.566240340e-01
7.898170166e+02,1.696020663e-01
7.900518188e+02,1.582217515e-01
7.902866211e+02,1.592869163e-01
7.905214844e+02,1.584459990e-01
7.907562866e+02,1.531763077e-01
7.909911499e+02,1.768338829e-01
7.912260132e+02,1.527838707e-01
7.914608765e+02,1.502611488e-01
7.916957397e+02,1.504012942e-01
7.919306030e+02,1.599596292e-01
7.921655273e+02,1.636316031e-01
7.924003906e+02,1.699384302e-01
7.926353149e+02,1.609687209e-01
7.928702393e+02,1.708353907e-01
7.931051636e+02,1.576331258e-01
7.933400879e+02,1.674717665e-01
7.935750732e+02,1.561475098e-01
7.938099976e+02,1.599035710e-01
7.940449829e+02,1.663785726e-01
7.942799683e+02,1.630149335e-01
7.945149536e+02,1.739467680e-01
7.947499390e+02,1.504012942e-01
7.949849854e+02,1.621179730e-01
7.952199707e+02,1.696861535e-01
7.954550171e+02,1.551103890e-01
7.956900635e+02,1.528399438e-01
7.959251099e+02,1.514664590e-01
7.961601562e+02,1.557831168e-01
7.963952026e+02,1.499808431e-01
7.966303101e+02,1.587543339e-01
7.968654175e+02,1.605202407e-01
7.971004639e+02,1.472338736e-01
7.973355713e+02,1.606604010e-01
7.975707397e+02,1.574649364e-01
7.978058472e+02,1.481028199e-01
7.980410156e+02,1.454399377e-01
7.982761230e+02,1.690414548e-01
7.985112915e+02,1.605482697e-01
7.987464600e+02,1.644444913e-01
7.989816284e+02,1.617535800e-01
7.992167969e+02,1.448512971e-01
7.994520264e+02,1.519709975e-01
7.996872559e+02,1.475422084e-01
7.999224243e+02,1.428331137e-01
8.001576538e+02,1.541853994e-01
8.003928833e+02,1.486914456e-01
8.006281738e+02,1.586982757e-01
8.008634033e+02,1.521111429e-01
8.010986938e+02,1.442346275e-01
8.013339844e+02,1.435899287e-01
8.015692749e+02,1.472058445e-01
8.018045654e+02,1.505694836e-01
8.020398560e+02,1.462808400e-01
8.022751465e+02,1.590346396e-01
8.025104980e+02,1.476823539e-01
8.027458496e+02,1.559232771e-01
8.029812012e+02,1.537649333e-01
8.032165527e+02,1.509899348e-01
8.034519043e+02,1.559232771e-01
8.036872559e+02,1.499247849e-01
8.039226685e+02,1.562035680e-01
8.041580811e+02,1.446550936e-01
8.043934326e+02,1.475702375e-01
8.046288452e+02,1.477944851e-01
8.048643188e+02,1.574369073e-01
8.050997314e+02,1.469535679e-01
8.053352051e+02,1.490558386e-01
8.055706177e+02,1.460566074e-01
8.058060913e+02,1.347603947e-01
8.060415649e+02,1.438982636e-01
8.062770386e+02,1.304717511e-01
8.065125732e+02,1.453278214e-01
8.067480469e+02,1.403664500e-01
8.069835815e+02,1.489156932e-01
8.072191162e+02,1.421043277e-01
8.074546509e+02,1.498687267e-01
8.076901855e+02,1.417959929e-01
8.079257202e+02,1.331066042e-01
8.081613159e+02,1.295747757e-01
8.083968506e+02,1.446270496e-01
8.086324463e+02,1.380959898e-01
8.088680420e+02,1.550263017e-01
8.091036377e+02,1.442065984e-01
8.093392334e+02,1.296588778e-01
8.095748901e+02,1.494763047e-01
8.098104858e+02,1.386566013e-01
8.100461426e+02,1.389649361e-01
8.102817993e+02,1.330785751e-01
8.105174561e+02,1.272482574e-01
8.107531128e+02,1.519429684e-01
8.109888306e+02,1.307520568e-01
8.112244873e+02,1.332467496e-01
8.114602051e+02,1.463368982e-01
8.116959229e+02,1.347603947e-01
8.119316406e+02,1.147747785e-01
8.121673584e+02,1.338914484e-01
8.124031372e+02,1.262672096e-01
8.126388550e+02,1.433376670e-01
8.128746338e+02,1.271361411e-01
8.131104126e+02,1.406187266e-01
8.133461914e+02,1.308081150e-01
8.135819702e+02,1.239126548e-01
8.138177490e+02,1.336391717e-01
8.140535889e+02,1.275565922e-01
8.142894287e+02,1.270800829e-01
8.145252075e+02,1.568202376e-01
8.147610474e+02,1.324338764e-01
8.149969482e+02,1.245853826e-01
8.152327881e+02,1.285937130e-01
8.154686279e+02,1.234641746e-01
8.157045288e+02,1.342558414e-01
8.159404297e+02,1.255384088e-01
8.161763306e+02,1.262672096e-01
8.164122314e+02,1.247815937e-01
8.166481323e+02,1.267156899e-01
8.168840942e+02,1.320134103e-01
8.171199951e+02,1.252300888e-01
8.173559570e+02,1.250899285e-01
8.175919189e+02,1.231278107e-01
8.178278809e+02,1.135134101e-01
8.180638428e+02,1.264073551e-01
8.182998657e+02,1.301914454e-01
8.185358276e+02,1.329944730e-01
8.187718506e+02,1.277247816e-01
8.190078735e+02,1.161202341e-01
8.192438965e+02,1.250058413e-01
8.194799194e+02,1.357694715e-01
8.197160034e+02,1.249217466e-01
8.199520264e+02,1.319573522e-01
8.201881104e+02,1.168490201e-01
8.204241943e+02,1.228755340e-01
8.206602783e+02,1.273884177e-01
8.208963623e+02,1.141581088e-01
8.211325073e+02,1.101217419e-01
8.213685913e+02,1.184187159e-01
8.216047363e+02,1.298831105e-01
8.218408813e+02,1.182785630e-01
8.220770264e+02,1.183065921e-01
8.223131714e+02,1.174376532e-01
8.225493164e+02,1.229315996e-01
8.227855225e+02,1.186990216e-01
8.230216675e+02,1.178581119e-01
8.232578735e+02,1.247255355e-01
8.234940796e+02,1.053285599e-01
8.237302856e+02,1.196520478e-01
8.239665527e+02,1.195679605e-01
8.242027588e+02,1.112149283e-01
8.244390259e+02,1.128406823e-01
8.246752930e+02,1.177179590e-01
8.249115601e+02,1.168209910e-01
8.251478271e+02,1.034505293e-01
8.253840942e+02,9.560204297e-02
8.256203613e+02,1.069543213e-01
8.258566895e+02,1.106262878e-01
8.260930176e+02,1.157838702e-01
8.263293457e+02,1.208573505e-01
8.265656738e+02,1.201285645e-01
8.268020020e+02,1.214459911e-01
8.270383301e+02,1.158679575e-01
8.272747192e+02,1.351808459e-01
8.275111084e+02,1.114671975e-01
8.277474976e+02,1.088043228e-01
8.279838867e+02,1.081035659e-01
8.282202759e+02,1.175778061e-01
8.284566650e+02,1.203808412e-01
8.286931152e+02,1.178020462e-01
8.289295044e+02,1.142141670e-01
8.291659546e+02,1.253982633e-01
8.294024048e+02,1.188952327e-01
8.296388550e+02,1.060293168e-01
8.298753662e+02,1.185028106e-01
8.301118164e+02,1.162884161e-01
8.303483276e+02,1.118315905e-01
8.305848389e+02,1.183065921e-01
8.308213501e+02,1.046838611e-01
8.310578613e+02,1.037308350e-01
8.312943726e+02,1.225671992e-01
8.315309448e+02,1.118596271e-01
8.317674561e+02,1.181664467e-01
8.320040283e+02,1.002831087e-01
8.322406006e+02,1.144384146e-01
8.324771729e+02,1.053285599e-01
8.327138062e+02,1.144944727e-01
8.329503784e+02,1.114111394e-01
8.331870117e+02,1.102338657e-01
8.334235840e+02,1.069262922e-01
8.336602173e+02,1.063656807e-01
8.338968506e+02,1.144944727e-01
8.341335449e+02,1.042914391e-01
8.343701782e+02,1.184187159e-01
8.346068726e+02,1.022732556e-01
8.348435059e+02,1.020490155e-01
8.350802002e+02,1.065618992e-01
8.353168945e+02,1.046278030e-01
8.355535889e+02,1.040391698e-01
8.357903442e+02,9.806871414e-02
8.360270386e+02,9.972249717e-02
8.362637939e+02,1.042353809e-01
8.365005493e+02,1.202126592e-01
8.367373047e+02,1.222028062e-01
8.369740601e+02,1.108505353e-01
8.372108765e+02,1.124482602e-01
8.374476318e+02,1.163725033e-01
8.376844482e+02,1.092247739e-01
8.379212646e+02,1.019368917e-01
8.381580200e+02,9.893765301e-02
8.383948975e+02,1.041512862e-01
8.386317139e+02,1.077952310e-01
8.388685303e+02,1.169050783e-01
8.391054077e+02,9.453689307e-02
8.393422852e+02,1.141300797e-01
8.395791626e+02,1.058891714e-01
8.398160400e+02,1.023293212e-01
8.400529175e+02,1.060573533e-01
8.402898560e+02,1.217262968e-01
8.405267334e+02,9.918992221e-02
8.407636719e+02,1.012641639e-01
8.410006104e+02,1.156156883e-01
8.412375488e+02,1.104581058e-01
8.414744873e+02,1.067861393e-01
8.417114868e+02,9.313537925e-02
8.419484253e+02,1.055528075e-01
8.421854248e+02,1.055247709e-01
8.424224243e+02,1.003671959e-01
8.426594238e+02,1.051884070e-01
8.428964233e+02,1.038149223e-01
8.431334839e+02,1.014043167e-01
8.433704834e+02,1.124202311e-01
8.436075439e+02,9.980659187e-02
8.438446045e+02,1.029459834e-01
8.440816650e+02,9.164977074e-02
8.443187256e+02,1.113831103e-01
8.445557861e+02,1.068141684e-01
8.447929077e+02,1.024414375e-01
8.450299683e+02,9.728386253e-02
8.452670898e+02,9.621871263e-02
8.455042114e+02,1.104861423e-01
8.457413330e+02,9.801264852e-02
8.459785156e+02,1.072065905e-01
8.462156372e+02,9.876947105e-02
8.464528198e+02,1.054406837e-01
8.466899414e+02,9.697552770e-02
8.469271240e+02,1.019088626e-01
8.471643677e+02,9.282704443e-02
8.474015503e+02,9.686341137e-02
8.476387329e+02,9.649901092e-02
8.478759766e+02,1.053005308e-01
8.481132202e+02,9.436871111e-02
8.483504639e+02,9.865734726e-02
8.485877075e+02,1.055247709e-01
8.488249512e+02,9.989067912e-02
8.490621948e+02,9.363992512e-02
8.492994995e+02,9.955431521e-02
8.495368042e+02,8.823007345e-02
8.497740479e+02,1.028058305e-01
8.500113525e+02,9.198613465e-02
8.502487183e+02,9.577022493e-02
8.504860229e+02,9.442476928e-02
8.507233887e+02,9.585431963e-02
8.509606934e+02,9.450886399e-02
8.511980591e+02,8.837022632e-02
8.514354248e+02,9.952628613e-02
8.516727905e+02,9.649901092e-02
8.519102173e+02,1.021891683e-01
8.521475830e+02,9.997477382e-02
8.523850098e+02,1.097012907e-01
8.526224365e+02,9.249068052e-02
8.528598633e+02,9.078083187e-02
8.530972900e+02,8.497855812e-02
8.533347168e+02,9.251870960e-02
8.535721436e+02,9.548992664e-02
8.538096313e+02,9.450886399e-02
8.540471191e+02,1.053565890e-01
8.542846069e+02,9.871340543e-02
8.545220947e+02,9.593840688e-02
8.547595825e+02,8.542703837e-02
8.549971313e+02,7.917628437e-02
8.552346191e+02,9.156567603e-02
8.554721680e+02,9.470507503e-02
8.557097168e+02,9.333159029e-02
8.559472656e+02,8.649219573e-02
8.561848145e+02,1.002550721e-01
8.564224243e+02,1.022452265e-01
8.566599731e+02,8.559522033e-02
8.568975830e+02,8.565128595e-02
8.571351929e+02,8.245582879e-02
8.573728027e+02,8.483840525e-02
8.576104126e+02,8.444598317e-02
8.578480225e+02,9.254673868e-02
8.580856934e+02,9.044446796e-02
8.583233032e+02,8.556719124e-02
8.585609741e+02,8.797779679e-02
8.587986450e+02,9.249068052e-02
8.590363159e+02,9.327553213e-02
8.592740479e+02,1.204368994e-01
8.595117188e+02,7.693386078e-02
8.597494507e+02,8.509067446e-02
8.599871826e+02,8.234370500e-02
8.602249146e+02,8.366113156e-02
8.604626465e+02,8.615583181e-02
8.607003784e+02,7.438310236e-02
8.609381714e+02,8.525885642e-02
8.611759033e+02,8.467022330e-02
8.614136963e+02,8.354900777e-02
8.616514893e+02,9.635886550e-02
8.618892822e+02,1.002831087e-01
8.621270752e+02,9.173385799e-02
8.623649292e+02,8.371718973e-02
8.626027222e+02,9.246265143e-02
8.628405762e+02,8.388537169e-02
8.630784302e+02,8.612780273e-02
8.633162842e+02,7.264521718e-02
8.635541382e+02,8.867856115e-02
8.637919922e+02,8.663234860e-02
8.640299072e+02,7.990507036e-02
8.642678223e+02,8.957552910e-02
8.645057373e+02,8.186719567e-02
8.647436523e+02,8.374522626e-02
8.649815674e+02,8.766946942e-02
8.652194824e+02,7.029067725e-02
8.654574585e+02,8.419370651e-02
8.656953735e+02,8.598764986e-02
8.659333496e+02,6.849673390e-02
8.661713257e+02,7.850355655e-02
8.664093018e+02,7.628916204e-02
8.666472778e+02,9.078083187e-02
8.668853149e+02,8.666037768e-02
8.671233521e+02,8.085810393e-02
8.673613281e+02,8.691264689e-02
8.675993652e+02,8.282022178e-02
8.678374023e+02,8.497855812e-02
8.680755005e+02,7.247703522e-02
8.683135376e+02,8.085810393e-02
8.685516357e+02,8.601567894e-02
8.687896729e+02,8.719295263e-02
8.690277710e+02,7.889597863e-02
8.692658691e+02,7.214067131e-02
8.695040283e+02,7.076718658e-02
8.697421265e+02,6.944976747e-02
8.699802856e+02,7.474749535e-02
8.702183838e+02,6.143309548e-02
8.704565430e+02,9.013613313e-02
8.706947021e+02,8.481037617e-02
8.709328613e+02,7.023461163e-02
8.711710815e+02,8.116643131e-02
8.714092407e+02,7.267325372e-02
8.716474609e+02,5.809748918e-02
8.718856812e+02,8.310052752e-02
8.721239014e+02,7.923234254e-02
8.723621216e+02,8.481037617e-02
8.726003418e+02,7.513991743e-02
8.728386230e+02,7.763461769e-02
8.730768433e+02,7.735431194e-02
8.733151245e+02,6.395582110e-02
8.735534058e+02,6.827249378e-02
8.737916870e+02,8.203537762e-02
8.740299683e+02,5.784521624e-02
8.742683105e+02,6.401188672e-02
8.745066528e+02,7.813916355e-02
8.747449341e+02,6.160127744e-02
8.749832764e+02,7.385052741e-02
8.752216187e+02,7.015052438e-02
8.754600220e+02,6.992627680e-02
8.756983643e+02,7.345809788e-02
8.759367065e+02,7.718612999e-02
8.761751099e+02,6.011567265e-02
8.764135132e+02,6.631036848e-02
8.766519165e+02,8.430583030e-02
8.768903198e+02,7.519597560e-02
8.771287842e+02,6.283461303e-02
8.773671875e+02,8.167097718e-02
8.776056519e+02,6.235809624e-02
8.778441162e+02,6.185355037e-02
8.780825806e+02,5.916264281e-02
8.783210449e+02,6.830052286e-02
8.785595093e+02,7.174824923e-02
8.787980347e+02,6.779597700e-02
8.790364990e+02,6.673082709e-02
8.792750244e+02,6.950582564e-02
8.795135498e+02,7.180430740e-02
8.797520752e+02,6.297476590e-02
8.799906616e+02,7.536415756e-02
8.802291870e+02,7.043082267e-02
8.804677734e+02,6.019976363e-02
8.807062988e+02,7.188840210e-02
8.809448853e+02,5.106187984e-02
8.811834717e+02,6.389976293e-02
8.814221191e+02,6.544142962e-02
8.816607056e+02,5.680809543e-02
8.818993530e+02,6.902930886e-02
8.821379395e+02,6.628233939e-02
8.823765869e+02,6.499294937e-02
8.826152344e+02,6.387173384e-02
8.828539429e+02,5.748082325e-02
8.830925903e+02,7.497173548e-02
8.833312988e+02,4.971642792e-02
8.835699463e+02,6.420809776e-02
8.838086548e+02,6.275051832e-02
8.840473633e+02,6.785203516e-02
8.842860718e+02,6.572173536e-02
8.845248413e+02,6.577779353e-02
8.847635498e+02,7.373840362e-02
8.850023193e+02,5.593915656e-02
8.852410889e+02,5.450960994e-02
8.854798584e+02,5.162248760e-02
8.857186279e+02,5.083763972e-02
8.859573975e+02,5.493006483e-02
8.861961670e+02,6.300279498e-02
8.864349976e+02,6.628233939e-02
8.866738281e+02,6.429218501e-02
8.869126587e+02,5.655582249e-02
8.871514893e+02,6.092854962e-02
8.873903198e+02,5.686415732e-02
8.876292114e+02,5.955506489e-02
8.878680420e+02,5.879824609e-02
8.881069336e+02,6.036794558e-02
8.883458252e+02,5.736870319e-02
8.885847168e+02,5.215506256e-02
8.888236084e+02,6.042400375e-02
8.890625000e+02,5.123006180e-02
8.893014526e+02,4.663309082e-02
8.895404053e+02,5.812551826e-02
8.897793579e+02,5.089369789e-02
8.900183105e+02,6.950582564e-02
8.902572632e+02,5.523839593e-02
8.904962158e+02,7.766264677e-02
8.907352295e+02,5.075354874e-02
8.909741821e+02,6.510506570e-02
8.912131958e+02,5.560279265e-02
8.914522095e+02,5.257551745e-02
8.916912231e+02,5.142627656e-02
8.919302368e+02,6.415203959e-02
8.921693115e+02,5.658385158e-02
8.924083862e+02,5.501415581e-02
8.926473999e+02,5.781718716e-02
8.928864746e+02,4.811869934e-02
8.931255493e+02,4.523157701e-02
8.933646851e+02,5.826567113e-02
8.936037598e+02,6.045203656e-02
8.938428955e+02,5.607930571e-02
8.940819702e+02,5.627552047e-02
8.943211060e+02,6.216188520e-02
8.945602417e+02,4.890354723e-02
8.947994385e+02,5.142627656e-02
8.950385742e+02,6.370355189e-02
8.952777100e+02,5.232324451e-02
8.955169067e+02,6.737551838e-02
8.957561035e+02,4.430657625e-02
8.959953003e+02,5.638764054e-02
8.962344971e+02,4.730581865e-02
8.964737549e+02,5.504218489e-02
8.967129517e+02,4.879142717e-02
8.969522095e+02,5.209900439e-02
8.971914673e+02,5.927476287e-02
8.974307251e+02,5.661188439e-02
8.976699829e+02,6.033991277e-02
8.979092407e+02,5.030506477e-02
8.981484985e+02,5.459370092e-02
8.983878174e+02,6.291870028e-02
8.986271362e+02,4.809067026e-02
8.988664551e+02,4.946415499e-02
8.991057739e+02,4.035430402e-02
8.993450928e+02,5.450960994e-02
8.995844727e+02,4.296112061e-02
8.998237915e+02,5.089369789e-02
9.000631714e+02,4.310127348e-02
9.003025513e+02,5.075354874e-02
9.005419312e+02,5.927476287e-02
9.007813110e+02,5.013688281e-02
9.010206909e+02,4.041036218e-02
9.012601318e+02,4.565203190e-02
9.014995728e+02,4.102703184e-02
9.017390137e+02,5.678006634e-02
9.019784546e+02,5.792930722e-02
9.022178955e+02,4.960430413e-02
9.024573364e+02,5.285582319e-02
9.026968384e+02,4.503536597e-02
9.029362793e+02,4.293309152e-02
9.031757812e+02,5.117400363e-02
9.034152832e+02,5.215506256e-02
9.036547852e+02,3.968157619e-02
9.038943481e+02,6.014370173e-02
9.041338501e+02,3.987778723e-02
9.043734131e+02,5.535051972e-02
9.046129150e+02,3.707475588e-02
9.048524780e+02,5.176264048e-02
9.050920410e+02,4.954824597e-02
9.053316650e+02,4.817476124e-02
9.055712280e+02,3.769142181e-02
9.058108521e+02,5.114597082e-02
9.060504150e+02,3.186111897e-02
9.062900391e+02,4.680127278e-02
9.065296631e+02,5.378082022e-02
9.067693481e+02,3.385126963e-02
9.070089722e+02,5.221112445e-02
9.072486572e+02,3.743915260e-02
9.074882812e+02,4.607248679e-02
9.077279663e+02,4.733385146e-02
9.079676514e+02,4.682930559e-02
9.082073364e+02,4.817476124e-02
9.084470825e+02,4.293309152e-02
9.086867676e+02,3.530884907e-02
9.089265137e+02,4.298915341e-02
9.091662598e+02,4.940809309e-02
9.094060059e+02,4.509142414e-02
9.096457520e+02,3.732702881e-02
9.098854980e+02,4.590430483e-02
9.101252441e+02,4.568006098e-02
9.103650513e+02,3.390733153e-02
9.106048584e+02,4.116718099e-02
9.108446655e+02,4.169975966e-02
9.110844727e+02,4.845506325e-02
9.113242798e+02,3.808384761e-02
9.115641479e+02,3.609369695e-02
9.118039551e+02,3.889672831e-02
9.120438232e+02,4.601642489e-02
9.122836914e+02,3.755127266e-02
9.125235596e+02,2.900202759e-02
9.127634277e+02,5.694824830e-02
9.130032959e+02,3.595354408e-02
9.132432251e+02,3.214142099e-02
9.134831543e+02,3.219748288e-02
9.137230225e+02,3.931718320e-02
9.139629517e+02,4.318536445e-02
9.142029419e+02,3.710278869e-02
9.144428711e+02,3.516869619e-02
9.146828003e+02,4.041036218e-02
9.149227905e+02,4.556794092e-02
9.151627808e+02,4.226036370e-02
9.154027710e+02,4.545582086e-02
9.156427612e+02,4.066263512e-02
9.158827515e+02,3.833612055e-02
9.161228027e+02,3.113233112e-02
9.163627930e+02,4.388612136e-02
9.166028442e+02,4.256869853e-02
9.168428955e+02,4.811869934e-02
9.170829468e+02,4.237248376e-02
9.173229980e+02,4.643687978e-02
9.175631104e+02,4.562400281e-02
9.178031616e+02,2.810505778e-02
9.180432739e+02,3.881263733e-02
9.182833862e+02,3.071187623e-02
9.185234985e+02,4.223233461e-02
9.187636108e+02,3.662627190e-02
9.190037231e+02,3.654218093e-02
9.192438965e+02,4.405430332e-02
9.194840698e+02,2.199444920e-02
9.197241821e+02,4.038233310e-02
9.199643555e+02,3.281414881e-02
9.202045898e+02,2.774066292e-02
9.204447632e+02,2.681566402e-02
9.206849365e+02,3.331869468e-02
9.209251709e+02,3.236566484e-02
9.211654053e+02,3.718687966e-02
9.214056396e+02,5.209900439e-02
9.216458740e+02,3.031945229e-02
9.218861084e+02,3.306642175e-02
9.221264038e+02,4.147551581e-02
9.223666382e+02,3.738309070e-02
9.226069336e+02,2.429293469e-02
9.228472290e+02,3.886869550e-02
9.230875244e+02,3.357096761e-02
9.233278198e+02,3.825202957e-02
9.235681763e+02,2.050884441e-02
9.238084717e+02,3.393536061e-02
9.240488281e+02,1.975202560e-02
9.242891846e+02,3.118839115e-02
9.245295410e+02,3.373914957e-02
9.247698975e+02,2.263914794e-02
9.250102539e+02,4.548384994e-02
9.252506714e+02,2.339596488e-02
9.254910278e+02,2.020050958e-02
9.257314453e+02,3.497248515e-02
9.259718628e+02,3.309445456e-02
9.262122803e+02,3.219748288e-02
9.264527588e+02,2.936642244e-02
9.266931763e+02,2.886187658e-02
9.269336548e+02,3.438384831e-02
9.271741333e+02,2.101338841e-02
9.274146118e+02,2.844142169e-02
9.276550903e+02,1.969596371e-02
9.278955688e+02,3.990581632e-02
9.281360474e+02,3.581339121e-02
9.283765869e+02,3.679445386e-02
9.286171265e+02,2.367626876e-02
9.288576660e+02,3.760733455e-02
9.290982056e+02,2.832929976e-02
9.293387451e+02,3.376717865e-02
9.295792847e+02,2.734823897e-02
9.298198853e+02,2.692778409e-02
9.300604248e+02,2.308763191e-02
9.303010254e+02,1.907929778e-02
9.305416260e+02,2.067702450e-02
9.307822266e+02,3.135657310e-02
9.310228882e+02,6.033991277e-02
9.312634888e+02,3.418763354e-02
9.315041504e+02,2.426490560e-02
9.317448120e+02,1.969596371e-02
9.319854736e+02,3.012323938e-02
9.322261353e+02,2.987096645e-02
9.324667969e+02,3.600960597e-02
9.327075195e+02,2.199444920e-02
9.329481812e+02,3.228157386e-02
9.331889038e+02,3.774748370e-02
9.334296265e+02,2.443308756e-02
9.336703491e+02,2.614293620e-02
9.339110718e+02,1.700505428e-02
9.341518555e+02,2.482551150e-02
9.343925781e+02,1.778990403e-02
9.346333618e+02,3.881263733e-02
9.348741455e+02,2.768460289e-02
9.351149292e+02,3.188914806e-02
9.353557129e+02,2.333990484e-02
9.355964966e+02,3.275809065e-02
9.358373413e+02,1.913535781e-02
9.360781250e+02,2.659142017e-02
9.363189697e+02,1.487475168e-02
9.365598145e+02,2.633914724e-02
9.368006592e+02,1.955581270e-02
9.370415649e+02,3.202930093e-02
9.372824097e+02,1.700505428e-02
9.375233154e+02,2.261111699e-02
9.377642212e+02,2.802096680e-02
9.380051270e+02,3.065581620e-02
9.382460327e+02,2.530202642e-02
9.384869385e+02,1.694899425e-02
9.387278442e+02,1.762172207e-02
9.389688110e+02,3.211339191e-02
9.392097778e+02,3.048763424e-02
9.394507446e+02,1.417399384e-02
9.396917114e+02,2.132172324e-02
9.399326782e+02,1.372550894e-02
9.401736450e+02,1.375353895e-02
9.404146729e+02,3.071187623e-02
9.406556396e+02,2.157399617e-02
9.408966675e+02,3.701869771e-02
9.411376953e+02,2.406869270e-02
9.413787842e+02,1.240808424e-02
9.416198120e+02,1.770581305e-02
9.418608398e+02,2.067702450e-02
9.421019287e+02,2.434899658e-02
9.423430176e+02,1.972399466e-02
9.425841064e+02,2.154596522e-02
9.428251953e+02,1.896717586e-02
9.430662842e+02,2.617096528e-02
9.433074341e+02,1.437020581e-02
9.435485229e+02,1.885505579e-02
9.437896729e+02,1.291262917e-02
9.440308228e+02,2.967475541e-02
9.442719727e+02,1.989217661e-02
9.445131226e+02,1.086641662e-02
9.447543335e+02,5.652779248e-03
9.449954834e+02,1.523914561e-02
9.452366943e+02,5.064142868e-03
9.454779053e+02,2.042475343e-02
9.457191162e+02,2.471338958e-02
9.459603271e+02,1.812626794e-02
9.462015381e+02,8.371719159e-03
9.464428101e+02,1.378156897e-02
9.466840820e+02,1.860278286e-02
9.469252930e+02,1.254823525e-02
9.471665649e+02,1.501490269e-02
9.474078979e+02,2.064899541e-03
9.476491699e+02,1.874293387e-02
9.478904419e+02,2.143384330e-02
9.481317749e+02,1.252020523e-02
9.483731079e+02,1.366944797e-02
9.486144409e+02,2.014444955e-02
9.488557739e+02,9.212628938e-03
9.490971069e+02,2.395657264e-02
9.493384399e+02,1.299672015e-02
9.495798340e+02,1.711717620e-02
9.498212280e+02,1.605202444e-02
9.500626221e+02,2.659142017e-02
9.503040161e+02,3.914900124e-03
9.505454102e+02,1.041793171e-02
9.507868042e+02,1.299672015e-02
9.510282593e+02,1.397778094e-02
9.512697144e+02,8.595962077e-03
9.515111084e+02,1.235202327e-02
9.517525635e+02,2.177020768e-03
9.519940796e+02,5.652779248e-03
9.522355347e+02,1.406187192e-02
9.524769897e+02,6.914142985e-03
9.527185059e+02,1.700505428e-02
9.529600220e+02,-4.354041535e-03
9.532015381e+02,7.194446516e-04
9.534430542e+02,1.456641778e-02
9.536845703e+02,1.366944797e-02
9.539261475e+02,1.459444780e-02
9.541676636e+02,2.249899507e-02
9.544092407e+02,2.953460254e-02
9.546508179e+02,3.270202724e-04
9.548923950e+02,9.408840910e-03
9.551339722e+02,5.316415336e-03
9.553756104e+02,2.275126800e-02
9.556171875e+02,6.633840036e-03
9.558588257e+02,1.523914561e-02
9.561004639e+02,1.935960166e-02
9.563421021e+02,9.072476998e-03
9.565837402e+02,1.044596266e-02
9.568253784e+02,1.336111408e-02
9.570670776e+02,1.495884173e-02
9.573087158e+02,1.137096249e-02
9.575504150e+02,1.083838660e-02
9.577921143e+02,1.274444722e-02
9.580338135e+02,9.689143859e-03
9.582755737e+02,1.355732698e-02
9.585172729e+02,5.624748766e-03
9.587590332e+02,1.557550859e-02
9.590007324e+02,1.005353779e-02
9.592424927e+02,1.588384184e-04
9.594843140e+02,6.521719042e-03
9.597260742e+02,2.653535921e-03
9.599678345e+02,1.266035717e-02
9.602096558e+02,1.019368973e-02
9.604514160e+02,1.745354012e-02
9.606932373e+02,2.420884371e-02
9.609350586e+02,2.160202526e-02
9.611769409e+02,8.820204064e-03
9.614187622e+02,1.778990403e-02
9.616605835e+02,8.287628181e-03
9.619024658e+02,1.386565994e-02
9.621443481e+02,2.729217894e-02
9.623862305e+02,1.322096307e-02
9.626281128e+02,1.784596406e-02
9.628699951e+02,1.907929778e-02
9.631119385e+02,1.117475051e-02
9.633538818e+02,1.229596231e-02
9.635957642e+02,1.608005539e-02
9.638377075e+02,9.212628938e-03
9.640796509e+02,2.017248049e-02
9.643216553e+02,5.148233846e-03
9.645635986e+02,1.408990286e-02
9.648056030e+02,1.893914677e-02
9.650475464e+02,6.661870517e-03
9.652895508e+02,8.147477172e-03
9.655315552e+02,1.459444780e-02
9.657735596e+02,1.414596289e-02
9.660156250e+02,1.599596441e-02
9.662576294e+02,1.700505428e-02
9.664996948e+02,1.229596231e-02
9.667417603e+02,8.231568150e-03
9.669838257e+02,8.708083071e-03
9.672258911e+02,1.392172091e-02
9.674679565e+02,1.005353779e-02
9.677100830e+02,1.400581188e-02
9.679522095e+02,1.165126543e-02
9.681942749e+02,9.408840910e-03
9.684364014e+02,1.899520680e-02
9.686785278e+02,5.036112387e-03
9.689207153e+02,1.383762993e-02
9.691628418e+02,2.989899833e-03
9.694050293e+02,8.904295042e-03
9.696471558e+02,1.195959863e-03
9.698893433e+02,1.448232681e-02
9.701315308e+02,1.109065954e-02
9.703737793e+02,1.652853936e-02
9.706159668e+02,1.044596266e-02
9.708582153e+02,1.633232646e-02
9.711004028e+02,7.502779830e-03
9.713426514e+02,1.521111466e-02
9.715848999e+02,7.362627890e-03
9.718271484e+02,1.344520506e-02
9.720694580e+02,1.167929545e-02
9.723117065e+02,8.035355248e-03
9.725540161e+02,3.718687920e-03
9.727963257e+02,4.251263570e-03
9.730386353e+02,8.932325058e-03
9.732809448e+02,7.054294925e-03
9.735232544e+02,1.260429621e-02
9.737655640e+02,1.574369147e-02
9.740079346e+02,2.064899541e-03
9.742503052e+02,1.812626794e-02
9.744926758e+02,1.397778094e-02
9.747350464e+02,8.652022108e-03
9.749774170e+02,1.114671957e-02
9.752197876e+02,1.392172091e-02
9.754622192e+02,2.031263150e-02
9.757046509e+02,4.307324532e-03
9.759470825e+02,1.238005329e-02
9.761895142e+02,1.565960050e-02
9.764319458e+02,1.195959933e-02
9.766743774e+02,9.408840910e-03
9.769168701e+02,3.326263512e-03
9.771593018e+02,5.484597292e-03
9.774017944e+02,2.233081264e-03
9.776442871e+02,9.941416793e-03
9.778867798e+02,8.960356005e-03
9.781292725e+02,2.177020768e-03
9.783718262e+02,1.240808424e-02
9.786143799e+02,1.364141796e-02
9.788568726e+02,1.501490269e-02
9.790994263e+02,-9.427527897e-03
9.793419800e+02,-2.868435113e-03
9.795845947e+02,7.558840327e-03
9.798271484e+02,3.270202724e-04
9.800697021e+02,1.027778024e-03
9.803123169e+02,1.207172032e-02
9.805549316e+02,9.661113843e-03
9.807975464e+02,1.714520715e-02
9.810401611e+02,1.700505498e-03
9.812828369e+02,1.106262952e-02
9.815254517e+02,3.298233263e-03
9.817681274e+02,-2.896465303e-04
9.820108032e+02,3.690657439e-03
9.822534790e+02,7.895204239e-03
9.824961548e+02,1.238005329e-02
9.827388306e+02,5.680809729e-03
9.829815674e+02,4.867930431e-03
9.832242432e+02,-3.541162470e-03
9.834669800e+02,8.932325058e-03
9.837097168e+02,-3.344950266e-03
9.839524536e+02,9.913386777e-03
9.841951904e+02,2.961869352e-03
9.844379883e+02,1.246414427e-02
9.846807251e+02,-3.064647317e-03
9.849235229e+02,2.675960213e-02
9.851663208e+02,1.801414602e-02
9.854091187e+02,1.784596359e-03
9.856519165e+02,1.470656972e-02
9.858947144e+02,5.596718751e-03
9.861375732e+02,1.501490269e-02
9.863804321e+02,9.801264852e-03
9.866232300e+02,4.363385029e-03
9.868660889e+02,8.960356005e-03
9.871089478e+02,-8.782830555e-04
9.873518677e+02,1.770581305e-02
9.875947266e+02,1.173535641e-02
9.878376465e+02,3.774748417e-03
9.880805664e+02,4.251263570e-03
9.883234863e+02,1.868687395e-04
9.885664062e+02,1.585581154e-02
9.888093262e+02,8.371719159e-03
9.890522461e+02,8.455810137e-03
9.892952271e+02,1.209975034e-02
9.895382080e+02,1.672475133e-03
9.897811279e+02,3.886869643e-03
9.900241699e+02,1.128687151e-02
9.902671509e+02,5.288385320e-03
9.905101318e+02,1.924747950e-03
9.907531738e+02,1.885505579e-02
9.909961548e+02,1.400581188e-02
9.912391968e+02,8.175507188e-03
9.914822388e+02,1.383762993e-02
9.917252808e+02,5.736870226e-03
9.919683838e+02,5.961112678e-03
9.922114258e+02,3.522475716e-03
9.924545288e+02,9.156567976e-03
9.926975708e+02,4.503536504e-03
9.929406738e+02,8.876264910e-04
9.931837769e+02,8.287628181e-03
9.934269409e+02,7.250506897e-03
9.936700439e+02,3.914900124e-03
9.939132080e+02,2.317172289e-02
9.941563110e+02,3.354293760e-03
9.943994751e+02,1.608005539e-02
9.946426392e+02,1.280050841e-03
9.948858643e+02,1.069823466e-02
9.951290283e+02,2.429293527e-04
9.953721924e+02,-3.120707814e-03
9.956154175e+02,3.998991102e-03
9.958586426e+02,5.120203365e-03
9.961018677e+02,6.830052007e-03
9.963450928e+02,8.399749175e-03
9.965883179e+02,1.403384190e-02
9.968316040e+02,-3.260859521e-03
9.970748291e+02,2.821717877e-03
9.973181152e+02,1.106262952e-02
9.975614014e+02,1.027778053e-04
9.978046875e+02,8.848235011e-03
9.980480347e+02,2.989899658e-04
9.982913208e+02,1.058611367e-02
9.985346680e+02,2.765657380e-03
9.987779541e+02,1.170732640e-02
9.990213013e+02,1.893914677e-02
9.992646484e+02,5.260354839e-03
9.995079956e+02,5.961112678e-03
9.997514038e+02,8.007325232e-03
9.999947510e+02,1.459444780e-02
1.000238159e+03,-1.270707347e-03
1.000481567e+03,3.830809146e-04
1.000724976e+03,1.134293247e-02
1.000968384e+03,-4.466162529e-03
1.001211792e+03,5.120203365e-03
1.001455261e+03,4.391415277e-04
1.001698669e+03,1.661263034e-02
1.001942139e+03,-2.980556339e-03
1.002185608e+03,9.156567976e-04
1.002429077e+03,-2.055556106e-04
1.002672546e+03,1.120278053e-02
1.002916077e+03,-3.737374791e-04
1.003159546e+03,1.002550777e-02
1.003403076e+03,5.961112678e-03
1.003646606e+03,1.451035682e-02
1.003890137e+03,-6.147981156e-03
1.004133667e+03,6.830052007e-03
1.004377258e+03,1.083838660e-02
1.004620789e+03,2.084520645e-02
1.004864380e+03,3.774748417e-03
1.005107971e+03,-2.812374383e-03
1.005351562e+03,1.075429562e-02
1.005595154e+03,-1.158586121e-03
1.005838745e+03,-6.540405448e-04
1.006082336e+03,-1.859343960e-03
1.006325989e+03,1.288459916e-02
1.006569641e+03,2.765657380e-03
1.006813293e+03,-2.251768252e-03
1.007056946e+03,5.905052181e-03
1.007300598e+03,-6.960860454e-03
1.007544312e+03,-7.633587811e-03
1.007787964e+03,2.681566402e-03
1.008031677e+03,3.186111804e-03
1.008275391e+03,1.229596231e-02
1.008519104e+03,-4.213890061e-03
1.008762817e+03,3.298233263e-03
1.009006531e+03,4.952021409e-03
1.009250305e+03,6.437628064e-03
1.009494019e+03,8.315658779e-04
1.009737793e+03,-1.382828690e-03
1.009981567e+03,1.420202432e-03
1.010225342e+03,-5.867678206e-03
1.010469177e+03,-7.661618292e-04
1.010712952e+03,-3.709344426e-03
1.010956787e+03,5.400506314e-03
1.011200623e+03,2.597475424e-03
1.011444397e+03,8.623992093e-03
1.011688293e+03,3.186111804e-03
1.011932129e+03,3.270202724e-04
1.012175964e+03,5.036112387e-03
1.012419861e+03,-5.251011346e-03
1.012663696e+03,1.369747799e-02
1.012907593e+03,2.289141901e-02
1.013151489e+03,-2.700253157e-03
1.013395447e+03,4.839900415e-03
1.013639343e+03,-6.147981156e-03
1.013883240e+03,-2.588131931e-03
1.014127197e+03,8.259598166e-03
1.014371155e+03,1.599596441e-02
1.014615112e+03,5.736870226e-03
1.014859070e+03,1.644444838e-02
1.015103027e+03,-8.362376131e-03
1.015347046e+03,9.128537960e-03
1.015591003e+03,3.970960621e-03
1.015835022e+03,5.484597292e-03
1.016079041e+03,-2.055556106e-04
1.016323059e+03,5.736870226e-03
1.016567078e+03,-1.326768007e-02
1.016811157e+03,4.475506023e-03
1.017055176e+03,-1.116540655e-02
1.017299255e+03,9.717174107e-04
1.017543335e+03,9.100507013e-03
1.017787415e+03,3.466414986e-03
1.018031494e+03,9.184597991e-03
1.018275574e+03,-2.952526091e-03
1.018519714e+03,1.221187133e-02
1.018763855e+03,1.725732721e-02
1.019007935e+03,-4.278359562e-02
1.019252075e+03,-4.143813998e-02
1.019496216e+03,-4.550253600e-02
1.019740417e+03,-4.564268887e-02
1.019984558e+03,-4.696011171e-02
1.020228760e+03,-4.558662698e-02
[EndOfFile]
