#Thorlabs FTS
[SpectrumHeader]
#Date,20251128
#Time,19105386
#GMTTime,22105386
#Instrument,0
#InstrModel,CCS200
#Series,0
#InterferometerSerial,M00311012
#Type,emission
#ChannelIndex,0
#XAxisUnit,nm_air
#YAxisUnit,intensity
#Average,1
#RollingAverage,0
#SpectrumSmooth,0
#SSmoothParam1,0
#SSmoothParam2,0
#SSmoothParam3,0
#SSmoothParam4,0
#IntegrationTime,3.000000
#TriggerMode,0
#AirMeasureOpt,0
#AirTemp,0.00
#AirPressure,0.00
#AirRelHum,0.00
#WnrMin,9799.037109
#WnrMax,50982.906250
#Length,3648
#Resolution,0.0000000000e+00
#ADC,0
#InstrStatus,0
#RefLaserLocked,0
#ChannelIndex,0
#AttenuationFilter,0
#Stitched,0
#ExcitationWavelength_nm,0
#SoftwareVersion,3.310000
#FirmwareVersion,
#Motor_FirmwareVersion,
#ReconstructionAlgorithms_SoftwareVersion,
#Sensor_FirmwareVersion,
#InstrSeriesIdentifier,MUN_CCS_SERIES
#RefGainIndex,0
#RefSignalInPerecent,0.0
#BBRefGainIndex,0
#BBRefSignalInPerecent,0.0
#AutogainStatus,0
#Name,
#Comment,""
#ExtComment,""
#Source,
[Data]
1.960870056e+02,-8.527280879e-04
1.962940979e+02,-9.330898756e-04
1.965012054e+02,1.317040762e-03
1.967083282e+02,5.134226521e-04
1.969154510e+02,1.263466198e-03
1.971225891e+02,-6.384298904e-04
1.973297424e+02,-1.147388015e-03
1.975368958e+02,1.343828044e-03
1.977440643e+02,2.067084191e-03
1.979512482e+02,3.165362170e-03
1.981584320e+02,1.290253480e-03
1.983656311e+02,3.004638711e-03
1.985728455e+02,2.361744177e-03
1.987800751e+02,4.397576675e-03
1.989873047e+02,2.120658755e-03
1.991945496e+02,1.959935063e-03
1.994018097e+02,1.692062477e-03
1.996090698e+02,-2.459964249e-03
1.998163452e+02,-1.415260718e-03
2.000236359e+02,-7.723662420e-04
2.002309418e+02,-4.241317511e-04
2.004382477e+02,-1.227749861e-03
2.006455688e+02,1.531338901e-03
2.008528900e+02,-1.227749861e-03
2.010602417e+02,-1.683133421e-03
2.012675934e+02,8.080826374e-04
2.014749451e+02,9.420189308e-04
2.016823273e+02,6.473590038e-04
2.018897095e+02,1.799211605e-03
2.020971069e+02,8.482635167e-05
2.023045044e+02,4.464544872e-06
2.025119171e+02,2.991245128e-04
2.027193451e+02,1.986722462e-03
2.029267883e+02,2.656404162e-03
2.031342316e+02,3.272511298e-03
2.033416901e+02,3.513596719e-03
2.035491638e+02,2.763553290e-03
2.037566376e+02,8.482635167e-05
2.039641418e+02,1.772424323e-03
2.041716309e+02,-1.174175297e-03
2.043791504e+02,-1.093813451e-03
2.045866699e+02,-9.598771576e-04
2.047942047e+02,-1.629558858e-03
2.050017548e+02,-3.960051108e-03
2.052093048e+02,-1.709920703e-03
2.054168701e+02,-5.848553847e-04
2.056244507e+02,8.884444251e-04
2.058320312e+02,2.455499780e-04
2.060396423e+02,9.955934947e-04
2.062472534e+02,5.937844398e-04
2.064548645e+02,1.183104352e-03
2.066624908e+02,1.116136191e-04
2.068701324e+02,3.218936734e-03
2.070777893e+02,2.602829598e-03
2.072854462e+02,1.504551619e-03
2.074931335e+02,3.031425877e-03
2.077008057e+02,2.790340455e-03
2.079085083e+02,1.959935063e-03
2.081162109e+02,1.692062477e-03
2.083239288e+02,-2.513538813e-03
2.085316467e+02,-6.920044543e-04
2.087393951e+02,1.959935063e-03
2.089471436e+02,-6.652171724e-04
2.091548920e+02,-1.549197012e-03
2.093626709e+02,-1.308111590e-03
2.095704498e+02,1.022380777e-03
2.097782440e+02,-1.361686154e-03
2.099860382e+02,-1.830463443e-04
2.101938629e+02,1.116136191e-04
2.104016724e+02,5.803908425e-05
2.106095123e+02,4.062735825e-04
2.108173523e+02,7.009335095e-04
2.110252075e+02,1.692062477e-03
2.112330780e+02,1.772424323e-03
2.114409637e+02,2.843915019e-03
2.116488495e+02,3.259117657e-04
2.118567505e+02,1.933147898e-03
2.120646515e+02,9.152317070e-04
2.122725677e+02,2.629616996e-03
2.124804993e+02,1.209891634e-03
2.126884460e+02,-1.026845275e-04
2.128963928e+02,-1.656346139e-03
2.131043549e+02,8.348698611e-04
2.133123322e+02,-1.227749861e-03
2.135203094e+02,-9.063025936e-04
2.137283173e+02,-5.848553847e-04
2.139363098e+02,-7.455789600e-04
2.141443329e+02,1.102742623e-03
2.143523560e+02,-5.044935388e-04
2.145603943e+02,-1.013451722e-03
2.147684479e+02,3.433234990e-03
2.149765015e+02,1.450977055e-03
2.151845703e+02,-2.098336117e-04
2.153926544e+02,2.334957011e-03
2.156007538e+02,1.611700631e-03
2.158088531e+02,6.473590038e-04
2.160169678e+02,3.567171283e-03
2.162250824e+02,9.688062128e-04
2.164332123e+02,1.665275195e-03
2.166413574e+02,9.152317070e-04
2.168495178e+02,2.468893304e-03
2.170576782e+02,1.906360616e-03
2.172658691e+02,-4.509190330e-04
2.174740448e+02,3.794863005e-04
2.176822510e+02,-6.116426666e-04
2.178904572e+02,-2.299240557e-03
2.180986786e+02,1.986722462e-03
2.183069000e+02,4.598481173e-04
2.185151520e+02,9.955934947e-04
2.187234039e+02,2.991245128e-04
2.189316559e+02,3.794863005e-04
2.191399384e+02,9.688062128e-04
2.193482208e+02,4.866353993e-04
2.195565186e+02,1.772424323e-03
2.197648163e+02,3.995767795e-03
2.199731293e+02,-2.901953994e-04
2.201814575e+02,3.111787839e-03
2.203898010e+02,2.201020485e-03
2.205981445e+02,3.272511298e-03
2.208065033e+02,2.120658755e-03
2.210148773e+02,7.009335095e-04
2.212232513e+02,1.745637041e-03
2.214316406e+02,2.187626960e-04
2.216400452e+02,-2.245665994e-03
2.218484650e+02,-2.232272345e-05
2.220568848e+02,8.616571431e-04
2.222653198e+02,4.330608353e-04
2.224737549e+02,-1.281324308e-03
2.226822205e+02,-6.652171724e-04
2.228906860e+02,4.464544872e-06
2.230991516e+02,7.812953554e-04
2.233076477e+02,1.129529788e-03
2.235161438e+02,2.120658755e-03
2.237246552e+02,-2.366208791e-04
2.239331665e+02,9.420189308e-04
2.241416931e+02,9.688062128e-04
2.243502350e+02,1.129529788e-03
2.245587921e+02,1.558126183e-03
2.247673492e+02,2.308169613e-03
2.249759216e+02,2.120658755e-03
2.251845093e+02,3.085000440e-03
2.253930969e+02,-5.580681027e-04
2.256017151e+02,9.152317070e-04
2.258103180e+02,7.545080734e-04
2.260189514e+02,6.205717218e-04
2.262275848e+02,1.102742623e-03
2.264362335e+02,1.651881612e-04
2.266448975e+02,1.397402491e-03
2.268535614e+02,-2.352815121e-03
2.270622406e+02,-1.790282433e-03
2.272709351e+02,7.545080734e-04
2.274796295e+02,-1.656346139e-03
2.276883392e+02,2.924276749e-03
2.278970642e+02,8.080826374e-04
2.281058044e+02,3.326085862e-03
2.283145447e+02,1.450977055e-03
2.285233002e+02,1.692062477e-03
2.287320557e+02,1.343828044e-03
2.289408417e+02,1.156317070e-03
2.291496277e+02,2.709978726e-03
2.293584137e+02,1.852786052e-03
2.295672302e+02,5.937844398e-04
2.297760468e+02,-2.098336117e-04
2.299848785e+02,-1.013451722e-03
2.301937103e+02,4.062735825e-04
2.304025726e+02,-7.991535240e-04
2.306114197e+02,1.384008938e-04
2.308202972e+02,1.919754286e-04
2.310291748e+02,1.424189773e-03
2.312380676e+02,-3.705572162e-04
2.314469757e+02,1.209891634e-03
2.316558990e+02,5.669972161e-04
2.318648224e+02,1.852786052e-03
2.320737610e+02,-2.634081466e-04
2.322826996e+02,8.348698611e-04
2.324916534e+02,2.683191327e-03
2.327006226e+02,2.334957011e-03
2.329096069e+02,2.415318741e-03
2.331185913e+02,1.933147898e-03
2.333275909e+02,5.803908425e-05
2.335366058e+02,9.955934947e-04
2.337456207e+02,5.937844398e-04
2.339546661e+02,-3.705572162e-04
2.341636963e+02,-1.254537143e-03
2.343727570e+02,1.531338901e-03
2.345818176e+02,-3.210007679e-03
2.347908936e+02,-1.736707985e-03
2.349999847e+02,-1.575984294e-03
2.352090759e+02,1.263466198e-03
2.354181824e+02,-7.455789600e-04
2.356273041e+02,-6.116426666e-04
2.358364258e+02,1.825998886e-03
2.360455627e+02,1.651881612e-04
2.362547150e+02,1.584913465e-03
2.364638824e+02,4.062735825e-04
2.366730499e+02,2.723372309e-04
2.368822327e+02,2.201020485e-03
2.370914154e+02,8.080826374e-04
2.373006287e+02,2.334957011e-03
2.375098419e+02,3.259117657e-04
2.377190552e+02,3.031425877e-03
2.379282990e+02,-5.044935388e-04
2.381375427e+02,-1.294717949e-04
2.383468018e+02,-1.067026169e-03
2.385560608e+02,1.531338901e-03
2.387653503e+02,-1.013451722e-03
2.389746246e+02,-1.495622564e-03
2.391839294e+02,1.116136191e-04
2.393932343e+02,1.290253480e-03
2.396025543e+02,-2.406389685e-03
2.398118896e+02,2.817127854e-03
2.400212402e+02,-9.598771576e-04
2.402305908e+02,1.049168059e-03
2.404399414e+02,-3.437699634e-04
2.406493225e+02,3.379660426e-03
2.408587036e+02,2.013509627e-03
2.410681000e+02,1.075955341e-03
2.412775116e+02,1.718849759e-03
2.414869232e+02,3.406447591e-03
2.416963501e+02,4.866353993e-04
2.419057922e+02,8.884444251e-04
2.421152344e+02,2.991245128e-04
2.423246918e+02,5.937844398e-04
2.425341644e+02,4.330608353e-04
2.427436371e+02,1.611700631e-03
2.429531403e+02,-1.709920703e-03
2.431626434e+02,-7.187917363e-04
2.433721466e+02,-5.044935388e-04
2.435816650e+02,-9.598771576e-04
2.437911987e+02,-1.442048000e-03
2.440007477e+02,1.959935063e-03
2.442103119e+02,1.906360616e-03
2.444198761e+02,2.495680470e-03
2.446294403e+02,1.384008938e-04
2.448390350e+02,4.062735825e-04
2.450486298e+02,1.236678916e-03
2.452582397e+02,1.558126183e-03
2.454678650e+02,4.598481173e-04
2.456774902e+02,2.951064147e-03
2.458871307e+02,1.075955341e-03
2.460967865e+02,7.009335095e-04
2.463064423e+02,-1.924218843e-03
2.465161133e+02,-1.026845275e-04
2.467257996e+02,3.526990477e-04
2.469354858e+02,5.669972161e-04
2.471451874e+02,1.022380777e-03
2.473549042e+02,-1.040238887e-03
2.475646362e+02,-7.455789600e-04
2.477743683e+02,7.277207915e-04
2.479841156e+02,-1.562590624e-04
2.481938782e+02,1.919754286e-04
2.484036407e+02,-1.388473436e-03
2.486134186e+02,2.281382447e-03
2.488232117e+02,1.075955341e-03
2.490330048e+02,2.576042432e-03
2.492428284e+02,1.558126183e-03
2.494526367e+02,2.576042432e-03
2.496624756e+02,3.486809554e-03
2.498723145e+02,2.308169613e-03
2.500821686e+02,1.825998886e-03
2.502920380e+02,1.825998886e-03
2.505019073e+02,-1.200962579e-03
2.507117920e+02,1.075955341e-03
2.509216919e+02,-1.817069715e-03
2.511315918e+02,2.187626960e-04
2.513415222e+02,-2.995709656e-03
2.515514374e+02,2.067084191e-03
2.517613831e+02,-2.901953994e-04
2.519713287e+02,1.879573334e-03
2.521812897e+02,-4.509190330e-04
2.523912659e+02,1.370615209e-03
2.526012421e+02,5.669972161e-04
2.528112335e+02,1.290253480e-03
2.530212402e+02,6.205717218e-04
2.532312469e+02,3.165362170e-03
2.534412689e+02,-1.294717949e-04
2.536513062e+02,3.004638711e-03
2.538613586e+02,8.080826374e-04
2.540714111e+02,6.473590038e-04
2.542814789e+02,-3.437699634e-04
2.544915466e+02,1.665275195e-03
2.547016449e+02,-5.312808207e-04
2.549117432e+02,-6.652171724e-04
2.551218567e+02,-7.991535240e-04
2.553319702e+02,1.049168059e-03
2.555420990e+02,-1.281324308e-03
2.557522430e+02,-2.901953994e-04
2.559623871e+02,-2.459964249e-03
2.561725464e+02,6.473590038e-04
2.563827209e+02,-1.294717949e-04
2.565928955e+02,1.638487913e-03
2.568031006e+02,1.022380777e-03
2.570133057e+02,2.334957011e-03
2.572235107e+02,7.277207915e-04
2.574337463e+02,1.022380777e-03
2.576439819e+02,2.723372309e-04
2.578542480e+02,1.906360616e-03
2.580644836e+02,-1.067026169e-03
2.582747498e+02,2.683191327e-03
2.584850464e+02,1.049168059e-03
2.586953430e+02,-4.241317511e-04
2.589056396e+02,-1.830463443e-04
2.591159363e+02,1.504551619e-03
2.593262634e+02,-2.379602287e-03
2.595365906e+02,-1.562590624e-04
2.597469482e+02,2.187626960e-04
2.599573059e+02,3.794863005e-04
2.601676636e+02,1.049168059e-03
2.603780212e+02,3.125181320e-05
2.605884094e+02,1.477764337e-03
2.607988281e+02,1.263466198e-03
2.610092163e+02,1.263466198e-03
2.612196350e+02,1.584913465e-03
2.614300842e+02,-3.437699634e-04
2.616405029e+02,1.450977055e-03
2.618509521e+02,4.866353993e-04
2.620614319e+02,4.049342126e-03
2.622718811e+02,-3.705572162e-04
2.624823608e+02,2.174233319e-03
2.626928711e+02,4.062735825e-04
2.629033508e+02,-8.259408060e-04
2.631138916e+02,-3.169826814e-04
2.633244019e+02,5.134226521e-04
2.635349426e+02,-2.245665994e-03
2.637454834e+02,-1.388473436e-03
2.639560242e+02,-1.040238887e-03
2.641665955e+02,3.259117657e-04
2.643771973e+02,-1.522409730e-03
2.645877686e+02,3.379660426e-03
2.647983704e+02,1.022380777e-03
2.650089722e+02,-7.589726010e-05
2.652196045e+02,3.794863005e-04
2.654302368e+02,2.013509627e-03
2.656408691e+02,-2.098336117e-04
2.658515320e+02,1.450977055e-03
2.660621948e+02,5.803908425e-05
2.662728577e+02,3.593958681e-03
2.664835510e+02,1.584913465e-03
2.666942444e+02,7.545080734e-04
2.669049377e+02,-1.977793407e-03
2.671156616e+02,9.420189308e-04
2.673263855e+02,3.526990477e-04
2.675371094e+02,-5.312808207e-04
2.677478638e+02,-1.549197012e-03
2.679586182e+02,-7.991535240e-04
2.681694031e+02,-2.540325979e-03
2.683801575e+02,1.450977055e-03
2.685909729e+02,-2.486751415e-03
2.688017578e+02,4.464544872e-06
2.690125732e+02,-1.562590624e-04
2.692233887e+02,7.545080734e-04
2.694342346e+02,1.129529788e-03
2.696450806e+02,1.558126183e-03
2.698559265e+02,-9.063025936e-04
2.700667725e+02,-2.232272345e-05
2.702776489e+02,3.058213275e-03
2.704885559e+02,9.420189308e-04
2.706994324e+02,1.638487913e-03
2.709103394e+02,2.147446154e-03
2.711212769e+02,1.933147898e-03
2.713321838e+02,3.526990477e-04
2.715431213e+02,-1.602771576e-03
2.717540894e+02,3.125181320e-05
2.719650269e+02,-1.294717949e-04
2.721760254e+02,-1.174175297e-03
2.723869934e+02,-1.683133421e-03
2.725979919e+02,2.455499780e-04
2.728089905e+02,-3.437699634e-04
2.730199890e+02,-4.509190330e-04
2.732310181e+02,4.330608353e-04
2.734420471e+02,2.522467868e-03
2.736531067e+02,4.464544872e-06
2.738641663e+02,-6.652171724e-04
2.740752258e+02,1.397402491e-03
2.742862854e+02,1.906360616e-03
2.744973755e+02,1.772424323e-03
2.747084961e+02,2.013509627e-03
2.749195862e+02,9.152317070e-04
2.751307068e+02,5.937844398e-04
2.753418274e+02,-6.652171724e-04
2.755529785e+02,4.062735825e-04
2.757641296e+02,-1.308111590e-03
2.759752808e+02,-7.187917363e-04
2.761864624e+02,-1.040238887e-03
2.763976440e+02,1.263466198e-03
2.766088562e+02,5.402099341e-04
2.768200378e+02,1.852786052e-03
2.770312500e+02,-1.281324308e-03
2.772424927e+02,-3.169826814e-04
2.774537354e+02,-1.442048000e-03
2.776649780e+02,1.209891634e-03
2.778762207e+02,1.772424323e-03
2.780874939e+02,3.085000440e-03
2.782987671e+02,1.718849759e-03
2.785100708e+02,2.576042432e-03
2.787213745e+02,1.343828044e-03
2.789326782e+02,1.959935063e-03
2.791439819e+02,1.531338901e-03
2.793553162e+02,1.611700631e-03
2.795666504e+02,2.629616996e-03
2.797780151e+02,2.187626960e-04
2.799893799e+02,4.464544872e-06
2.802007446e+02,-4.910999269e-05
2.804121399e+02,4.866353993e-04
2.806235352e+02,8.482635167e-05
2.808349304e+02,-2.098336117e-04
2.810463562e+02,-6.652171724e-04
2.812577820e+02,-1.227749861e-03
2.814692078e+02,-8.259408060e-04
2.816806641e+02,-9.598771576e-04
2.818921204e+02,1.558126183e-03
2.821036072e+02,2.187626960e-04
2.823150635e+02,2.991245128e-04
2.825265808e+02,3.058213275e-03
2.827380676e+02,2.924276749e-03
2.829495850e+02,-2.634081466e-04
2.831611023e+02,3.942192998e-03
2.833726501e+02,-4.910999269e-05
2.835841675e+02,7.545080734e-04
2.837957458e+02,-2.232272345e-05
2.840072937e+02,4.866353993e-04
2.842188721e+02,9.955934947e-04
2.844304504e+02,1.022380777e-03
2.846420593e+02,-2.861773130e-03
2.848536682e+02,7.812953554e-04
2.850652771e+02,2.187626960e-04
2.852769165e+02,-2.232272345e-05
2.854885559e+02,-6.652171724e-04
2.857001953e+02,2.455499780e-04
2.859118652e+02,-1.709920703e-03
2.861235352e+02,-1.026845275e-04
2.863352051e+02,3.031425877e-03
2.865469055e+02,1.183104352e-03
2.867586060e+02,1.477764337e-03
2.869703064e+02,3.567171283e-03
2.871820374e+02,1.959935063e-03
2.873937683e+02,2.147446154e-03
2.876055298e+02,-1.656346139e-03
2.878172913e+02,1.236678916e-03
2.880290527e+02,1.651881612e-04
2.882408142e+02,1.799211605e-03
2.884526062e+02,9.152317070e-04
2.886643982e+02,4.062735825e-04
2.888762207e+02,8.482635167e-05
2.890880432e+02,7.277207915e-04
2.892998657e+02,-6.116426666e-04
2.895116882e+02,-1.388473436e-03
2.897235413e+02,1.116136191e-04
2.899354248e+02,1.263466198e-03
2.901472778e+02,-6.384298904e-04
2.903591614e+02,3.111787839e-03
2.905710754e+02,4.598481173e-04
2.907829590e+02,2.455499780e-04
2.909948730e+02,1.209891634e-03
2.912068176e+02,1.343828044e-03
2.914187317e+02,3.526990477e-04
2.916306763e+02,1.852786052e-03
2.918426514e+02,-3.973444982e-04
2.920546265e+02,5.134226521e-04
2.922666016e+02,-1.254537143e-03
2.924785767e+02,5.134226521e-04
2.926905823e+02,3.125181320e-05
2.929025879e+02,5.803908425e-05
2.931146240e+02,-3.665391356e-03
2.933266296e+02,8.616571431e-04
2.935386963e+02,-1.093813451e-03
2.937507324e+02,2.455499780e-04
2.939627991e+02,-7.991535240e-04
2.941748657e+02,1.156317070e-03
2.943869629e+02,2.254595049e-03
2.945990601e+02,9.152317070e-04
2.948111572e+02,2.991245128e-04
2.950232849e+02,1.477764337e-03
2.952354126e+02,3.433234990e-03
2.954475403e+02,2.415318741e-03
2.956596680e+02,2.093871590e-03
2.958718262e+02,3.406447591e-03
2.960840149e+02,-3.169826814e-04
2.962962036e+02,6.205717218e-04
2.965083923e+02,5.402099341e-04
2.967205811e+02,1.919754286e-04
2.969328003e+02,1.049168059e-03
2.971450195e+02,4.598481173e-04
2.973572388e+02,-2.727836836e-03
2.975694885e+02,-2.634081466e-04
2.977817383e+02,-6.116426666e-04
2.979940186e+02,5.402099341e-04
2.982062683e+02,-4.910999269e-05
2.984185791e+02,6.473590038e-04
2.986308594e+02,1.290253480e-03
2.988431702e+02,-3.705572162e-04
2.990554810e+02,1.384008938e-04
2.992678223e+02,9.420189308e-04
2.994801636e+02,2.187626960e-04
2.996925049e+02,1.424189773e-03
2.999048462e+02,1.959935063e-03
3.001172180e+02,1.370615209e-03
3.003296204e+02,3.794863005e-04
3.005419922e+02,5.937844398e-04
3.007543945e+02,4.464544872e-06
3.009668274e+02,-2.098336117e-04
3.011792297e+02,-1.227749861e-03
3.013916626e+02,-1.281324308e-03
3.016041260e+02,-5.848553847e-04
3.018165588e+02,3.125181320e-05
3.020290222e+02,4.464544872e-06
3.022415161e+02,1.611700631e-03
3.024539795e+02,-7.991535240e-04
3.026665039e+02,1.772424323e-03
3.028789978e+02,1.651881612e-04
3.030915222e+02,1.745637041e-03
3.033040466e+02,8.348698611e-04
3.035165710e+02,1.799211605e-03
3.037291260e+02,-2.098336117e-04
3.039416809e+02,3.245724132e-03
3.041542664e+02,1.919754286e-04
3.043668518e+02,2.013509627e-03
3.045794373e+02,-5.312808207e-04
3.047920532e+02,5.937844398e-04
3.050046387e+02,3.794863005e-04
3.052172852e+02,-1.562590624e-04
3.054299011e+02,-1.040238887e-03
3.056425476e+02,-1.736707985e-03
3.058552246e+02,-1.388473436e-03
3.060678711e+02,1.504551619e-03
3.062805481e+02,-1.200962579e-03
3.064932556e+02,1.022380777e-03
3.067059326e+02,1.343828044e-03
3.069186401e+02,7.009335095e-04
3.071313782e+02,5.669972161e-04
3.073440857e+02,2.576042432e-03
3.075568237e+02,1.745637041e-03
3.077695923e+02,4.062735825e-04
3.079823608e+02,1.558126183e-03
3.081951294e+02,2.415318741e-03
3.084078979e+02,4.022554960e-03
3.086206970e+02,1.075955341e-03
3.088334961e+02,1.919754286e-04
3.090463257e+02,1.317040762e-03
3.092591248e+02,-1.870644279e-03
3.094719849e+02,-6.920044543e-04
3.096848145e+02,-2.861773130e-03
3.098976746e+02,1.183104352e-03
3.101105347e+02,-5.312808207e-04
3.103234253e+02,1.384008938e-04
3.105363159e+02,-2.352815121e-03
3.107492065e+02,4.464544872e-06
3.109621277e+02,8.616571431e-04
3.111750183e+02,9.955934947e-04
3.113879700e+02,1.919754286e-04
3.116008911e+02,2.576042432e-03
3.118138428e+02,6.205717218e-04
3.120268250e+02,2.227807883e-03
3.122397766e+02,2.455499780e-04
3.124527588e+02,3.526990477e-04
3.126657715e+02,1.772424323e-03
3.128787842e+02,1.959935063e-03
3.130917969e+02,5.402099341e-04
3.133048096e+02,7.812953554e-04
3.135178528e+02,-9.598771576e-04
3.137308960e+02,1.183104352e-03
3.139439392e+02,-1.763495151e-03
3.141570129e+02,-3.169826814e-04
3.143700867e+02,-8.527280879e-04
3.145831909e+02,-6.652171724e-04
3.147962952e+02,-2.834985964e-03
3.150093994e+02,1.665275195e-03
3.152225037e+02,5.134226521e-04
3.154356384e+02,1.397402491e-03
3.156487732e+02,-4.509190330e-04
3.158619385e+02,-9.063025936e-04
3.160751038e+02,1.263466198e-03
3.162882690e+02,2.790340455e-03
3.165014648e+02,-2.098336117e-04
3.167146606e+02,3.674320411e-03
3.169278564e+02,9.420189308e-04
3.171410828e+02,8.482635167e-05
3.173543091e+02,-5.312808207e-04
3.175675354e+02,3.526990477e-04
3.177807922e+02,-1.442048000e-03
3.179940491e+02,8.348698611e-04
3.182073059e+02,8.616571431e-04
3.184205933e+02,7.277207915e-04
3.186338806e+02,-2.513538813e-03
3.188471680e+02,9.152317070e-04
3.190604858e+02,3.259117657e-04
3.192738037e+02,2.991245128e-04
3.194871521e+02,5.134226521e-04
3.197004700e+02,1.772424323e-03
3.199138184e+02,1.129529788e-03
3.201271973e+02,8.080826374e-04
3.203405762e+02,1.049168059e-03
3.205539551e+02,1.049168059e-03
3.207673340e+02,7.277207915e-04
3.209807434e+02,3.674320411e-03
3.211941833e+02,-1.308111590e-03
3.214075928e+02,5.134226521e-04
3.216210327e+02,1.665275195e-03
3.218344727e+02,6.205717218e-04
3.220479431e+02,-2.138516866e-03
3.222614136e+02,6.205717218e-04
3.224748840e+02,3.794863005e-04
3.226883850e+02,2.187626960e-04
3.229018860e+02,2.308169613e-03
3.231153870e+02,-3.973444982e-04
3.233289185e+02,7.812953554e-04
3.235424500e+02,5.402099341e-04
3.237559814e+02,-1.361686154e-03
3.239695435e+02,1.772424323e-03
3.241831055e+02,8.348698611e-04
3.243966675e+02,1.825998886e-03
3.246102600e+02,2.629616996e-03
3.248238525e+02,1.102742623e-03
3.250374451e+02,3.192149568e-03
3.252510681e+02,3.433234990e-03
3.254646912e+02,1.919754286e-04
3.256783447e+02,1.959935063e-03
3.258919983e+02,-1.495622564e-03
3.261056519e+02,6.205717218e-04
3.263193054e+02,-1.147388015e-03
3.265329895e+02,1.049168059e-03
3.267466736e+02,-9.598771576e-04
3.269603882e+02,9.955934947e-04
3.271741028e+02,-1.254537143e-03
3.273878174e+02,5.937844398e-04
3.276015625e+02,-1.294717949e-04
3.278152771e+02,1.397402491e-03
3.280290527e+02,-5.312808207e-04
3.282427979e+02,3.138575004e-03
3.284565735e+02,1.290253480e-03
3.286703796e+02,3.272511298e-03
3.288841553e+02,3.085000440e-03
3.290979614e+02,1.692062477e-03
3.293117981e+02,1.477764337e-03
3.295256042e+02,1.022380777e-03
3.297394409e+02,1.384008938e-04
3.299533081e+02,3.794863005e-04
3.301671448e+02,9.420189308e-04
3.303810425e+02,3.794863005e-04
3.305949097e+02,-3.169826814e-04
3.308088074e+02,3.259117657e-04
3.310227051e+02,3.794863005e-04
3.312366028e+02,2.067084191e-03
3.314505310e+02,-4.509190330e-04
3.316644592e+02,-6.920044543e-04
3.318784180e+02,-8.259408060e-04
3.320923767e+02,1.102742623e-03
3.323063354e+02,6.473590038e-04
3.325202942e+02,3.460022155e-03
3.327342834e+02,2.227807883e-03
3.329482727e+02,2.656404162e-03
3.331622925e+02,1.718849759e-03
3.333763123e+02,2.281382447e-03
3.335903320e+02,9.688062128e-04
3.338043823e+02,4.464544872e-06
3.340184326e+02,3.526990477e-04
3.342324829e+02,1.049168059e-03
3.344465332e+02,-8.527280879e-04
3.346606140e+02,2.201020485e-03
3.348747253e+02,-4.777062859e-04
3.350888062e+02,-6.116426666e-04
3.353029175e+02,-1.254537143e-03
3.355170593e+02,-1.093813451e-03
3.357311707e+02,-1.147388015e-03
3.359453125e+02,8.482635167e-05
3.361594849e+02,1.384008938e-04
3.363736572e+02,3.526990477e-04
3.365878296e+02,3.125181320e-05
3.368020020e+02,2.629616996e-03
3.370162048e+02,1.290253480e-03
3.372304077e+02,2.897489583e-03
3.374446106e+02,7.277207915e-04
3.376588440e+02,1.183104352e-03
3.378730774e+02,2.656404162e-03
3.380873413e+02,-1.026845275e-04
3.383016052e+02,-1.308111590e-03
3.385158691e+02,2.736765891e-03
3.387301331e+02,-1.522409730e-03
3.389444275e+02,-5.848553847e-04
3.391587524e+02,-4.910999269e-05
3.393730469e+02,1.531338901e-03
3.395873718e+02,-9.866644396e-04
3.398016968e+02,2.334957011e-03
3.400160522e+02,-4.910999269e-05
3.402304077e+02,-2.366208791e-04
3.404447632e+02,-3.437699634e-04
3.406591492e+02,7.545080734e-04
3.408735352e+02,-1.013451722e-03
3.410879211e+02,2.790340455e-03
3.413023376e+02,2.602829598e-03
3.415167542e+02,3.808256704e-03
3.417311707e+02,1.102742623e-03
3.419456177e+02,2.442105906e-03
3.421600647e+02,9.955934947e-04
3.423745117e+02,7.545080734e-04
3.425889893e+02,-1.281324308e-03
3.428034668e+02,8.080826374e-04
3.430179443e+02,1.919754286e-04
3.432324524e+02,9.688062128e-04
3.434469604e+02,1.022380777e-03
3.436614990e+02,6.473590038e-04
3.438760376e+02,-1.200962579e-03
3.440905762e+02,-1.830463443e-04
3.443051147e+02,-6.920044543e-04
3.445196838e+02,4.062735825e-04
3.447342529e+02,-9.866644396e-04
3.449488525e+02,8.616571431e-04
3.451634521e+02,-5.580681027e-04
3.453780518e+02,1.959935063e-03
3.455926514e+02,3.004638711e-03
3.458072815e+02,4.290427547e-03
3.460219116e+02,2.549255034e-03
3.462365723e+02,2.549255034e-03
3.464512329e+02,-3.705572162e-04
3.466658936e+02,5.669972161e-04
3.468805847e+02,9.955934947e-04
3.470952759e+02,3.835044103e-03
3.473099670e+02,8.884444251e-04
3.475246887e+02,-4.777062859e-04
3.477394104e+02,7.277207915e-04
3.479541321e+02,2.308169613e-03
3.481688843e+02,-2.232272345e-05
3.483836365e+02,7.545080734e-04
3.485983887e+02,3.125181320e-05
3.488131714e+02,1.504551619e-03
3.490279541e+02,5.402099341e-04
3.492427673e+02,1.919754286e-04
3.494575500e+02,1.156317070e-03
3.496723633e+02,3.794863005e-04
3.498872070e+02,1.424189773e-03
3.501020508e+02,2.308169613e-03
3.503168945e+02,6.205717218e-04
3.505317383e+02,1.504551619e-03
3.507466125e+02,7.545080734e-04
3.509614868e+02,-1.562590624e-04
3.511763916e+02,2.040297026e-03
3.513912964e+02,-2.901953994e-04
3.516062012e+02,-4.241317511e-04
3.518211060e+02,6.741462857e-04
3.520360413e+02,-4.241317511e-04
3.522509766e+02,-2.634081466e-04
3.524659424e+02,-6.116426666e-04
3.526809082e+02,9.688062128e-04
3.528958740e+02,1.651881612e-04
3.531108704e+02,3.647533013e-03
3.533258667e+02,-1.442048000e-03
3.535408630e+02,1.852786052e-03
3.537558899e+02,2.187626960e-04
3.539709167e+02,2.013509627e-03
3.541859436e+02,1.665275195e-03
3.544010010e+02,1.906360616e-03
3.546160583e+02,1.236678916e-03
3.548311157e+02,6.741462857e-04
3.550462036e+02,4.062735825e-04
3.552612915e+02,2.843915019e-03
3.554763794e+02,-3.705572162e-04
3.556914978e+02,-4.910999269e-05
3.559066162e+02,4.464544872e-06
3.561217651e+02,2.455499780e-04
3.563368835e+02,1.919754286e-04
3.565520325e+02,9.955934947e-04
3.567672119e+02,-6.116426666e-04
3.569823914e+02,1.959935063e-03
3.571975708e+02,1.611700631e-03
3.574127502e+02,1.263466198e-03
3.576279602e+02,9.955934947e-04
3.578431702e+02,1.772424323e-03
3.580584106e+02,2.040297026e-03
3.582736511e+02,1.852786052e-03
3.584888916e+02,2.147446154e-03
3.587041626e+02,1.102742623e-03
3.589194031e+02,2.201020485e-03
3.591347046e+02,2.013509627e-03
3.593499756e+02,-6.116426666e-04
3.595652771e+02,-3.437699634e-04
3.597806091e+02,-1.227749861e-03
3.599959106e+02,1.116136191e-04
3.602112427e+02,9.152317070e-04
3.604265747e+02,3.526990477e-04
3.606419373e+02,6.473590038e-04
3.608572998e+02,2.549255034e-03
3.610726624e+02,1.116136191e-04
3.612880554e+02,1.424189773e-03
3.615034485e+02,1.531338901e-03
3.617188416e+02,6.205717218e-04
3.619342651e+02,2.040297026e-03
3.621496887e+02,2.120658755e-03
3.623651428e+02,2.254595049e-03
3.625805664e+02,2.629616996e-03
3.627960510e+02,2.736765891e-03
3.630115051e+02,2.576042432e-03
3.632269897e+02,2.120658755e-03
3.634424744e+02,1.343828044e-03
3.636579590e+02,1.638487913e-03
3.638734741e+02,1.745637041e-03
3.640889893e+02,-2.486751415e-03
3.643045349e+02,1.825998886e-03
3.645200806e+02,1.477764337e-03
3.647356262e+02,2.067084191e-03
3.649511719e+02,-9.866644396e-04
3.651667480e+02,4.330608353e-04
3.653823242e+02,1.986722462e-03
3.655979309e+02,2.870702418e-03
3.658135376e+02,2.201020485e-03
3.660291443e+02,7.812953554e-04
3.662447815e+02,3.593958681e-03
3.664604187e+02,2.790340455e-03
3.666760559e+02,-9.063025936e-04
3.668917236e+02,2.709978726e-03
3.671073914e+02,-4.910999269e-05
3.673230591e+02,3.593958681e-03
3.675387268e+02,8.482635167e-05
3.677544250e+02,1.209891634e-03
3.679701538e+02,-4.910999269e-05
3.681858826e+02,-4.777062859e-04
3.684016113e+02,7.545080734e-04
3.686173401e+02,5.134226521e-04
3.688330994e+02,-8.259408060e-04
3.690488586e+02,5.134226521e-04
3.692646179e+02,-2.232272345e-05
3.694804077e+02,2.736765891e-03
3.696961975e+02,1.183104352e-03
3.699119873e+02,1.156317070e-03
3.701278076e+02,8.348698611e-04
3.703436279e+02,2.629616996e-03
3.705594788e+02,2.361744177e-03
3.707752991e+02,1.236678916e-03
3.709911804e+02,1.558126183e-03
3.712070312e+02,5.120832939e-03
3.714229126e+02,1.665275195e-03
3.716387939e+02,3.299298696e-03
3.718547058e+02,1.384008938e-04
3.720706177e+02,1.263466198e-03
3.722865295e+02,1.558126183e-03
3.725024414e+02,9.152317070e-04
3.727183838e+02,5.803908425e-05
3.729343262e+02,1.424189773e-03
3.731502991e+02,-5.580681027e-04
3.733662720e+02,1.959935063e-03
3.735822449e+02,3.259117657e-04
3.737982483e+02,1.718849759e-03
3.740142517e+02,1.665275195e-03
3.742302551e+02,1.290253480e-03
3.744462891e+02,2.201020485e-03
3.746623230e+02,4.665449262e-03
3.748783569e+02,1.450977055e-03
3.750944214e+02,1.183104352e-03
3.753104858e+02,7.545080734e-04
3.755265503e+02,3.593958681e-03
3.757426453e+02,3.942192998e-03
3.759587402e+02,3.460022155e-03
3.761748352e+02,1.129529788e-03
3.763909607e+02,1.558126183e-03
3.766070862e+02,1.424189773e-03
3.768232117e+02,1.772424323e-03
3.770393677e+02,-6.652171724e-04
3.772555237e+02,3.620745847e-03
3.774717102e+02,-2.098336117e-04
3.776878662e+02,4.598481173e-04
3.779040833e+02,2.067084191e-03
3.781202698e+02,2.067084191e-03
3.783364868e+02,5.937844398e-04
3.785527039e+02,1.531338901e-03
3.787689514e+02,1.799211605e-03
3.789851685e+02,3.567171283e-03
3.792014465e+02,3.861831268e-03
3.794176941e+02,3.861831268e-03
3.796339722e+02,3.460022155e-03
3.798502502e+02,3.674320411e-03
3.800665588e+02,4.317214713e-03
3.802828674e+02,2.897489583e-03
3.804991760e+02,3.272511298e-03
3.807154846e+02,1.745637041e-03
3.809318237e+02,1.611700631e-03
3.811481934e+02,2.683191327e-03
3.813645325e+02,-3.169826814e-04
3.815809021e+02,2.067084191e-03
3.817973022e+02,2.736765891e-03
3.820136719e+02,1.745637041e-03
3.822300720e+02,1.504551619e-03
3.824465027e+02,1.772424323e-03
3.826629028e+02,1.638487913e-03
3.828793335e+02,2.415318741e-03
3.830957947e+02,1.906360616e-03
3.833122253e+02,3.593958681e-03
3.835286865e+02,3.272511298e-03
3.837451782e+02,5.335131194e-03
3.839616394e+02,4.665449262e-03
3.841781616e+02,5.629790947e-03
3.843946533e+02,2.147446154e-03
3.846111755e+02,2.415318741e-03
3.848276978e+02,1.772424323e-03
3.850442200e+02,1.986722462e-03
3.852607727e+02,1.879573334e-03
3.854773254e+02,2.576042432e-03
3.856939087e+02,1.290253480e-03
3.859104614e+02,1.692062477e-03
3.861270752e+02,2.388531575e-03
3.863436584e+02,3.781469539e-03
3.865602722e+02,2.629616996e-03
3.867768860e+02,3.138575004e-03
3.869935303e+02,4.799385555e-03
3.872101746e+02,4.611874931e-03
3.874268188e+02,2.522467868e-03
3.876434631e+02,4.290427547e-03
3.878601379e+02,3.379660426e-03
3.880768127e+02,6.620919798e-03
3.882935181e+02,2.951064147e-03
3.885102234e+02,4.477938637e-03
3.887269287e+02,4.826172721e-03
3.889436646e+02,2.683191327e-03
3.891604004e+02,1.825998886e-03
3.893771362e+02,2.629616996e-03
3.895939026e+02,1.370615209e-03
3.898106689e+02,3.968980163e-03
3.900274353e+02,3.165362170e-03
3.902442322e+02,3.674320411e-03
3.904610291e+02,4.504725803e-03
3.906778259e+02,6.486983504e-03
3.908946533e+02,3.299298696e-03
3.911114807e+02,4.210065585e-03
3.913283081e+02,4.344001878e-03
3.915451660e+02,3.352873260e-03
3.917620239e+02,3.165362170e-03
3.919788818e+02,4.022554960e-03
3.921957703e+02,4.129704088e-03
3.924126587e+02,6.219110917e-03
3.926295776e+02,8.442454040e-03
3.928464661e+02,5.978025496e-03
3.930634155e+02,4.049342126e-03
3.932803345e+02,4.076129291e-03
3.934972839e+02,4.049342126e-03
3.937142334e+02,3.540384118e-03
3.939311829e+02,5.469067488e-03
3.941481628e+02,4.049342126e-03
3.943651428e+02,1.933147898e-03
3.945821533e+02,4.906534683e-03
3.947991638e+02,1.772424323e-03
3.950161743e+02,6.353047211e-03
3.952332153e+02,4.424363840e-03
3.954502258e+02,7.987070829e-03
3.956672974e+02,5.790514406e-03
3.958843384e+02,8.013857529e-03
3.961014099e+02,5.951238330e-03
3.963184814e+02,6.647707429e-03
3.965355835e+02,6.674494594e-03
3.967526855e+02,6.862005219e-03
3.969697876e+02,5.710152909e-03
3.971869202e+02,7.853134535e-03
3.974040527e+02,7.772772573e-03
3.976211853e+02,3.835044103e-03
3.978383484e+02,5.442280322e-03
3.980555115e+02,6.460196339e-03
3.982726746e+02,5.951238330e-03
3.984898682e+02,4.076129291e-03
3.987070618e+02,3.754682140e-03
3.989242554e+02,5.040470976e-03
3.991414795e+02,6.272685248e-03
3.993587036e+02,6.379834376e-03
3.995759277e+02,6.808430888e-03
3.997931824e+02,6.808430888e-03
4.000104370e+02,8.656752296e-03
4.002276917e+02,5.790514406e-03
4.004449768e+02,8.174581453e-03
4.006622620e+02,8.844262920e-03
4.008795776e+02,7.397750858e-03
4.010968933e+02,8.094219491e-03
4.013142090e+02,7.076303475e-03
4.015315247e+02,8.978199214e-03
4.017488708e+02,5.603003781e-03
4.019662170e+02,7.451325189e-03
4.021835938e+02,5.388705526e-03
4.024009399e+02,4.210065585e-03
4.026183472e+02,5.201194901e-03
4.028357239e+02,8.013857529e-03
4.030531311e+02,5.736940075e-03
4.032705383e+02,8.094219491e-03
4.034879761e+02,7.263814565e-03
4.037054138e+02,7.906708866e-03
4.039228516e+02,7.290601730e-03
4.041402893e+02,8.388879709e-03
4.043577576e+02,7.585261483e-03
4.045752563e+02,8.254943416e-03
4.047927246e+02,8.629965596e-03
4.050102234e+02,8.147794753e-03
4.052277222e+02,8.415667340e-03
4.054452515e+02,1.168371364e-02
4.056627808e+02,8.629965596e-03
4.058803101e+02,7.263814565e-03
4.060978699e+02,1.026398875e-02
4.063154297e+02,6.754856091e-03
4.065329895e+02,7.853134535e-03
4.067505798e+02,8.013857529e-03
4.069681702e+02,7.022729144e-03
4.071857605e+02,9.594306350e-03
4.074033813e+02,1.026398875e-02
4.076210022e+02,7.665623445e-03
4.078386230e+02,8.951412514e-03
4.080562744e+02,7.692410611e-03
4.082739258e+02,1.112118084e-02
4.084915771e+02,9.380009025e-03
4.087092590e+02,8.683539927e-03
4.089269409e+02,1.029077545e-02
4.091446533e+02,1.114796847e-02
4.093623352e+02,1.200516056e-02
4.095800781e+02,1.047828700e-02
4.097977905e+02,1.291592792e-02
4.100155334e+02,9.460370056e-03
4.102332764e+02,9.433583356e-03
4.104510193e+02,7.772772573e-03
4.106687927e+02,1.093367022e-02
4.108865662e+02,1.101403218e-02
4.111043701e+02,8.121007122e-03
4.113221741e+02,8.871050552e-03
4.115399780e+02,1.093367022e-02
4.117577820e+02,1.066579763e-02
4.119756165e+02,1.144262869e-02
4.121934509e+02,1.144262869e-02
4.124113159e+02,1.358561032e-02
4.126291809e+02,1.227303408e-02
4.128470459e+02,1.141584106e-02
4.130649414e+02,1.374633331e-02
4.132828369e+02,1.430886611e-02
4.135007324e+02,1.296950225e-02
4.137186279e+02,1.232660841e-02
4.139365540e+02,1.446959004e-02
4.141545105e+02,1.270162966e-02
4.143724365e+02,1.310343947e-02
4.145903931e+02,1.181764994e-02
4.148083801e+02,1.205873583e-02
4.150263367e+02,1.101403218e-02
4.152443237e+02,1.197837386e-02
4.154623413e+02,1.055864803e-02
4.156803284e+02,1.227303408e-02
4.158983459e+02,1.136226673e-02
4.161163940e+02,1.133547910e-02
4.163344116e+02,1.294271555e-02
4.165524597e+02,1.329095010e-02
4.167705383e+02,1.682686992e-02
4.169885864e+02,1.658578403e-02
4.172066650e+02,1.412135549e-02
4.174247742e+02,1.666614600e-02
4.176428833e+02,1.428207848e-02
4.178609924e+02,1.578216627e-02
4.180791016e+02,1.479103696e-02
4.182972412e+02,1.366597135e-02
4.185153809e+02,1.355882268e-02
4.187335205e+02,1.417492982e-02
4.189516907e+02,1.304986421e-02
4.191698608e+02,1.420171745e-02
4.193880615e+02,1.275520492e-02
4.196062622e+02,1.390705723e-02
4.198244629e+02,1.401420590e-02
4.200426636e+02,1.626433618e-02
4.202608948e+02,1.398741920e-02
4.204791260e+02,1.746976376e-02
4.206973877e+02,1.264805533e-02
4.209156494e+02,1.503212284e-02
4.211339111e+02,1.658578403e-02
4.213521729e+02,1.532678213e-02
4.215704651e+02,1.500533521e-02
4.217887573e+02,1.698759384e-02
4.220070801e+02,1.781799830e-02
4.222254028e+02,1.746976376e-02
4.224437256e+02,1.634469815e-02
4.226620789e+02,1.701438054e-02
4.228804321e+02,1.661257073e-02
4.230987854e+02,1.583573967e-02
4.233171692e+02,1.513927151e-02
4.235355225e+02,1.615718752e-02
4.237539368e+02,1.671972126e-02
4.239723206e+02,1.618397422e-02
4.241907349e+02,1.326416247e-02
4.244091797e+02,1.398741920e-02
4.246275940e+02,1.591610163e-02
4.248460388e+02,1.677329466e-02
4.250645142e+02,1.883591525e-02
4.252829590e+02,1.988061890e-02
4.255014343e+02,1.757691242e-02
4.257199402e+02,1.947880909e-02
4.259384155e+02,1.883591525e-02
4.261569214e+02,1.953238435e-02
4.263754578e+02,1.771084964e-02
4.265939941e+02,1.647863537e-02
4.268125305e+02,1.854125410e-02
4.270310669e+02,1.543393172e-02
4.272496338e+02,1.575537957e-02
4.274682007e+02,1.698759384e-02
4.276867676e+02,1.671972126e-02
4.279053650e+02,1.870197803e-02
4.281239624e+02,1.559465472e-02
4.283425903e+02,1.811265759e-02
4.285611877e+02,1.596967690e-02
4.287798157e+02,2.030921355e-02
4.289984741e+02,1.733582839e-02
4.292171326e+02,1.701438054e-02
4.294357910e+02,1.950559579e-02
4.296544495e+02,1.918414980e-02
4.298731384e+02,1.880912669e-02
4.300918274e+02,1.921093650e-02
4.303105469e+02,1.752333902e-02
4.305292664e+02,1.977346838e-02
4.307479858e+02,1.854125410e-02
4.309667053e+02,2.191645093e-02
4.311854553e+02,1.958595775e-02
4.314042358e+02,1.669293270e-02
4.316229858e+02,1.905021258e-02
4.318417664e+02,1.872876473e-02
4.320605469e+02,1.921093650e-02
4.322793579e+02,1.795193553e-02
4.324981689e+02,1.832695678e-02
4.327169800e+02,2.049672604e-02
4.329358215e+02,1.789836027e-02
4.331546631e+02,2.156821638e-02
4.333735046e+02,2.095210925e-02
4.335923462e+02,2.156821638e-02
4.338112183e+02,1.961274631e-02
4.340301208e+02,2.076459862e-02
4.342489929e+02,1.821980812e-02
4.344678955e+02,2.266649343e-02
4.346868286e+02,2.130034380e-02
4.349057312e+02,2.071102336e-02
4.351246643e+02,2.097889595e-02
4.353436279e+02,1.905021258e-02
4.355625610e+02,2.049672604e-02
4.357815247e+02,2.044315077e-02
4.360005188e+02,1.854125410e-02
4.362194824e+02,1.907699928e-02
4.364384766e+02,1.832695678e-02
4.366575012e+02,1.996097900e-02
4.368765259e+02,1.934487186e-02
4.370955505e+02,2.103247121e-02
4.373145752e+02,2.063066140e-02
4.375336304e+02,2.151464112e-02
4.377526855e+02,2.280043066e-02
4.379717407e+02,2.355047315e-02
4.381908264e+02,2.237183414e-02
4.384099121e+02,2.298794128e-02
4.386290283e+02,2.162178978e-02
4.388481140e+02,2.312187850e-02
4.390672607e+02,2.456839010e-02
4.392863770e+02,2.397906967e-02
4.395055237e+02,2.127355523e-02
4.397246704e+02,2.218432352e-02
4.399438171e+02,1.958595775e-02
4.401629944e+02,2.250576951e-02
4.403821716e+02,1.996097900e-02
4.406013794e+02,2.237183414e-02
4.408205872e+02,2.164857835e-02
4.410397949e+02,2.148785442e-02
4.412590332e+02,2.148785442e-02
4.414782410e+02,2.148785442e-02
4.416975098e+02,2.170215175e-02
4.419167480e+02,2.312187850e-02
4.421360168e+02,2.063066140e-02
4.423552856e+02,2.483626269e-02
4.425745850e+02,2.330938913e-02
4.427938843e+02,2.263970673e-02
4.430131836e+02,2.280043066e-02
4.432325134e+02,2.419336885e-02
4.434518433e+02,2.197002433e-02
4.436711731e+02,2.355047315e-02
4.438905029e+02,2.113961987e-02
4.441098633e+02,2.285400406e-02
4.443292542e+02,2.296115458e-02
4.445486145e+02,2.079138532e-02
4.447680054e+02,2.266649343e-02
4.449874268e+02,2.105925791e-02
4.452068176e+02,2.191645093e-02
4.454262390e+02,2.012170292e-02
4.456456909e+02,2.363083512e-02
4.458651123e+02,2.419336885e-02
4.460845642e+02,2.263970673e-02
4.463040466e+02,2.314866520e-02
4.465234985e+02,2.127355523e-02
4.467429810e+02,2.282721736e-02
4.469624939e+02,2.352368645e-02
4.471819763e+02,2.430051751e-02
4.474014893e+02,2.223789692e-02
4.476210327e+02,2.245219611e-02
4.478405457e+02,2.328260057e-02
4.480601196e+02,2.191645093e-02
4.482796631e+02,1.969310641e-02
4.484992371e+02,2.205038629e-02
4.487188110e+02,2.065744810e-02
4.489383850e+02,2.138070576e-02
4.491579895e+02,2.113961987e-02
4.493775940e+02,2.159500308e-02
4.495972290e+02,2.111283317e-02
4.498168335e+02,2.424694225e-02
4.500364685e+02,2.092532068e-02
4.502561340e+02,2.231825888e-02
4.504757996e+02,2.046993747e-02
4.506954651e+02,2.419336885e-02
4.509151306e+02,2.226468548e-02
4.511348267e+02,2.156821638e-02
4.513545227e+02,2.277364396e-02
4.515742493e+02,2.539879456e-02
4.517939758e+02,2.290757932e-02
4.520137024e+02,2.199681289e-02
4.522334290e+02,2.197002433e-02
4.524531860e+02,2.234504744e-02
4.526729431e+02,2.119319513e-02
4.528927307e+02,2.057708614e-02
4.531125183e+02,2.001455426e-02
4.533323059e+02,2.202359959e-02
4.535521240e+02,2.052351274e-02
4.537719421e+02,1.921093650e-02
4.539917603e+02,2.097889595e-02
4.542115784e+02,2.336296253e-02
4.544314270e+02,2.046993747e-02
4.546513062e+02,2.063066140e-02
4.548711548e+02,1.971989498e-02
4.550910339e+02,2.304151654e-02
4.553109131e+02,2.092532068e-02
4.555308228e+02,1.996097900e-02
4.557507324e+02,2.156821638e-02
4.559706421e+02,2.025564015e-02
4.561905823e+02,2.269328199e-02
4.564105225e+02,2.344332449e-02
4.566304626e+02,2.226468548e-02
4.568504333e+02,2.052351274e-02
4.570704041e+02,2.100568265e-02
4.572903748e+02,2.135391720e-02
4.575103760e+02,1.760370098e-02
4.577303772e+02,1.950559579e-02
4.579503784e+02,2.108604461e-02
4.581704102e+02,2.143427916e-02
4.583904419e+02,2.159500308e-02
4.586104736e+02,2.087174729e-02
4.588305359e+02,1.899663731e-02
4.590505981e+02,2.049672604e-02
4.592706604e+02,2.266649343e-02
4.594907532e+02,2.258613147e-02
4.597108459e+02,2.186287567e-02
4.599309692e+02,2.108604461e-02
4.601510620e+02,1.971989498e-02
4.603711853e+02,2.188966237e-02
4.605913391e+02,2.263970673e-02
4.608114929e+02,2.132713050e-02
4.610316467e+02,2.001455426e-02
4.612518005e+02,1.899663731e-02
4.614719849e+02,1.757691242e-02
4.616921692e+02,1.677329466e-02
4.619123535e+02,1.859482937e-02
4.621325684e+02,1.963953301e-02
4.623527832e+02,1.800550893e-02
4.625730286e+02,1.896985061e-02
4.627932739e+02,1.942523383e-02
4.630135193e+02,1.902342588e-02
4.632337646e+02,2.237183414e-02
4.634540405e+02,1.961274631e-02
4.636743164e+02,1.934487186e-02
4.638946228e+02,2.210396156e-02
4.641149292e+02,2.237183414e-02
4.643352356e+02,1.969310641e-02
4.645555420e+02,2.247898281e-02
4.647758789e+02,2.084496059e-02
4.649962158e+02,1.988061890e-02
4.652165833e+02,1.870197803e-02
4.654369507e+02,1.937166043e-02
4.656573181e+02,1.875555329e-02
4.658777161e+02,1.958595775e-02
4.660980835e+02,1.859482937e-02
4.663185120e+02,1.870197803e-02
4.665389099e+02,2.006812952e-02
4.667593384e+02,2.164857835e-02
4.669797668e+02,1.781799830e-02
4.672002258e+02,2.218432352e-02
4.674206848e+02,1.963953301e-02
4.676411438e+02,1.937166043e-02
4.678616333e+02,1.993419230e-02
4.680821228e+02,2.089853399e-02
4.683026123e+02,2.028242685e-02
4.685231323e+02,2.055029944e-02
4.687436523e+02,2.009491622e-02
4.689641724e+02,1.982704364e-02
4.691847229e+02,2.033600211e-02
4.694052734e+02,1.926451176e-02
4.696258240e+02,1.859482937e-02
4.698464050e+02,2.041636407e-02
4.700669861e+02,1.538035646e-02
4.702875671e+02,1.717510447e-02
4.705081787e+02,1.982704364e-02
4.707287903e+02,1.846089214e-02
4.709494019e+02,1.717510447e-02
4.711700439e+02,1.781799830e-02
4.713906860e+02,1.559465472e-02
4.716113281e+02,1.886270195e-02
4.718320007e+02,1.701438054e-02
4.720526733e+02,2.017527819e-02
4.722733459e+02,1.905021258e-02
4.724940491e+02,1.832695678e-02
4.727147522e+02,1.717510447e-02
4.729354553e+02,1.813944615e-02
4.731561890e+02,2.028242685e-02
4.733769226e+02,1.859482937e-02
4.735976868e+02,1.875555329e-02
4.738184204e+02,1.658578403e-02
4.740391846e+02,1.369275898e-02
4.742599792e+02,1.779121161e-02
4.744807739e+02,1.511248387e-02
4.747015686e+02,1.645184681e-02
4.749223633e+02,1.436244044e-02
4.751431885e+02,1.452316437e-02
4.753640137e+02,1.468388829e-02
4.755848694e+02,1.698759384e-02
4.758056946e+02,1.559465472e-02
4.760265503e+02,1.554108039e-02
4.762474365e+02,1.436244044e-02
4.764683228e+02,1.516605914e-02
4.766892090e+02,1.374633331e-02
4.769100952e+02,1.650542207e-02
4.771310120e+02,1.497854758e-02
4.773519287e+02,1.613040082e-02
4.775728760e+02,1.516605914e-02
4.777938232e+02,1.369275898e-02
4.780147705e+02,1.141584106e-02
4.782357178e+02,1.171050128e-02
4.784566956e+02,1.200516056e-02
4.786777039e+02,1.259448100e-02
4.788986816e+02,1.355882268e-02
4.791196899e+02,1.197837386e-02
4.793406982e+02,1.021041442e-02
4.795617371e+02,1.221945882e-02
4.797827759e+02,1.160335168e-02
4.800038147e+02,1.211231016e-02
4.802248535e+02,1.013005245e-02
4.804459229e+02,1.090688258e-02
4.806670227e+02,1.136226673e-02
4.808880920e+02,1.021041442e-02
4.811091919e+02,1.114796847e-02
4.813302917e+02,1.200516056e-02
4.815514221e+02,1.039792504e-02
4.817725525e+02,1.232660841e-02
4.819936829e+02,1.267484296e-02
4.822148438e+02,1.042471174e-02
4.824360046e+02,1.013005245e-02
4.826571655e+02,8.415667340e-03
4.828783569e+02,1.079973392e-02
4.830995483e+02,1.007647719e-02
4.833207397e+02,7.478112355e-03
4.835419617e+02,9.942540899e-03
4.837631836e+02,7.424538024e-03
4.839844055e+02,9.058561176e-03
4.842056580e+02,8.228155784e-03
4.844269104e+02,1.077294629e-02
4.846481628e+02,9.219285101e-03
4.848694458e+02,1.029077545e-02
4.850907288e+02,8.228155784e-03
4.853120117e+02,9.674668312e-03
4.855333252e+02,9.835392237e-03
4.857546387e+02,8.817476220e-03
4.859759521e+02,9.567519650e-03
4.861972961e+02,9.567519650e-03
4.864186401e+02,7.290601730e-03
4.866399841e+02,7.478112355e-03
4.868613586e+02,4.531512968e-03
4.870827332e+02,6.326260045e-03
4.873041077e+02,5.629790947e-03
4.875255127e+02,6.835218053e-03
4.877469177e+02,5.924451165e-03
4.879683228e+02,5.067258142e-03
4.881897583e+02,5.790514406e-03
4.884111938e+02,4.772598390e-03
4.886326599e+02,7.183452602e-03
4.888540955e+02,8.201369084e-03
4.890755615e+02,7.906708866e-03
4.892970581e+02,7.906708866e-03
4.895185547e+02,6.379834376e-03
4.897400513e+02,9.272859432e-03
4.899615479e+02,8.147794753e-03
4.901830750e+02,9.138923138e-03
4.904046021e+02,6.353047211e-03
4.906261597e+02,8.737114258e-03
4.908476868e+02,4.344001878e-03
4.910692749e+02,6.406622007e-03
4.912908325e+02,4.960109480e-03
4.915124207e+02,5.736940075e-03
4.917340088e+02,7.424538024e-03
4.919555969e+02,7.049516309e-03
4.921772156e+02,5.656578112e-03
4.923988342e+02,5.335131194e-03
4.926204834e+02,4.638662096e-03
4.928421326e+02,5.174407270e-03
4.930637817e+02,6.326260045e-03
4.932854309e+02,8.790688589e-03
4.935071106e+02,5.629790947e-03
4.937287903e+02,6.165536586e-03
4.939505005e+02,7.745985407e-03
4.941722107e+02,9.058561176e-03
4.943939209e+02,6.138748955e-03
4.946156616e+02,9.433583356e-03
4.948373718e+02,7.317388896e-03
4.950591431e+02,9.433583356e-03
4.952808838e+02,6.620919798e-03
4.955026550e+02,1.109439414e-02
4.957244263e+02,5.361918360e-03
4.959462280e+02,8.469241671e-03
4.961680298e+02,6.701281760e-03
4.963898315e+02,8.496028371e-03
4.966116638e+02,7.478112355e-03
4.968334961e+02,7.478112355e-03
4.970553284e+02,8.174581453e-03
4.972771606e+02,9.112135507e-03
4.974990234e+02,9.112135507e-03
4.977209167e+02,1.165692694e-02
4.979427795e+02,1.004969049e-02
4.981646729e+02,1.213909779e-02
4.983865662e+02,9.433583356e-03
4.986084900e+02,1.122833043e-02
4.988304138e+02,1.428207848e-02
4.990523376e+02,1.420171745e-02
4.992742920e+02,1.521963347e-02
4.994962463e+02,1.264805533e-02
4.997182007e+02,1.457673870e-02
4.999401855e+02,1.310343947e-02
5.001621704e+02,1.460352633e-02
5.003841553e+02,1.406778116e-02
5.006061707e+02,1.583573967e-02
5.008281860e+02,1.757691242e-02
5.010502014e+02,1.623754948e-02
5.012722473e+02,1.621076278e-02
5.014942932e+02,1.717510447e-02
5.017163391e+02,1.939844713e-02
5.019384155e+02,1.971989498e-02
5.021604919e+02,2.006812952e-02
5.023825684e+02,2.108604461e-02
5.026046753e+02,2.247898281e-02
5.028267822e+02,2.464875206e-02
5.030488892e+02,2.655064873e-02
5.032710266e+02,2.681852132e-02
5.034931641e+02,2.797037363e-02
5.037153015e+02,2.432730421e-02
5.039374695e+02,2.904186398e-02
5.041596375e+02,2.847933210e-02
5.043818054e+02,3.105090931e-02
5.046040039e+02,3.118484467e-02
5.048262024e+02,3.544402122e-02
5.050484314e+02,3.284565732e-02
5.052706299e+02,3.806917369e-02
5.054928589e+02,3.863170743e-02
5.057151184e+02,4.042645171e-02
5.059373779e+02,4.198011383e-02
5.061596375e+02,4.369449988e-02
5.063818970e+02,4.385522380e-02
5.066041870e+02,4.706969485e-02
5.068264771e+02,4.993593320e-02
5.070487671e+02,5.071276426e-02
5.072710876e+02,5.486479029e-02
5.074934082e+02,5.497194082e-02
5.077157593e+02,5.840070918e-02
5.079380798e+02,6.078477949e-02
5.081604614e+02,5.834713578e-02
5.083828125e+02,6.311526895e-02
5.086051941e+02,6.225807592e-02
5.088275757e+02,6.635653228e-02
5.090499573e+02,6.729408354e-02
5.092723694e+02,6.938349456e-02
5.094947815e+02,7.246402651e-02
5.097172241e+02,7.447307557e-02
5.099396667e+02,7.658926398e-02
5.101621094e+02,7.883939892e-02
5.103845520e+02,8.240210265e-02
5.106070251e+02,8.599159867e-02
5.108294983e+02,8.537548780e-02
5.110520020e+02,8.966145664e-02
5.112745056e+02,9.467067569e-02
5.114970093e+02,9.724225104e-02
5.117195129e+02,1.024389789e-01
5.119420471e+02,1.047694758e-01
5.121646118e+02,1.047694758e-01
5.123871460e+02,1.087339893e-01
5.126096802e+02,1.130467430e-01
5.128322754e+02,1.171719804e-01
5.130548706e+02,1.168505326e-01
5.132774658e+02,1.221811995e-01
5.135000610e+02,1.236009225e-01
5.137226562e+02,1.238152236e-01
5.139452515e+02,1.304852515e-01
5.141679077e+02,1.298959255e-01
5.143905640e+02,1.345569193e-01
5.146132202e+02,1.357087642e-01
5.148358765e+02,1.362712979e-01
5.150585327e+02,1.414412409e-01
5.152812500e+02,1.449503750e-01
5.155039062e+02,1.489148885e-01
5.157266235e+02,1.534151584e-01
5.159493408e+02,1.558527946e-01
5.161720581e+02,1.560135186e-01
5.163947754e+02,1.593351364e-01
5.166175537e+02,1.608352214e-01
5.168402710e+02,1.641032696e-01
5.170630493e+02,1.699161083e-01
5.172858276e+02,1.696482450e-01
5.175086060e+02,1.713358313e-01
5.177314453e+02,1.786219776e-01
5.179542236e+02,1.787023395e-01
5.181770630e+02,1.816489398e-01
5.183999023e+02,1.792648733e-01
5.186227417e+02,1.878100038e-01
5.188455811e+02,1.875689179e-01
5.190684204e+02,1.892029494e-01
5.192912598e+02,1.902744323e-01
5.195141602e+02,1.960337013e-01
5.197370605e+02,2.023287117e-01
5.199599609e+02,2.021144032e-01
5.201828613e+02,2.044716924e-01
5.204057617e+02,2.089987397e-01
5.206287231e+02,2.069093287e-01
5.208516235e+02,2.088915855e-01
5.210745850e+02,2.165259570e-01
5.212975464e+02,2.144901305e-01
5.215205078e+02,2.178653181e-01
5.217435303e+02,2.157491297e-01
5.219664917e+02,2.182403505e-01
5.221895142e+02,2.221245021e-01
5.224125366e+02,2.179992646e-01
5.226355591e+02,2.263568938e-01
5.228585815e+02,2.254461199e-01
5.230816040e+02,2.284195125e-01
5.233046875e+02,2.291159779e-01
5.235277100e+02,2.306964248e-01
5.237507935e+02,2.325179577e-01
5.239738770e+02,2.346341461e-01
5.241969604e+02,2.402058989e-01
5.244201050e+02,2.415184826e-01
5.246431885e+02,2.454829961e-01
5.248663330e+02,2.424292415e-01
5.250894775e+02,2.422685176e-01
5.253126221e+02,2.495814562e-01
5.255357666e+02,2.529030740e-01
5.257589111e+02,2.518851459e-01
5.259821167e+02,2.516172826e-01
5.262053223e+02,2.464205474e-01
5.264285278e+02,2.574301064e-01
5.266517334e+02,2.583676875e-01
5.268749390e+02,2.602963448e-01
5.270981445e+02,2.618767917e-01
5.273214111e+02,2.599481344e-01
5.275446167e+02,2.588230669e-01
5.277678833e+02,2.615285814e-01
5.279911499e+02,2.628947198e-01
5.282144165e+02,2.630018592e-01
5.284377441e+02,2.659752667e-01
5.286610107e+02,2.679575086e-01
5.288843384e+02,2.652252018e-01
5.291076660e+02,2.710916400e-01
5.293309937e+02,2.678771615e-01
5.295543213e+02,2.721363306e-01
5.297777100e+02,2.753240168e-01
5.300010376e+02,2.746275365e-01
5.302244263e+02,2.754847407e-01
5.304478149e+02,2.753508091e-01
5.306712036e+02,2.767437398e-01
5.308945923e+02,2.784313262e-01
5.311179810e+02,2.789402902e-01
5.313414307e+02,2.829583883e-01
5.315648804e+02,2.815922499e-01
5.317883301e+02,2.882890403e-01
5.320117798e+02,2.800653577e-01
5.322352295e+02,2.842173874e-01
5.324586792e+02,2.826101482e-01
5.326821899e+02,2.863871455e-01
5.329057007e+02,2.833066285e-01
5.331291504e+02,2.867889702e-01
5.333527222e+02,2.861996591e-01
5.335762329e+02,2.906463444e-01
5.337997437e+02,2.890123129e-01
5.340233154e+02,2.881551087e-01
5.342468262e+02,2.934857905e-01
5.344703979e+02,2.957359254e-01
5.346939697e+02,2.991914749e-01
5.349176025e+02,3.023523688e-01
5.351411743e+02,2.991110981e-01
5.353648071e+02,2.913160026e-01
5.355883789e+02,2.953876853e-01
5.358120117e+02,2.970484793e-01
5.360356445e+02,2.942894101e-01
5.362593384e+02,2.973699272e-01
5.364829712e+02,2.945304811e-01
5.367066650e+02,2.929768264e-01
5.369302979e+02,2.968609929e-01
5.371539917e+02,3.008522689e-01
5.373776855e+02,3.011201620e-01
5.376014404e+02,3.038524687e-01
5.378251343e+02,2.992718220e-01
5.380488892e+02,3.012005091e-01
5.382726440e+02,3.015219569e-01
5.384963379e+02,3.006111979e-01
5.387201538e+02,3.006111979e-01
5.389439087e+02,3.040667474e-01
5.391676636e+02,2.982003391e-01
5.393914795e+02,3.043078482e-01
5.396152954e+02,3.009594381e-01
5.398391113e+02,2.997807860e-01
5.400629272e+02,3.031827807e-01
5.402867432e+02,3.078169823e-01
5.405105591e+02,3.036113679e-01
5.407344360e+02,3.052721918e-01
5.409583130e+02,3.093170524e-01
5.411821899e+02,3.065579832e-01
5.414060669e+02,3.037185073e-01
5.416299438e+02,3.095313609e-01
5.418538818e+02,3.136833906e-01
5.420777588e+02,3.062632978e-01
5.423016968e+02,3.081651926e-01
5.425256348e+02,3.087277412e-01
5.427495728e+02,3.148352504e-01
5.429735107e+02,3.025130928e-01
5.431975098e+02,3.125047386e-01
5.434214478e+02,3.127190471e-01
5.436454468e+02,3.136030138e-01
5.438694458e+02,3.110046685e-01
5.440934448e+02,3.092902601e-01
5.443174438e+02,3.139512539e-01
5.445415039e+02,3.090223968e-01
5.447655640e+02,3.128529787e-01
5.449895630e+02,3.083259165e-01
5.452136230e+02,3.102813959e-01
5.454376831e+02,3.121297359e-01
5.456618042e+02,3.082991540e-01
5.458858643e+02,3.138976693e-01
5.461099854e+02,3.101742566e-01
5.463341064e+02,3.082991540e-01
5.465582275e+02,3.136565983e-01
5.467823486e+02,3.107367754e-01
5.470064697e+02,3.173264563e-01
5.472306519e+02,3.082455695e-01
5.474547729e+02,3.136833906e-01
5.476789551e+02,3.153441846e-01
5.479031372e+02,3.174068034e-01
5.481273193e+02,3.142727017e-01
5.483515015e+02,3.182104230e-01
5.485757446e+02,3.205944896e-01
5.487999878e+02,3.247197270e-01
5.490241699e+02,3.178889751e-01
5.492484131e+02,3.206212819e-01
5.494726562e+02,3.156656325e-01
5.496969604e+02,3.246393800e-01
5.499212036e+02,3.226035535e-01
5.501455078e+02,3.221213818e-01
5.503698120e+02,3.152638376e-01
5.505941162e+02,3.220410049e-01
5.508184204e+02,3.269163072e-01
5.510427246e+02,3.278806508e-01
5.512670898e+02,3.270770311e-01
5.514913940e+02,3.216660023e-01
5.517157593e+02,3.253358603e-01
5.519401245e+02,3.288717568e-01
5.521644897e+02,3.252286911e-01
5.523889160e+02,3.263001740e-01
5.526132812e+02,3.239428997e-01
5.528377075e+02,3.303986490e-01
5.530621338e+02,3.261930346e-01
5.532865601e+02,3.268627226e-01
5.535109863e+02,3.312826157e-01
5.537354126e+02,3.340685070e-01
5.539598999e+02,3.273448944e-01
5.541843262e+02,3.318719268e-01
5.544088135e+02,3.308004439e-01
5.546333008e+02,3.390777111e-01
5.548577881e+02,3.328630626e-01
5.550823364e+02,3.339613378e-01
5.553068237e+02,3.341488540e-01
5.555313721e+02,3.428011537e-01
5.557559204e+02,3.371758163e-01
5.559804688e+02,3.376579881e-01
5.562050171e+02,3.397206068e-01
5.564295654e+02,3.409260213e-01
5.566541748e+02,3.477032185e-01
5.568787231e+02,3.482925296e-01
5.571033325e+02,3.508105278e-01
5.573279419e+02,3.486139774e-01
5.575525513e+02,3.450244963e-01
5.577772217e+02,3.581234515e-01
5.580018311e+02,3.507837653e-01
5.582265015e+02,3.564626575e-01
5.584511719e+02,3.521766961e-01
5.586758423e+02,3.605611026e-01
5.589005127e+02,3.593824506e-01
5.591251831e+02,3.630791008e-01
5.593499146e+02,3.632934093e-01
5.595745850e+02,3.596771359e-01
5.597993164e+02,3.628380299e-01
5.600240479e+02,3.744637072e-01
5.602488403e+02,3.704724014e-01
5.604735718e+02,3.715706766e-01
5.606983032e+02,3.707938492e-01
5.609230957e+02,3.738476038e-01
5.611478882e+02,3.777853251e-01
5.613726807e+02,3.837856650e-01
5.615974731e+02,3.846964240e-01
5.618223267e+02,3.842410445e-01
5.620471191e+02,3.871340752e-01
5.622719727e+02,3.904824853e-01
5.624968262e+02,3.899199367e-01
5.627216797e+02,4.003669918e-01
5.629465332e+02,3.954916894e-01
5.631713867e+02,4.005812705e-01
5.633963013e+02,4.030725062e-01
5.636211548e+02,4.046529531e-01
5.638460693e+02,4.020813704e-01
5.640709839e+02,4.078138471e-01
5.642958984e+02,4.108943939e-01
5.645208740e+02,4.145910144e-01
5.647457886e+02,4.116712213e-01
5.649707642e+02,4.226540029e-01
5.651957397e+02,4.230290055e-01
5.654207153e+02,4.276632071e-01
5.656456909e+02,4.256273806e-01
5.658707275e+02,4.223325551e-01
5.660957031e+02,4.313330650e-01
5.663207397e+02,4.317616522e-01
5.665457764e+02,4.352172315e-01
5.667708130e+02,4.302883744e-01
5.669958496e+02,4.389138520e-01
5.672208862e+02,4.423158467e-01
5.674459839e+02,4.437623620e-01
5.676710205e+02,4.439766705e-01
5.678961182e+02,4.479143918e-01
5.681212158e+02,4.515574574e-01
5.683463745e+02,4.531111121e-01
5.685714722e+02,4.579864144e-01
5.687966309e+02,4.603972435e-01
5.690217285e+02,4.632099271e-01
5.692468872e+02,4.710050225e-01
5.694720459e+02,4.673083723e-01
5.696972046e+02,4.711925387e-01
5.699224243e+02,4.758535028e-01
5.701475830e+02,4.845593572e-01
5.703728027e+02,4.827378392e-01
5.705980225e+02,4.851754904e-01
5.708232422e+02,4.852290452e-01
5.710484619e+02,4.923008978e-01
5.712736816e+02,4.971226156e-01
5.714989624e+02,4.918990731e-01
5.717242432e+02,4.983280301e-01
5.719495239e+02,4.950867593e-01
5.721748047e+02,5.049980283e-01
5.724000854e+02,5.072481632e-01
5.726253662e+02,5.078910589e-01
5.728507080e+02,5.098197460e-01
5.730760498e+02,5.118823647e-01
5.733013306e+02,5.171058774e-01
5.735266724e+02,5.224097967e-01
5.737520752e+02,5.172130466e-01
5.739774170e+02,5.261600018e-01
5.742028198e+02,5.288119316e-01
5.744281616e+02,5.254903436e-01
5.746535645e+02,5.348390937e-01
5.748789673e+02,5.384821296e-01
5.751043701e+02,5.362855792e-01
5.753298340e+02,5.471612215e-01
5.755552368e+02,5.444557071e-01
5.757807007e+02,5.551438332e-01
5.760061646e+02,5.536437631e-01
5.762316284e+02,5.570725203e-01
5.764570923e+02,5.502685308e-01
5.766826172e+02,5.554920435e-01
5.769080811e+02,5.557331443e-01
5.771336060e+02,5.619477630e-01
5.773591309e+02,5.722340941e-01
5.775846558e+02,5.690464377e-01
5.778101807e+02,5.772433281e-01
5.780357666e+02,5.744842291e-01
5.782612915e+02,5.842347741e-01
5.784868774e+02,5.841812491e-01
5.787124634e+02,5.804578066e-01
5.789380493e+02,5.813685656e-01
5.791636353e+02,5.778594017e-01
5.793892212e+02,5.834044218e-01
5.796148682e+02,5.914405584e-01
5.798405151e+02,5.923781395e-01
5.800661621e+02,5.935567617e-01
5.802918091e+02,5.909584165e-01
5.805174561e+02,5.965569615e-01
5.807431030e+02,5.980570316e-01
5.809688110e+02,6.025037169e-01
5.811944580e+02,6.069771647e-01
5.814201660e+02,6.015126109e-01
5.816458740e+02,6.130846739e-01
5.818716431e+02,6.082629561e-01
5.820973511e+02,6.064414382e-01
5.823231201e+02,6.047270894e-01
5.825488281e+02,6.044324040e-01
5.827745972e+02,6.058521271e-01
5.830003662e+02,6.151472926e-01
5.832261963e+02,6.111559868e-01
5.834519653e+02,6.164063215e-01
5.836777344e+02,6.210941076e-01
5.839035645e+02,6.234245896e-01
5.841293945e+02,6.258622408e-01
5.843552246e+02,6.189243197e-01
5.845810547e+02,6.227548718e-01
5.848069458e+02,6.268801093e-01
5.850327759e+02,6.275765896e-01
5.852586670e+02,6.313803792e-01
5.854845581e+02,6.334162354e-01
5.857104492e+02,6.364699602e-01
5.859363403e+02,6.398719549e-01
5.861622925e+02,6.327197552e-01
5.863881836e+02,6.332823038e-01
5.866141357e+02,6.384254694e-01
5.868400879e+02,6.432203650e-01
5.870660400e+02,6.423631907e-01
5.872919922e+02,6.489796042e-01
5.875180054e+02,6.459526420e-01
5.877439575e+02,6.430864334e-01
5.879699707e+02,6.467562914e-01
5.881959839e+02,6.510154605e-01
5.884219971e+02,6.446133256e-01
5.886480103e+02,6.506136656e-01
5.888740234e+02,6.516583562e-01
5.891000977e+02,6.543638706e-01
5.893261719e+02,6.553282142e-01
5.895522461e+02,6.588641405e-01
5.897783203e+02,6.597748995e-01
5.900043945e+02,6.569890380e-01
5.902304688e+02,6.633911729e-01
5.904566040e+02,6.625071764e-01
5.906827393e+02,6.636322737e-01
5.909088135e+02,6.615964174e-01
5.911350098e+02,6.600963473e-01
5.913611450e+02,6.642483473e-01
5.915872803e+02,6.675699949e-01
5.918134766e+02,6.708112359e-01
5.920396118e+02,6.690700650e-01
5.922658081e+02,6.778830886e-01
5.924920044e+02,6.676503420e-01
5.927182617e+02,6.747757792e-01
5.929444580e+02,6.789010167e-01
5.931707153e+02,6.754722595e-01
5.933969116e+02,6.762222648e-01
5.936231689e+02,6.730613708e-01
5.938494263e+02,6.777223945e-01
5.940757446e+02,6.791421175e-01
5.943020020e+02,6.844727397e-01
5.945282593e+02,6.807493567e-01
5.947545776e+02,6.872586608e-01
5.949808960e+02,6.906605959e-01
5.952072144e+02,6.888390779e-01
5.954335327e+02,6.920535564e-01
5.956599121e+02,6.922946572e-01
5.958862305e+02,6.873121858e-01
5.961126099e+02,6.885979772e-01
5.963389893e+02,6.896159053e-01
5.965653687e+02,6.863210797e-01
5.967917480e+02,6.958573461e-01
5.970181885e+02,7.033042312e-01
5.972445679e+02,7.016969919e-01
5.974710083e+02,7.033845782e-01
5.976974487e+02,7.011612058e-01
5.979238892e+02,7.105635405e-01
5.981503296e+02,7.168853283e-01
5.983768311e+02,7.117957473e-01
5.986032715e+02,7.109385729e-01
5.988297729e+02,7.104831934e-01
5.990562744e+02,7.104028463e-01
5.992827759e+02,7.176086307e-01
5.995092773e+02,7.092777491e-01
5.997357788e+02,7.116082907e-01
5.999623413e+02,7.173675299e-01
6.001889038e+02,7.214124203e-01
6.004154663e+02,7.140458822e-01
6.006420288e+02,7.193229795e-01
6.008685913e+02,7.211713195e-01
6.010951538e+02,7.134029865e-01
6.013217773e+02,7.151977420e-01
6.015484009e+02,7.192158699e-01
6.017749634e+02,7.267430425e-01
6.020015869e+02,7.288056612e-01
6.022282715e+02,7.320469618e-01
6.024548950e+02,7.395206094e-01
6.026815796e+02,7.405653000e-01
6.029082031e+02,7.360650301e-01
6.031348877e+02,7.332791686e-01
6.033615723e+02,7.430029511e-01
6.035883179e+02,7.436994314e-01
6.038150024e+02,7.413421273e-01
6.040416870e+02,7.402438521e-01
6.042684326e+02,7.514141202e-01
6.044951782e+02,7.517088056e-01
6.047219238e+02,7.521374226e-01
6.049486694e+02,7.594771385e-01
6.051754761e+02,7.586467266e-01
6.054022217e+02,7.584056258e-01
6.056290283e+02,7.570662498e-01
6.058558350e+02,7.622361779e-01
6.060826416e+02,7.568787336e-01
6.063094482e+02,7.526731491e-01
6.065363159e+02,7.451727390e-01
6.067631226e+02,7.565841079e-01
6.069899902e+02,7.606021762e-01
6.072168579e+02,7.660667896e-01
6.074437256e+02,7.770495415e-01
6.076705933e+02,7.642720342e-01
6.078974609e+02,7.600664496e-01
6.081243896e+02,7.613254189e-01
6.083513184e+02,7.630398273e-01
6.085781860e+02,7.577894926e-01
6.088051147e+02,7.656381726e-01
6.090321045e+02,7.655578256e-01
6.092590332e+02,7.691740990e-01
6.094860229e+02,7.624772787e-01
6.097129517e+02,7.652631402e-01
6.099399414e+02,7.702456117e-01
6.101669312e+02,7.662810683e-01
6.103939209e+02,7.741029859e-01
6.106209717e+02,7.753083706e-01
6.108479614e+02,7.798086405e-01
6.110750122e+02,7.716920972e-01
6.113020630e+02,7.804247737e-01
6.115291138e+02,7.881930470e-01
6.117561646e+02,7.782817483e-01
6.119832764e+02,7.725492716e-01
6.122103271e+02,7.740225792e-01
6.124374390e+02,7.783889174e-01
6.126645508e+02,7.797282934e-01
6.128916626e+02,7.846839428e-01
6.131187744e+02,7.841749787e-01
6.133458862e+02,7.887823582e-01
6.135730591e+02,7.947023511e-01
6.138002319e+02,7.950237989e-01
6.140273438e+02,8.003812432e-01
6.142545166e+02,7.885949016e-01
6.144817505e+02,7.860233188e-01
6.147089233e+02,7.993097901e-01
6.149361572e+02,8.015866876e-01
6.151633301e+02,7.966846228e-01
6.153905640e+02,7.964971066e-01
6.156177979e+02,7.963631749e-01
6.158450317e+02,7.952381372e-01
6.160723267e+02,7.974078655e-01
6.162995605e+02,7.960149646e-01
6.165268555e+02,7.986936569e-01
6.167541504e+02,7.898538709e-01
6.169814453e+02,7.889431119e-01
6.172087402e+02,7.958810329e-01
6.174360352e+02,7.945416570e-01
6.176633911e+02,7.975417972e-01
6.178907471e+02,7.946755886e-01
6.181180420e+02,7.975417972e-01
6.183453979e+02,8.066495061e-01
6.185728149e+02,8.012116551e-01
6.188001709e+02,8.144981861e-01
6.190275879e+02,8.123551607e-01
6.192549438e+02,8.090871572e-01
6.194823608e+02,8.120605350e-01
6.197097778e+02,8.144177794e-01
6.199371948e+02,8.059797883e-01
6.201646729e+02,8.060066104e-01
6.203920898e+02,8.116051555e-01
6.206195679e+02,8.258827329e-01
6.208470459e+02,8.189448714e-01
6.210745239e+02,8.241683841e-01
6.213020020e+02,8.166411519e-01
6.215294800e+02,8.148196340e-01
6.217570190e+02,8.138017058e-01
6.219844971e+02,8.111765385e-01
6.222120361e+02,8.148999810e-01
6.224395752e+02,8.149267435e-01
6.226671143e+02,8.132123947e-01
6.228947144e+02,8.170697689e-01
6.231222534e+02,8.227486610e-01
6.233498535e+02,8.217307329e-01
6.235774536e+02,8.214360476e-01
6.238050537e+02,8.190788031e-01
6.240326538e+02,8.154625297e-01
6.242602539e+02,8.189180493e-01
6.244879150e+02,8.174715638e-01
6.247155762e+02,8.237130046e-01
6.249431763e+02,8.221593499e-01
6.251708374e+02,8.222128749e-01
6.253985596e+02,8.282132149e-01
6.256262207e+02,8.297401071e-01
6.258538818e+02,8.235522509e-01
6.260816040e+02,8.243559003e-01
6.263093262e+02,8.254809380e-01
6.265370483e+02,8.442856073e-01
6.267647705e+02,8.397853374e-01
6.269924927e+02,8.453571200e-01
6.272202759e+02,8.342136145e-01
6.274480591e+02,8.306241035e-01
6.276757812e+02,8.355261683e-01
6.279035645e+02,8.426247835e-01
6.281314087e+02,8.330349326e-01
6.283591919e+02,8.442588449e-01
6.285869751e+02,8.398925066e-01
6.288148193e+02,8.498573303e-01
6.290426636e+02,8.443123698e-01
6.292705078e+02,8.477411866e-01
6.294983521e+02,8.457589149e-01
6.297261963e+02,8.485447764e-01
6.299541016e+02,8.562862873e-01
6.301819458e+02,8.492144346e-01
6.304098511e+02,8.561791778e-01
6.306377563e+02,8.518128395e-01
6.308656616e+02,8.514645696e-01
6.310936279e+02,8.419551253e-01
6.313215332e+02,8.465357423e-01
6.315494995e+02,8.442588449e-01
6.317774658e+02,8.410978913e-01
6.320054321e+02,8.468303680e-01
6.322333984e+02,8.552415967e-01
6.324613647e+02,8.494019508e-01
6.326893921e+02,8.513842225e-01
6.329173584e+02,8.553487659e-01
6.331453857e+02,8.469375372e-01
6.333734131e+02,8.496698737e-01
6.336014404e+02,8.537147045e-01
6.338294678e+02,8.517324924e-01
6.340575562e+02,8.610276580e-01
6.342855835e+02,8.696799278e-01
6.345136719e+02,8.559916615e-01
6.347417603e+02,8.631170392e-01
6.349698486e+02,8.674297929e-01
6.351979980e+02,8.557505608e-01
6.354260864e+02,8.626616597e-01
6.356542358e+02,8.525628448e-01
6.358823853e+02,8.658225536e-01
6.361105347e+02,8.554023504e-01
6.363386841e+02,8.590989709e-01
6.365668335e+02,8.642688990e-01
6.367949829e+02,8.645367622e-01
6.370231934e+02,8.597418666e-01
6.372514038e+02,8.656618595e-01
6.374796143e+02,8.644028306e-01
6.377078247e+02,8.592329025e-01
6.379360352e+02,8.524021506e-01
6.381643066e+02,8.600097299e-01
6.383925171e+02,8.699477911e-01
6.386207886e+02,8.597954512e-01
6.388490601e+02,8.706710935e-01
6.390773315e+02,8.671083450e-01
6.393056030e+02,8.603044152e-01
6.395339355e+02,8.495091200e-01
6.397622070e+02,8.567416668e-01
6.399905396e+02,8.547860384e-01
6.402188721e+02,8.514955044e-01
6.404472046e+02,8.592894077e-01
6.406755371e+02,8.607597947e-01
6.409039307e+02,8.649512529e-01
6.411323242e+02,8.601038456e-01
6.413606567e+02,8.643599749e-01
6.415890503e+02,8.655578494e-01
6.418174438e+02,8.587072492e-01
6.420458984e+02,8.632771373e-01
6.422742920e+02,8.809796572e-01
6.425027466e+02,8.947049975e-01
6.427311401e+02,8.942349553e-01
6.429595947e+02,8.831974268e-01
6.431880493e+02,8.757136464e-01
6.434165649e+02,8.721113801e-01
6.436450195e+02,8.667461276e-01
6.438735352e+02,8.741158247e-01
6.441019897e+02,8.756718636e-01
6.443305054e+02,8.632480502e-01
6.445590210e+02,8.565759063e-01
6.447875977e+02,8.427621126e-01
6.450161133e+02,8.574371338e-01
6.452446899e+02,8.395110965e-01
6.454732056e+02,8.459266424e-01
6.457017822e+02,8.323000073e-01
6.459303589e+02,8.533801436e-01
6.461589966e+02,8.417145610e-01
6.463875732e+02,8.584212661e-01
6.466162109e+02,8.700962067e-01
6.468447876e+02,8.656670451e-01
6.470734253e+02,8.575630784e-01
6.473020630e+02,8.809868693e-01
6.475307617e+02,8.883858919e-01
6.477593994e+02,8.704125881e-01
6.479880981e+02,8.724414110e-01
6.482167358e+02,8.667968512e-01
6.484454346e+02,8.616677523e-01
6.486741333e+02,8.478007913e-01
6.489028320e+02,8.550540209e-01
6.491315918e+02,8.578931093e-01
6.493602905e+02,8.517812490e-01
6.495890503e+02,8.564738035e-01
6.498178101e+02,8.482233286e-01
6.500465698e+02,8.503395319e-01
6.502753296e+02,8.438302279e-01
6.505041504e+02,8.520539403e-01
6.507329102e+02,8.534468412e-01
6.509617310e+02,8.505806327e-01
6.511905518e+02,8.483572602e-01
6.514193726e+02,8.407229185e-01
6.516481934e+02,8.461607099e-01
6.518770142e+02,8.601972461e-01
6.521058960e+02,8.596882820e-01
6.523347778e+02,8.529111147e-01
6.525636597e+02,8.651796579e-01
6.527925415e+02,8.534468412e-01
6.530214233e+02,8.543040156e-01
6.532503052e+02,8.566880822e-01
6.534792480e+02,8.582149744e-01
6.537081299e+02,8.655815125e-01
6.539370728e+02,8.570631146e-01
6.541660156e+02,8.551880121e-01
6.543949585e+02,8.378566504e-01
6.546239624e+02,8.503395319e-01
6.548529053e+02,8.455713987e-01
6.550819092e+02,8.444731236e-01
6.553109131e+02,8.326867223e-01
6.555399170e+02,8.458392620e-01
6.557689209e+02,8.448481560e-01
6.559979248e+02,8.456785679e-01
6.562269897e+02,8.453571200e-01
6.564560547e+02,8.419283032e-01
6.566851196e+02,8.417407870e-01
6.569141846e+02,8.457856774e-01
6.571432495e+02,8.478482962e-01
6.573723145e+02,8.490537405e-01
6.576014404e+02,8.507949114e-01
6.578305054e+02,8.433212638e-01
6.580596313e+02,8.379102349e-01
6.582887573e+02,8.480893970e-01
6.585178833e+02,8.465893269e-01
6.587470703e+02,8.541165590e-01
6.589761963e+02,8.499644995e-01
6.592053833e+02,8.512770534e-01
6.594345703e+02,8.438302279e-01
6.596637573e+02,8.450356722e-01
6.598929443e+02,8.445267081e-01
6.601221313e+02,8.489733934e-01
6.603513794e+02,8.466429114e-01
6.605805664e+02,8.361423016e-01
6.608098145e+02,8.335974813e-01
6.610390625e+02,8.391960263e-01
6.612683105e+02,8.324992061e-01
6.614975586e+02,8.338921666e-01
6.617268677e+02,8.368387222e-01
6.619561768e+02,8.391960263e-01
6.621854248e+02,8.283203840e-01
6.624147339e+02,8.289096951e-01
6.626441040e+02,8.262845874e-01
6.628734131e+02,8.328474164e-01
6.631027222e+02,8.311330676e-01
6.633320923e+02,8.337314129e-01
6.635614624e+02,8.266327977e-01
6.637908325e+02,8.282936215e-01
6.640202026e+02,8.311598301e-01
6.642495728e+02,8.365976810e-01
6.644790039e+02,8.327403069e-01
6.647083740e+02,8.280257583e-01
6.649378052e+02,8.332760334e-01
6.651672363e+02,8.247576952e-01
6.653966675e+02,8.294722438e-01
6.656260986e+02,8.335974813e-01
6.658555908e+02,8.365708590e-01
6.660850220e+02,8.322313428e-01
6.663145142e+02,8.308116198e-01
6.665440063e+02,8.398389220e-01
6.667734985e+02,8.309723139e-01
6.670030518e+02,8.423301578e-01
6.672325439e+02,8.350172043e-01
6.674620972e+02,8.335171342e-01
6.676915894e+02,8.297133446e-01
6.679211426e+02,8.448213339e-01
6.681506958e+02,8.245434165e-01
6.683803101e+02,8.303294182e-01
6.686098633e+02,8.236594200e-01
6.688394775e+02,8.336510658e-01
6.690690308e+02,8.322849274e-01
6.692986450e+02,8.286686540e-01
6.695282593e+02,8.306776881e-01
6.697579346e+02,8.267934918e-01
6.699875488e+02,8.225611448e-01
6.702172241e+02,8.184626698e-01
6.704468384e+02,8.062744737e-01
6.706765137e+02,8.137748837e-01
6.709061890e+02,8.098907471e-01
6.711359253e+02,8.020420671e-01
6.713656006e+02,8.174983263e-01
6.715953369e+02,8.202306628e-01
6.718250122e+02,8.138552904e-01
6.720547485e+02,8.153553605e-01
6.722844849e+02,8.137748837e-01
6.725142822e+02,8.279721737e-01
6.727440186e+02,8.165339828e-01
6.729738159e+02,8.262310028e-01
6.732035522e+02,8.162125349e-01
6.734333496e+02,8.228290081e-01
6.736631470e+02,8.231236339e-01
6.738929443e+02,8.338117599e-01
6.741228027e+02,8.195877671e-01
6.743526001e+02,8.184090853e-01
6.745824585e+02,8.181680441e-01
6.748123169e+02,8.166679144e-01
6.750421753e+02,8.227754235e-01
6.752720337e+02,8.234183192e-01
6.755019531e+02,8.221325278e-01
6.757318115e+02,8.223736286e-01
6.759617310e+02,8.041046858e-01
6.761916504e+02,8.133730888e-01
6.764215698e+02,8.074799180e-01
6.766514893e+02,8.144981861e-01
6.768814087e+02,8.211950064e-01
6.771113892e+02,8.303294182e-01
6.773413696e+02,8.132391572e-01
6.775712891e+02,8.150606751e-01
6.778012695e+02,8.169893622e-01
6.780313110e+02,8.254005909e-01
6.782612915e+02,8.311330676e-01
6.784912720e+02,8.226147294e-01
6.787213135e+02,8.263916969e-01
6.789513550e+02,8.211414218e-01
6.791813965e+02,8.127570152e-01
6.794114380e+02,8.078013659e-01
6.796415405e+02,8.132391572e-01
6.798715820e+02,8.148999810e-01
6.801016846e+02,8.081763387e-01
6.803317871e+02,8.080692291e-01
6.805618896e+02,8.027117848e-01
6.807919922e+02,8.091942668e-01
6.810220947e+02,8.088460565e-01
6.812522583e+02,8.100515008e-01
6.814823608e+02,8.099979162e-01
6.817125244e+02,8.066762686e-01
6.819426880e+02,8.168286681e-01
6.821728516e+02,8.108283281e-01
6.824030151e+02,8.120337129e-01
6.826332397e+02,8.060333729e-01
6.828634644e+02,8.136945367e-01
6.830936279e+02,8.129712939e-01
6.833238525e+02,8.212485313e-01
6.835540771e+02,8.142570853e-01
6.837843628e+02,8.113908172e-01
6.840145874e+02,8.124087453e-01
6.842448730e+02,8.117390871e-01
6.844751587e+02,8.097032309e-01
6.847054443e+02,8.108283281e-01
6.849357300e+02,8.151678443e-01
6.851660156e+02,8.062744737e-01
6.853963623e+02,8.117658496e-01
6.856266479e+02,8.033546805e-01
6.858569946e+02,8.155964613e-01
6.860873413e+02,8.003812432e-01
6.863176880e+02,8.009170294e-01
6.865480347e+02,7.999794483e-01
6.867784424e+02,8.116855025e-01
6.870087891e+02,8.093817830e-01
6.872391968e+02,8.055779934e-01
6.874696045e+02,8.056315780e-01
6.877000122e+02,8.052297831e-01
6.879304199e+02,8.068906069e-01
6.881608887e+02,8.027653098e-01
6.883912964e+02,8.040779233e-01
6.886217651e+02,7.960953116e-01
6.888522339e+02,7.977025509e-01
6.890827026e+02,8.020153046e-01
6.893131714e+02,7.924790382e-01
6.895437012e+02,8.038368225e-01
6.897741699e+02,8.016670346e-01
6.900046997e+02,8.088192344e-01
6.902352295e+02,7.924522161e-01
6.904657593e+02,7.985061407e-01
6.906962891e+02,8.041046858e-01
6.909268799e+02,7.988811731e-01
6.911574097e+02,7.925326228e-01
6.913880005e+02,8.002205491e-01
6.916185913e+02,7.989079952e-01
6.918491821e+02,7.975686193e-01
6.920797729e+02,7.945416570e-01
6.923104248e+02,7.910324931e-01
6.925410156e+02,7.983990312e-01
6.927716675e+02,7.976757288e-01
6.930023193e+02,7.976757288e-01
6.932329712e+02,8.079084754e-01
6.934636230e+02,7.967114449e-01
6.936942749e+02,7.875769734e-01
6.939249878e+02,7.976489663e-01
6.941557007e+02,7.931755185e-01
6.943864136e+02,7.936844826e-01
6.946171265e+02,7.978097200e-01
6.948478394e+02,7.993365526e-01
6.950785522e+02,7.890502810e-01
6.953093262e+02,8.061137199e-01
6.955400391e+02,7.889163494e-01
6.957708130e+02,7.919700742e-01
6.960015869e+02,7.918629050e-01
6.962323608e+02,7.964703441e-01
6.964631958e+02,7.955327630e-01
6.966939697e+02,8.026046157e-01
6.969248047e+02,7.978097200e-01
6.971556396e+02,8.011848927e-01
6.973864746e+02,8.030867577e-01
6.976173096e+02,7.997919321e-01
6.978481445e+02,8.006223440e-01
6.980790405e+02,8.027653098e-01
6.983099365e+02,7.909253836e-01
6.985407715e+02,8.093817830e-01
6.987716675e+02,7.938987613e-01
6.990025635e+02,7.967649698e-01
6.992335205e+02,7.932022810e-01
6.994644165e+02,7.917289734e-01
6.996953735e+02,7.955863476e-01
6.999263306e+02,7.879520059e-01
7.001572876e+02,7.848446369e-01
7.003882446e+02,7.923182845e-01
7.006192017e+02,7.774513960e-01
7.008502197e+02,7.945952415e-01
7.010811768e+02,7.891038060e-01
7.013121948e+02,7.848714590e-01
7.015432129e+02,7.888091803e-01
7.017742310e+02,7.929075956e-01
7.020052490e+02,7.975150347e-01
7.022363281e+02,7.935504913e-01
7.024674072e+02,7.885680795e-01
7.026984253e+02,8.022028208e-01
7.029295044e+02,7.987472415e-01
7.031605835e+02,7.983990312e-01
7.033917236e+02,7.968185544e-01
7.036228027e+02,8.004080653e-01
7.038539429e+02,7.943273783e-01
7.040850220e+02,8.071048856e-01
7.043161621e+02,8.024706841e-01
7.045473022e+02,7.994704843e-01
7.047785034e+02,7.980239987e-01
7.050096436e+02,8.086585402e-01
7.052408447e+02,7.979971766e-01
7.054719849e+02,7.988544106e-01
7.057031860e+02,7.978900671e-01
7.059343872e+02,7.955060005e-01
7.061656494e+02,7.968453765e-01
7.063968506e+02,7.963364124e-01
7.066281128e+02,8.014527559e-01
7.068593140e+02,8.005419970e-01
7.070905762e+02,8.031671643e-01
7.073218384e+02,7.968989015e-01
7.075531616e+02,7.901753187e-01
7.077844238e+02,7.948631048e-01
7.080157471e+02,7.915950418e-01
7.082470093e+02,7.990151048e-01
7.084783325e+02,7.968185544e-01
7.087096558e+02,8.057655096e-01
7.089409790e+02,7.985865474e-01
7.091723633e+02,8.120337129e-01
7.094036865e+02,7.994973063e-01
7.096350708e+02,7.963364124e-01
7.098664551e+02,7.934165597e-01
7.100978394e+02,8.021759987e-01
7.103292236e+02,7.964435220e-01
7.105606689e+02,7.968185544e-01
7.107920532e+02,8.027921319e-01
7.110234985e+02,8.035421968e-01
7.112549438e+02,7.953184843e-01
7.114863892e+02,8.035153747e-01
7.117178345e+02,7.862375975e-01
7.119492798e+02,7.954791784e-01
7.121807861e+02,7.887288332e-01
7.124122314e+02,7.919433117e-01
7.126437378e+02,7.926397324e-01
7.128752441e+02,7.955060005e-01
7.131067505e+02,7.943541408e-01
7.133383179e+02,7.917557955e-01
7.135698242e+02,7.797014713e-01
7.138013916e+02,7.912468314e-01
7.140329590e+02,7.859964967e-01
7.142645264e+02,7.847642899e-01
7.144960938e+02,7.817373276e-01
7.147276611e+02,7.836660147e-01
7.149592896e+02,7.750940919e-01
7.151908569e+02,7.862911820e-01
7.154224854e+02,7.753887773e-01
7.156541138e+02,7.854339480e-01
7.158857422e+02,7.799961567e-01
7.161173706e+02,7.722278237e-01
7.163490601e+02,7.718528509e-01
7.165806885e+02,7.761387825e-01
7.168123779e+02,7.636559010e-01
7.170440674e+02,7.763798833e-01
7.172757568e+02,7.675936818e-01
7.175075073e+02,7.617272139e-01
7.177391968e+02,7.783353329e-01
7.179709473e+02,7.759512663e-01
7.182026367e+02,7.626647949e-01
7.184343872e+02,7.704598904e-01
7.186661377e+02,7.585931420e-01
7.188979492e+02,7.631201744e-01
7.191296997e+02,7.649416924e-01
7.193615112e+02,7.628255486e-01
7.195933228e+02,7.572001815e-01
7.198250732e+02,7.559412122e-01
7.200569458e+02,7.568787336e-01
7.202887573e+02,7.610039711e-01
7.205205688e+02,7.473157048e-01
7.207524414e+02,7.566644549e-01
7.209842529e+02,7.543875575e-01
7.212161255e+02,7.500479817e-01
7.214479980e+02,7.532088757e-01
7.216799316e+02,7.593967319e-01
7.219118042e+02,7.551108003e-01
7.221437378e+02,7.492711544e-01
7.223756104e+02,7.591021061e-01
7.226075439e+02,7.532892823e-01
7.228394775e+02,7.506105304e-01
7.230714111e+02,7.487890124e-01
7.233034058e+02,7.389580607e-01
7.235353394e+02,7.362793088e-01
7.237673340e+02,7.249751091e-01
7.239993286e+02,7.301718593e-01
7.242313232e+02,7.300111055e-01
7.244633179e+02,7.269841433e-01
7.246953735e+02,7.193229795e-01
7.249273682e+02,7.241179347e-01
7.251594238e+02,7.189747691e-01
7.253914795e+02,7.175014615e-01
7.256235352e+02,7.192962170e-01
7.258555908e+02,7.188408375e-01
7.260876465e+02,7.252965569e-01
7.263197632e+02,7.338148952e-01
7.265518188e+02,7.339756489e-01
7.267839355e+02,7.323951721e-01
7.270160522e+02,7.337613106e-01
7.272481689e+02,7.267162800e-01
7.274803467e+02,7.287253141e-01
7.277124634e+02,7.312968969e-01
7.279446411e+02,7.292611003e-01
7.281768188e+02,7.327969670e-01
7.284089355e+02,7.334398627e-01
7.286411743e+02,7.334934473e-01
7.288733521e+02,7.243322134e-01
7.291055298e+02,7.312701344e-01
7.293377686e+02,7.263144851e-01
7.295700073e+02,7.258591056e-01
7.298022461e+02,7.283235192e-01
7.300344849e+02,7.306004167e-01
7.302667236e+02,7.269573808e-01
7.304990234e+02,7.149567008e-01
7.307312622e+02,7.205284238e-01
7.309635620e+02,7.293146253e-01
7.311958618e+02,7.293950319e-01
7.314281616e+02,7.433779836e-01
7.316604614e+02,7.256180048e-01
7.318928223e+02,7.303325534e-01
7.321251221e+02,7.339756489e-01
7.323574829e+02,7.180907726e-01
7.325898438e+02,7.158138752e-01
7.328222046e+02,7.119297385e-01
7.330545654e+02,7.221356630e-01
7.332869873e+02,7.201266289e-01
7.335193481e+02,7.182515264e-01
7.337517700e+02,7.181711197e-01
7.339841919e+02,7.133494616e-01
7.342166138e+02,7.158674598e-01
7.344490356e+02,7.067061663e-01
7.346815186e+02,7.061972618e-01
7.349139404e+02,7.028220296e-01
7.351464233e+02,7.084473372e-01
7.353789062e+02,7.077776790e-01
7.356113892e+02,7.171532512e-01
7.358438721e+02,7.098402977e-01
7.360763550e+02,7.072955370e-01
7.363088989e+02,7.025005817e-01
7.365414429e+02,6.989378929e-01
7.367739258e+02,7.030631304e-01
7.370065308e+02,7.004379630e-01
7.372390747e+02,6.987771392e-01
7.374716187e+02,6.952144504e-01
7.377042236e+02,6.869372129e-01
7.379367676e+02,6.970627904e-01
7.381693726e+02,6.780438423e-01
7.384019775e+02,6.843388081e-01
7.386345825e+02,6.774544716e-01
7.388672485e+02,6.906605959e-01
7.390998535e+02,6.796242595e-01
7.393325195e+02,6.867496967e-01
7.395651855e+02,6.808832884e-01
7.397978516e+02,6.796510220e-01
7.400305176e+02,6.731685400e-01
7.402631836e+02,6.714541316e-01
7.404959106e+02,6.740257144e-01
7.407285767e+02,6.769187450e-01
7.409613037e+02,6.673557162e-01
7.411940308e+02,6.730346084e-01
7.414267578e+02,6.656948924e-01
7.416594849e+02,6.600160003e-01
7.418922729e+02,6.649716496e-01
7.421250000e+02,6.612482071e-01
7.423577881e+02,6.608195901e-01
7.425905762e+02,6.668199301e-01
7.428233643e+02,6.615160704e-01
7.430562134e+02,6.605517268e-01
7.432890015e+02,6.611678600e-01
7.435218506e+02,6.546585560e-01
7.437546387e+02,6.573372483e-01
7.439874878e+02,6.528638005e-01
7.442203369e+02,6.516047716e-01
7.444532471e+02,6.514976025e-01
7.446860962e+02,6.480420828e-01
7.449190063e+02,6.521137357e-01
7.451518555e+02,6.472652555e-01
7.453847656e+02,6.467830539e-01
7.456176758e+02,6.412380934e-01
7.458506470e+02,6.450418830e-01
7.460835571e+02,6.438632607e-01
7.463164673e+02,6.486849785e-01
7.465494385e+02,6.365235448e-01
7.467824097e+02,6.465955377e-01
7.470153809e+02,6.380504370e-01
7.472483521e+02,6.434346437e-01
7.474813843e+02,6.412380934e-01
7.477143555e+02,6.465420127e-01
7.479473877e+02,6.330947876e-01
7.481804199e+02,6.388272643e-01
7.484134521e+02,6.399791241e-01
7.486464844e+02,6.375950575e-01
7.488795166e+02,6.320500970e-01
7.491126099e+02,6.349966526e-01
7.493457031e+02,6.337644458e-01
7.495787354e+02,6.355324388e-01
7.498118286e+02,6.244156957e-01
7.500449829e+02,6.322643757e-01
7.502780762e+02,6.268265843e-01
7.505111694e+02,6.284873486e-01
7.507443237e+02,6.258354187e-01
7.509774780e+02,6.229156256e-01
7.512106323e+02,6.240942478e-01
7.514437866e+02,6.166474223e-01
7.516769409e+02,6.137275696e-01
7.519101562e+02,6.104863286e-01
7.521433105e+02,6.065753698e-01
7.523765259e+02,6.096826792e-01
7.526097412e+02,6.068700552e-01
7.528429565e+02,6.097630858e-01
7.530762329e+02,6.181206703e-01
7.533094482e+02,6.166206002e-01
7.535427246e+02,6.173438430e-01
7.537759399e+02,6.176385283e-01
7.540092163e+02,6.171831489e-01
7.542425537e+02,6.153348088e-01
7.544758301e+02,6.080486774e-01
7.547091064e+02,6.094148159e-01
7.549424438e+02,6.125489473e-01
7.551757812e+02,6.038430929e-01
7.554090576e+02,6.127364635e-01
7.556424561e+02,6.091469526e-01
7.558757935e+02,6.014590263e-01
7.561091309e+02,6.036555767e-01
7.563425293e+02,6.002803445e-01
7.565759277e+02,5.990213752e-01
7.568092651e+02,5.964765549e-01
7.570426636e+02,5.964230299e-01
7.572761230e+02,5.969051719e-01
7.575095215e+02,5.952175856e-01
7.577429810e+02,5.869671106e-01
7.579763794e+02,5.862438679e-01
7.582098389e+02,5.879850388e-01
7.584432983e+02,5.803238750e-01
7.586767578e+02,5.832972527e-01
7.589102783e+02,5.816364288e-01
7.591437378e+02,5.956729650e-01
7.593772583e+02,5.809667706e-01
7.596107788e+02,5.867528319e-01
7.598442993e+02,5.740824342e-01
7.600778198e+02,5.836722851e-01
7.603113403e+02,5.827882886e-01
7.605449219e+02,5.830561519e-01
7.607785034e+02,5.739752650e-01
7.610120239e+02,5.852527022e-01
7.612456055e+02,5.861366987e-01
7.614792480e+02,5.882529020e-01
7.617128296e+02,5.763593316e-01
7.619464111e+02,5.787969828e-01
7.621800537e+02,5.821721554e-01
7.624136963e+02,5.814757347e-01
7.626473389e+02,5.838865638e-01
7.628809814e+02,5.873956680e-01
7.631146240e+02,5.731180906e-01
7.633483276e+02,5.810203552e-01
7.635819702e+02,5.724483728e-01
7.638156738e+02,5.855205655e-01
7.640493774e+02,5.810471177e-01
7.642830811e+02,5.774576068e-01
7.645167847e+02,5.796541572e-01
7.647505493e+02,5.758771896e-01
7.649842529e+02,5.671177506e-01
7.652180176e+02,5.704125762e-01
7.654517822e+02,5.688856840e-01
7.656855469e+02,5.701714754e-01
7.659193726e+02,5.680552721e-01
7.661531372e+02,5.677606463e-01
7.663869019e+02,5.587333441e-01
7.666207275e+02,5.645461679e-01
7.668545532e+02,5.607423782e-01
7.670883789e+02,5.628853440e-01
7.673222046e+02,5.595905185e-01
7.675560913e+02,5.627514124e-01
7.677899170e+02,5.554116964e-01
7.680238037e+02,5.674659610e-01
7.682576904e+02,5.579565167e-01
7.684915771e+02,5.578225255e-01
7.687254639e+02,5.549830794e-01
7.689594116e+02,5.497328043e-01
7.691932983e+02,5.446164012e-01
7.694272461e+02,5.506703258e-01
7.696611938e+02,5.449110866e-01
7.698951416e+02,5.471076369e-01
7.701290894e+02,5.444824696e-01
7.703630371e+02,5.421519876e-01
7.705970459e+02,5.419377089e-01
7.708309937e+02,5.421788096e-01
7.710650024e+02,5.393125415e-01
7.712990112e+02,5.405179858e-01
7.715330200e+02,5.425270200e-01
7.717670898e+02,5.353480577e-01
7.720010986e+02,5.380267501e-01
7.722351685e+02,5.441610217e-01
7.724692383e+02,5.442681909e-01
7.727033081e+02,5.447235703e-01
7.729373779e+02,5.358034372e-01
7.731714478e+02,5.379999876e-01
7.734055176e+02,5.344908237e-01
7.736396484e+02,5.312228203e-01
7.738737793e+02,5.244724154e-01
7.741079102e+02,5.271779299e-01
7.743420410e+02,5.159272552e-01
7.745761719e+02,5.267225504e-01
7.748103638e+02,5.232669711e-01
7.750444946e+02,5.285440683e-01
7.752786865e+02,5.185524225e-01
7.755128784e+02,5.254635215e-01
7.757470703e+02,5.171594620e-01
7.759812622e+02,5.181238055e-01
7.762155151e+02,5.176684260e-01
7.764497070e+02,5.191953182e-01
7.766839600e+02,5.189006329e-01
7.769182129e+02,5.155790448e-01
7.771524658e+02,5.189810395e-01
7.773867188e+02,5.238831043e-01
7.776209717e+02,5.092840195e-01
7.778552856e+02,5.041676760e-01
7.780895996e+02,5.092304349e-01
7.783239136e+02,5.113734007e-01
7.785582275e+02,5.089089870e-01
7.787925415e+02,5.094715357e-01
7.790268555e+02,5.045694709e-01
7.792612305e+02,5.084536076e-01
7.794955444e+02,5.096322298e-01
7.797299194e+02,5.060159564e-01
7.799642944e+02,5.052391291e-01
7.801986694e+02,4.987298250e-01
7.804331055e+02,5.061231256e-01
7.806674805e+02,5.031497478e-01
7.809019165e+02,4.998548925e-01
7.811363525e+02,5.033908486e-01
7.813707886e+02,4.886846244e-01
7.816052246e+02,5.047301650e-01
7.818396606e+02,4.896757305e-01
7.820741577e+02,4.944706559e-01
7.823085938e+02,4.921401739e-01
7.825430908e+02,4.973904788e-01
7.827775879e+02,4.940688610e-01
7.830120850e+02,4.886846244e-01
7.832465820e+02,4.859255254e-01
7.834811401e+02,4.868630767e-01
7.837156372e+02,4.896489382e-01
7.839501953e+02,4.876131117e-01
7.841847534e+02,4.832200110e-01
7.844193115e+02,4.841039777e-01
7.846539307e+02,4.875863194e-01
7.848884888e+02,4.797376692e-01
7.851231079e+02,4.700406790e-01
7.853576660e+02,4.810770154e-01
7.855922852e+02,4.671744406e-01
7.858269043e+02,4.805680811e-01
7.860615845e+02,4.742462635e-01
7.862962036e+02,4.733355045e-01
7.865308228e+02,4.727997482e-01
7.867655029e+02,4.791751206e-01
7.870001831e+02,4.758535028e-01
7.872348633e+02,4.805144966e-01
7.874695435e+02,4.753713310e-01
7.877042847e+02,4.674958885e-01
7.879389648e+02,4.691834748e-01
7.881737061e+02,4.726926088e-01
7.884084473e+02,4.572631419e-01
7.886431885e+02,4.620848596e-01
7.888779297e+02,4.652457535e-01
7.891126709e+02,4.615491033e-01
7.893474731e+02,4.588435888e-01
7.895822144e+02,4.596740007e-01
7.898170166e+02,4.583614171e-01
7.900518188e+02,4.528700411e-01
7.902866211e+02,4.545844197e-01
7.905214844e+02,4.645492733e-01
7.907562866e+02,4.605312049e-01
7.909911499e+02,4.632099271e-01
7.912260132e+02,4.581471384e-01
7.914608765e+02,4.602365196e-01
7.916957397e+02,4.562987983e-01
7.919306030e+02,4.653528929e-01
7.921655273e+02,4.549594522e-01
7.924003906e+02,4.576917291e-01
7.926353149e+02,4.550397992e-01
7.928702393e+02,4.596204162e-01
7.931051636e+02,4.557898343e-01
7.933400879e+02,4.553880394e-01
7.935750732e+02,4.558702111e-01
7.938099976e+02,4.575042427e-01
7.940449829e+02,4.494680464e-01
7.942799683e+02,4.521467686e-01
7.945149536e+02,4.476732910e-01
7.947499390e+02,4.636653066e-01
7.949849854e+02,4.484501481e-01
7.952199707e+02,4.574506581e-01
7.954550171e+02,4.547183514e-01
7.956900635e+02,4.508342147e-01
7.959251099e+02,4.448606372e-01
7.961601562e+02,4.459053576e-01
7.963952026e+02,4.461732209e-01
7.966303101e+02,4.442981184e-01
7.968654175e+02,4.458785653e-01
7.971004639e+02,4.398246408e-01
7.973355713e+02,4.447534978e-01
7.975707397e+02,4.435480535e-01
7.978058472e+02,4.396907091e-01
7.980410156e+02,4.487983584e-01
7.982761230e+02,4.356190264e-01
7.985112915e+02,4.387799203e-01
7.987464600e+02,4.379227459e-01
7.989816284e+02,4.326188564e-01
7.992167969e+02,4.349225760e-01
7.994520264e+02,4.354315102e-01
7.996872559e+02,4.366369545e-01
7.999224243e+02,4.390478134e-01
8.001576538e+02,4.361279905e-01
8.003928833e+02,4.379227459e-01
8.006281738e+02,4.317080975e-01
8.008634033e+02,4.345475435e-01
8.010986938e+02,4.259756207e-01
8.013339844e+02,4.372530580e-01
8.015692749e+02,4.307169616e-01
8.018045654e+02,4.241540730e-01
8.020398560e+02,4.271810353e-01
8.022751465e+02,4.249041378e-01
8.025104980e+02,4.314402044e-01
8.027458496e+02,4.275024831e-01
8.029812012e+02,4.219039381e-01
8.032165527e+02,4.295115471e-01
8.034519043e+02,4.211271107e-01
8.036872559e+02,4.225468338e-01
8.039226685e+02,4.234308302e-01
8.041580811e+02,4.146981835e-01
8.043934326e+02,4.192252159e-01
8.046288452e+02,4.167340100e-01
8.048643188e+02,4.126087725e-01
8.050997314e+02,4.139749110e-01
8.053352051e+02,4.065548480e-01
8.055706177e+02,4.101711214e-01
8.058060913e+02,4.081085026e-01
8.060415649e+02,4.113765657e-01
8.062770386e+02,4.015456140e-01
8.065125732e+02,4.042779207e-01
8.067480469e+02,4.034207463e-01
8.069835815e+02,4.035546780e-01
8.072191162e+02,4.018670619e-01
8.074546509e+02,4.027778506e-01
8.076901855e+02,3.940184116e-01
8.079257202e+02,4.025903344e-01
8.081613159e+02,4.011170268e-01
8.083968506e+02,4.003669918e-01
8.086324463e+02,3.925451040e-01
8.088680420e+02,3.981704414e-01
8.091036377e+02,3.916075528e-01
8.093392334e+02,3.888752460e-01
8.095748901e+02,3.813212514e-01
8.098104858e+02,3.909646571e-01
8.100461426e+02,3.836785257e-01
8.102817993e+02,3.867322803e-01
8.105174561e+02,3.852589726e-01
8.107531128e+02,3.866251111e-01
8.109888306e+02,3.811605275e-01
8.112244873e+02,3.881252110e-01
8.114602051e+02,3.809462190e-01
8.116959229e+02,3.860893846e-01
8.119316406e+02,3.801961839e-01
8.121673584e+02,3.804908395e-01
8.124031372e+02,3.775174320e-01
8.126388550e+02,3.811069429e-01
8.128746338e+02,3.743565381e-01
8.131104126e+02,3.751869500e-01
8.133461914e+02,3.726689517e-01
8.135819702e+02,3.685972989e-01
8.138177490e+02,3.739815354e-01
8.140535889e+02,3.658917844e-01
8.142894287e+02,3.661864400e-01
8.145252075e+02,3.620612025e-01
8.147610474e+02,3.589806557e-01
8.149969482e+02,3.505694568e-01
8.152327881e+02,3.548286259e-01
8.154686279e+02,3.541857302e-01
8.157045288e+02,3.575609326e-01
8.159404297e+02,3.567305207e-01
8.161763306e+02,3.561144173e-01
8.164122314e+02,3.527392149e-01
8.166481323e+02,3.501676321e-01
8.168840942e+02,3.522570431e-01
8.171199951e+02,3.498997688e-01
8.173559570e+02,3.425600529e-01
8.175919189e+02,3.493372500e-01
8.178278809e+02,3.428011537e-01
8.180638428e+02,3.450512886e-01
8.182998657e+02,3.413814306e-01
8.185358276e+02,3.423993289e-01
8.187718506e+02,3.371758163e-01
8.190078735e+02,3.428547084e-01
8.192438965e+02,3.387294710e-01
8.194799194e+02,3.389705718e-01
8.197160034e+02,3.385687470e-01
8.199520264e+02,3.350328505e-01
8.201881104e+02,3.317379951e-01
8.204241943e+02,3.331577182e-01
8.206602783e+02,3.253358603e-01
8.208963623e+02,3.281217217e-01
8.211325073e+02,3.274520338e-01
8.213685913e+02,3.268627226e-01
8.216047363e+02,3.237821758e-01
8.218408813e+02,3.228714168e-01
8.220770264e+02,3.165228367e-01
8.223131714e+02,3.212909698e-01
8.225493164e+02,3.187193871e-01
8.227855225e+02,3.177014589e-01
8.230216675e+02,3.160406649e-01
8.232578735e+02,3.166835606e-01
8.234940796e+02,3.193354905e-01
8.237302856e+02,3.132012188e-01
8.239665527e+02,3.115403950e-01
8.242027588e+02,3.136030138e-01
8.244390259e+02,3.136298060e-01
8.246752930e+02,3.177818358e-01
8.249115601e+02,3.135226667e-01
8.251478271e+02,3.145673573e-01
8.253840942e+02,3.139244616e-01
8.256203613e+02,3.084330857e-01
8.258566895e+02,3.076294661e-01
8.260930176e+02,3.133619428e-01
8.263293457e+02,3.041739166e-01
8.265656738e+02,3.108707070e-01
8.268020020e+02,3.103081882e-01
8.270383301e+02,3.080580533e-01
8.272747192e+02,3.113261163e-01
8.275111084e+02,3.075222969e-01
8.277474976e+02,3.042006791e-01
8.279838867e+02,3.063436747e-01
8.282202759e+02,3.067722619e-01
8.284566650e+02,3.074687421e-01
8.286931152e+02,3.042274714e-01
8.289295044e+02,3.090223968e-01
8.291659546e+02,3.063972592e-01
8.294024048e+02,3.127726018e-01
8.296388550e+02,3.042542636e-01
8.298753662e+02,3.077366054e-01
8.301118164e+02,3.066383302e-01
8.303483276e+02,3.089420497e-01
8.305848389e+02,3.079509139e-01
8.308213501e+02,3.062900901e-01
8.310578613e+02,3.020845056e-01
8.312943726e+02,3.004504740e-01
8.315309448e+02,3.028881252e-01
8.317674561e+02,3.035577834e-01
8.320040283e+02,3.046292961e-01
8.322406006e+02,3.058347106e-01
8.324771729e+02,2.973163724e-01
8.327138062e+02,3.006647825e-01
8.329503784e+02,2.965930998e-01
8.331870117e+02,2.970217168e-01
8.334235840e+02,2.959502041e-01
8.336602173e+02,2.939143777e-01
8.338968506e+02,2.950126529e-01
8.341335449e+02,2.949590683e-01
8.343701782e+02,2.910481393e-01
8.346068726e+02,2.914499640e-01
8.348435059e+02,2.886908650e-01
8.350802002e+02,2.955216169e-01
8.353168945e+02,2.888515890e-01
8.355535889e+02,2.856103182e-01
8.357903442e+02,2.857174873e-01
8.360270386e+02,2.857174873e-01
8.362637939e+02,2.813511491e-01
8.365005493e+02,2.841638029e-01
8.367373047e+02,2.770919800e-01
8.369740601e+02,2.820476294e-01
8.372108765e+02,2.744936049e-01
8.374476318e+02,2.793153226e-01
8.376844482e+02,2.759669125e-01
8.379212646e+02,2.770116031e-01
8.381580200e+02,2.755918801e-01
8.383948975e+02,2.782170475e-01
8.386317139e+02,2.746811211e-01
8.388685303e+02,2.804939449e-01
8.391054077e+02,2.720827460e-01
8.393422852e+02,2.748686373e-01
8.395791626e+02,2.733417451e-01
8.398160400e+02,2.713862956e-01
8.400529175e+02,2.726452947e-01
8.402898560e+02,2.718684673e-01
8.405267334e+02,2.708505392e-01
8.407636719e+02,2.665377855e-01
8.410006104e+02,2.671270967e-01
8.412375488e+02,2.695379555e-01
8.414744873e+02,2.707433999e-01
8.417114868e+02,2.676360607e-01
8.419484253e+02,2.632965446e-01
8.421854248e+02,2.655466497e-01
8.424224243e+02,2.660824060e-01
8.426594238e+02,2.669931650e-01
8.428964233e+02,2.681450248e-01
8.431334839e+02,2.615285814e-01
8.433704834e+02,2.696986794e-01
8.436075439e+02,2.643412352e-01
8.438446045e+02,2.633233070e-01
8.440816650e+02,2.693504393e-01
8.443187256e+02,2.652252018e-01
8.445557861e+02,2.619303763e-01
8.447929077e+02,2.656538188e-01
8.450299683e+02,2.628679276e-01
8.452670898e+02,2.611267567e-01
8.455042114e+02,2.684128881e-01
8.457413330e+02,2.591980696e-01
8.459785156e+02,2.599748969e-01
8.462156372e+02,2.585284114e-01
8.464528198e+02,2.575908303e-01
8.466899414e+02,2.538138330e-01
8.469271240e+02,2.563854158e-01
8.471643677e+02,2.567604482e-01
8.474015503e+02,2.525548339e-01
8.476387329e+02,2.571890354e-01
8.478759766e+02,2.561443150e-01
8.481132202e+02,2.532781065e-01
8.483504639e+02,2.505725920e-01
8.485877075e+02,2.488581985e-01
8.488249512e+02,2.541084886e-01
8.490621948e+02,2.501439750e-01
8.492994995e+02,2.539477646e-01
8.495368042e+02,2.480277866e-01
8.497740479e+02,2.499028891e-01
8.500113525e+02,2.475456148e-01
8.502487183e+02,2.470098734e-01
8.504860229e+02,2.467955798e-01
8.507233887e+02,2.459919602e-01
8.509606934e+02,2.400987595e-01
8.511980591e+02,2.445990145e-01
8.514354248e+02,2.395897955e-01
8.516727905e+02,2.404469848e-01
8.519102173e+02,2.400451750e-01
8.521475830e+02,2.394826412e-01
8.523850098e+02,2.377414703e-01
8.526224365e+02,2.400719672e-01
8.528598633e+02,2.411702424e-01
8.530972900e+02,2.385718822e-01
8.533347168e+02,2.350627482e-01
8.535721436e+02,2.385183126e-01
8.538096313e+02,2.342859209e-01
8.540471191e+02,2.321161479e-01
8.542846069e+02,2.294642031e-01
8.545220947e+02,2.310446650e-01
8.547595825e+02,2.253925502e-01
8.549971313e+02,2.259014994e-01
8.552346191e+02,2.265176177e-01
8.554721680e+02,2.279641181e-01
8.557097168e+02,2.284462899e-01
8.559472656e+02,2.282052040e-01
8.561848145e+02,2.241335362e-01
8.564224243e+02,2.265176177e-01
8.566599731e+02,2.219637781e-01
8.568975830e+02,2.294909954e-01
8.571351929e+02,2.258747220e-01
8.573728027e+02,2.211333662e-01
8.576104126e+02,2.224191576e-01
8.578480225e+02,2.230084836e-01
8.580856934e+02,2.201154530e-01
8.583233032e+02,2.221245021e-01
8.585609741e+02,2.148115784e-01
8.587986450e+02,2.231692076e-01
8.590363159e+02,2.182135582e-01
8.592740479e+02,2.228477597e-01
8.595117188e+02,2.157223374e-01
8.597494507e+02,2.187492996e-01
8.599871826e+02,2.170884907e-01
8.602249146e+02,2.164455950e-01
8.604626465e+02,2.144901305e-01
8.607003784e+02,2.178921103e-01
8.609381714e+02,2.155616134e-01
8.611759033e+02,2.140347362e-01
8.614136963e+02,2.087844312e-01
8.616514893e+02,2.110613585e-01
8.618892822e+02,2.113292217e-01
8.621270752e+02,2.166331112e-01
8.623649292e+02,2.090255171e-01
8.626027222e+02,2.163116634e-01
8.628405762e+02,2.081951201e-01
8.630784302e+02,2.139275968e-01
8.633162842e+02,2.124542892e-01
8.635541382e+02,2.106327564e-01
8.637919922e+02,2.104452550e-01
8.640299072e+02,2.093469650e-01
8.642678223e+02,2.083558440e-01
8.645057373e+02,2.064807266e-01
8.647436523e+02,2.069361210e-01
8.649815674e+02,2.050342262e-01
8.652194824e+02,2.039627284e-01
8.654574585e+02,2.061057091e-01
8.656953735e+02,1.990338713e-01
8.659333496e+02,1.985249072e-01
8.661713257e+02,2.026501596e-01
8.664093018e+02,1.979355961e-01
8.666472778e+02,1.966498047e-01
8.668853149e+02,1.992213875e-01
8.671233521e+02,1.984177679e-01
8.673613281e+02,1.975605786e-01
8.675993652e+02,1.935424805e-01
8.678374023e+02,1.939978600e-01
8.680755005e+02,1.905155182e-01
8.683135376e+02,1.938907206e-01
8.685516357e+02,1.903547943e-01
8.687896729e+02,1.947747022e-01
8.690277710e+02,1.926317215e-01
8.692658691e+02,1.856938154e-01
8.695040283e+02,1.897386909e-01
8.697421265e+02,1.879707277e-01
8.699802856e+02,1.885600537e-01
8.702183838e+02,1.875421405e-01
8.704565430e+02,1.868188828e-01
8.706947021e+02,1.861224025e-01
8.709328613e+02,1.892565191e-01
8.711710815e+02,1.881850213e-01
8.714092407e+02,1.814346313e-01
8.716474609e+02,1.864170730e-01
8.718856812e+02,1.822114736e-01
8.721239014e+02,1.830954403e-01
8.723621216e+02,1.818096638e-01
8.726003418e+02,1.869796067e-01
8.728386230e+02,1.847294718e-01
8.730768433e+02,1.787023395e-01
8.733151245e+02,1.792112887e-01
8.735534058e+02,1.817025095e-01
8.737916870e+02,1.783808917e-01
8.740299683e+02,1.729966402e-01
8.742683105e+02,1.736931205e-01
8.745066528e+02,1.721394509e-01
8.747449341e+02,1.728895009e-01
8.749832764e+02,1.710411757e-01
8.752216187e+02,1.712822616e-01
8.754600220e+02,1.705590039e-01
8.756983643e+02,1.675052643e-01
8.759367065e+02,1.716572791e-01
8.761751099e+02,1.707197279e-01
8.764135132e+02,1.688446254e-01
8.766519165e+02,1.697018147e-01
8.768903198e+02,1.676927656e-01
8.771287842e+02,1.678266972e-01
8.773671875e+02,1.677731276e-01
8.776056519e+02,1.708804518e-01
8.778441162e+02,1.709876060e-01
8.780825806e+02,1.652819067e-01
8.783210449e+02,1.645050794e-01
8.785595093e+02,1.649604738e-01
8.787980347e+02,1.626567543e-01
8.790364990e+02,1.677195579e-01
8.792750244e+02,1.608888060e-01
8.795135498e+02,1.617727876e-01
8.797520752e+02,1.583975852e-01
8.799906616e+02,1.587190330e-01
8.802291870e+02,1.567635685e-01
8.804677734e+02,1.575136036e-01
8.807062988e+02,1.542723477e-01
8.809448853e+02,1.574600339e-01
8.811834717e+02,1.548884511e-01
8.814221191e+02,1.582636535e-01
8.816607056e+02,1.576475352e-01
8.818993530e+02,1.586386710e-01
8.821379395e+02,1.568171382e-01
8.823765869e+02,1.532008499e-01
8.826152344e+02,1.519150734e-01
8.828539429e+02,1.523168683e-01
8.830925903e+02,1.544062793e-01
8.833312988e+02,1.498524398e-01
8.835699463e+02,1.488345265e-01
8.838086548e+02,1.484595090e-01
8.840473633e+02,1.446021348e-01
8.842860718e+02,1.455932707e-01
8.845248413e+02,1.460218728e-01
8.847635498e+02,1.466379762e-01
8.850023193e+02,1.452450305e-01
8.852410889e+02,1.408251375e-01
8.854798584e+02,1.402358115e-01
8.857186279e+02,1.425931007e-01
8.859573975e+02,1.422716528e-01
8.861961670e+02,1.438788921e-01
8.864349976e+02,1.381999850e-01
8.866738281e+02,1.364320219e-01
8.869126587e+02,1.392982602e-01
8.871514893e+02,1.422984302e-01
8.873903198e+02,1.382267773e-01
8.876292114e+02,1.392446905e-01
8.878680420e+02,1.371820718e-01
8.881069336e+02,1.367802620e-01
8.883458252e+02,1.344497651e-01
8.885847168e+02,1.350390911e-01
8.888236084e+02,1.299762875e-01
8.890625000e+02,1.344765574e-01
8.893014526e+02,1.341015399e-01
8.895404053e+02,1.366195381e-01
8.897793579e+02,1.359230727e-01
8.900183105e+02,1.320924908e-01
8.902572632e+02,1.334318519e-01
8.904962158e+02,1.338068694e-01
8.907352295e+02,1.308334917e-01
8.909741821e+02,1.323871464e-01
8.912131958e+02,1.301370114e-01
8.914522095e+02,1.310209930e-01
8.916912231e+02,1.278065294e-01
8.919302368e+02,1.331907660e-01
8.921693115e+02,1.276190132e-01
8.924083862e+02,1.298691481e-01
8.926473999e+02,1.277797371e-01
8.928864746e+02,1.241902411e-01
8.931255493e+02,1.268421859e-01
8.933646851e+02,1.260385662e-01
8.936037598e+02,1.258510500e-01
8.938428955e+02,1.276725829e-01
8.940819702e+02,1.254760325e-01
8.943211060e+02,1.257439107e-01
8.945602417e+02,1.231991127e-01
8.947994385e+02,1.262528598e-01
8.950385742e+02,1.193953231e-01
8.952777100e+02,1.252885163e-01
8.955169067e+02,1.226633713e-01
8.957561035e+02,1.216454506e-01
8.959953003e+02,1.227169409e-01
8.962344971e+02,1.263332218e-01
8.964737549e+02,1.209489852e-01
8.967129517e+02,1.199310645e-01
8.969522095e+02,1.221544072e-01
8.971914673e+02,1.216990277e-01
8.974307251e+02,1.177077219e-01
8.976699829e+02,1.229580268e-01
8.979092407e+02,1.190738752e-01
8.981484985e+02,1.173594892e-01
8.983878174e+02,1.161540598e-01
8.986271362e+02,1.192613840e-01
8.988664551e+02,1.166094467e-01
8.991057739e+02,1.182434708e-01
8.993450928e+02,1.159933358e-01
8.995844727e+02,1.179756001e-01
8.998237915e+02,1.158594042e-01
9.000631714e+02,1.106626689e-01
9.003025513e+02,1.127252951e-01
9.005419312e+02,1.150289997e-01
9.007813110e+02,1.127520800e-01
9.010206909e+02,1.120288223e-01
9.012601318e+02,1.088679284e-01
9.014995728e+02,1.094840318e-01
9.017390137e+02,1.092429459e-01
9.019784546e+02,1.099662036e-01
9.022178955e+02,1.040997952e-01
9.024573364e+02,1.067785174e-01
9.026968384e+02,1.046891138e-01
9.029362793e+02,1.034836844e-01
9.031757812e+02,1.030818745e-01
9.034152832e+02,1.083321795e-01
9.036547852e+02,1.046087518e-01
9.038943481e+02,1.050373465e-01
9.041338501e+02,1.019835994e-01
9.043734131e+02,1.090822220e-01
9.046129150e+02,1.036444083e-01
9.048524780e+02,1.056266651e-01
9.050920410e+02,1.063767076e-01
9.053316650e+02,1.027872190e-01
9.055712280e+02,1.035104692e-01
9.058108521e+02,1.024389789e-01
9.060504150e+02,1.027068570e-01
9.062900391e+02,1.031890213e-01
9.065296631e+02,1.004031450e-01
9.067693481e+02,1.007245928e-01
9.070089722e+02,9.780478477e-02
9.072486572e+02,9.737619013e-02
9.074882812e+02,9.783156961e-02
9.077279663e+02,9.868876636e-02
9.079676514e+02,9.895663708e-02
9.082073364e+02,9.938523173e-02
9.084470825e+02,9.759048373e-02
9.086867676e+02,9.566180408e-02
9.089265137e+02,9.788514674e-02
9.091662598e+02,9.681365639e-02
9.094060059e+02,9.416171163e-02
9.096457520e+02,9.919772297e-02
9.098854980e+02,9.282235056e-02
9.101252441e+02,9.935844690e-02
9.103650513e+02,9.842088819e-02
9.106048584e+02,9.598325193e-02
9.108446655e+02,9.697438031e-02
9.110844727e+02,9.769763052e-02
9.113242798e+02,9.689401835e-02
9.115641479e+02,9.574216604e-02
9.118039551e+02,9.523320198e-02
9.120438232e+02,9.485818446e-02
9.122836914e+02,9.373311698e-02
9.125235596e+02,9.108117968e-02
9.127634277e+02,9.534035623e-02
9.130032959e+02,9.054543078e-02
9.132432251e+02,9.317058325e-02
9.134831543e+02,9.067936987e-02
9.137230225e+02,8.524155617e-02
9.139629517e+02,8.789349347e-02
9.142029419e+02,8.883104473e-02
9.144428711e+02,8.909892291e-02
9.146828003e+02,8.513440192e-02
9.149227905e+02,8.585765958e-02
9.151627808e+02,8.655413240e-02
9.154027710e+02,8.550942689e-02
9.156427612e+02,8.467902243e-02
9.158827515e+02,8.111631125e-02
9.161228027e+02,8.486653119e-02
9.163627930e+02,8.076807857e-02
9.166028442e+02,8.141097426e-02
9.168428955e+02,8.301821351e-02
9.170829468e+02,7.932157069e-02
9.173229980e+02,7.838401198e-02
9.175631104e+02,7.902690768e-02
9.178031616e+02,7.833044231e-02
9.180432739e+02,7.916084677e-02
9.182833862e+02,8.025912195e-02
9.185234985e+02,7.688392699e-02
9.187636108e+02,7.961622626e-02
9.190037231e+02,8.068771660e-02
9.192438965e+02,8.095559478e-02
9.194840698e+02,7.538384199e-02
9.197241821e+02,8.025912195e-02
9.199643555e+02,7.683034986e-02
9.202045898e+02,7.744646072e-02
9.204447632e+02,7.926799357e-02
9.206849365e+02,7.854473591e-02
9.209251709e+02,7.415162772e-02
9.211654053e+02,7.546420395e-02
9.214056396e+02,7.337479293e-02
9.216458740e+02,7.482130826e-02
9.218861084e+02,7.214257866e-02
9.221264038e+02,7.302656025e-02
9.223666382e+02,7.291941345e-02
9.226069336e+02,7.214257866e-02
9.228472290e+02,7.053534687e-02
9.230875244e+02,7.099072635e-02
9.233278198e+02,7.233008742e-02
9.235681763e+02,7.096394151e-02
9.238084717e+02,7.026746869e-02
9.240488281e+02,7.149968296e-02
9.242891846e+02,7.125859708e-02
9.245295410e+02,6.986565888e-02
9.247698975e+02,6.965136528e-02
9.250102539e+02,7.141932100e-02
9.252506714e+02,7.037462294e-02
9.254910278e+02,6.868702173e-02
9.257314453e+02,6.916919351e-02
9.259718628e+02,6.809770316e-02
9.262122803e+02,6.774947047e-02
9.264527588e+02,6.517788768e-02
9.266931763e+02,6.327599287e-02
9.269336548e+02,6.520467997e-02
9.271741333e+02,6.482965499e-02
9.274146118e+02,6.271345913e-02
9.276550903e+02,6.488323212e-02
9.278955688e+02,6.279382110e-02
9.281360474e+02,6.359744072e-02
9.283765869e+02,6.563327461e-02
9.286171265e+02,6.257952750e-02
9.288576660e+02,6.421355158e-02
9.290982056e+02,6.156160682e-02
9.293387451e+02,6.212414056e-02
9.295792847e+02,5.941862613e-02
9.298198853e+02,6.148124486e-02
9.300604248e+02,6.051690504e-02
9.303010254e+02,5.960613862e-02
9.305416260e+02,5.585591868e-02
9.307822266e+02,5.727564543e-02
9.310228882e+02,5.617736652e-02
9.312634888e+02,5.695419759e-02
9.315041504e+02,5.483800545e-02
9.317448120e+02,5.665953830e-02
9.319854736e+02,5.673990026e-02
9.322261353e+02,5.532017350e-02
9.324667969e+02,5.162353069e-02
9.327075195e+02,5.403438583e-02
9.329481812e+02,5.355221406e-02
9.331889038e+02,5.799890310e-02
9.334296265e+02,5.261465907e-02
9.336703491e+02,5.708813295e-02
9.339110718e+02,5.523981154e-02
9.341518555e+02,5.352542922e-02
9.343925781e+02,5.416832119e-02
9.346333618e+02,5.408795923e-02
9.348741455e+02,5.015023053e-02
9.351149292e+02,4.873050749e-02
9.353557129e+02,5.001629516e-02
9.355964966e+02,4.779295251e-02
9.358373413e+02,5.154316872e-02
9.360781250e+02,4.881086946e-02
9.363189697e+02,4.814118519e-02
9.365598145e+02,4.886444286e-02
9.368006592e+02,4.886444286e-02
9.370415649e+02,4.803403839e-02
9.372824097e+02,4.798046499e-02
9.375233154e+02,5.006986856e-02
9.377642212e+02,4.739114270e-02
9.380051270e+02,4.803403839e-02
9.382460327e+02,4.591784254e-02
9.384869385e+02,4.401594773e-02
9.387278442e+02,4.755186662e-02
9.389688110e+02,4.559639469e-02
9.392097778e+02,4.465884343e-02
9.394507446e+02,4.104255885e-02
9.396917114e+02,4.281052202e-02
9.399326782e+02,4.037287831e-02
9.401736450e+02,4.144436866e-02
9.404146729e+02,4.093541205e-02
9.406556396e+02,4.066753760e-02
9.408966675e+02,3.967640921e-02
9.411376953e+02,3.959604725e-02
9.413787842e+02,3.889957815e-02
9.416198120e+02,3.812274709e-02
9.418608398e+02,3.485470265e-02
9.421019287e+02,3.734591603e-02
9.423430176e+02,3.812274709e-02
9.425841064e+02,3.836383298e-02
9.428251953e+02,3.555117175e-02
9.430662842e+02,3.490827605e-02
9.433074341e+02,3.493506461e-02
9.435485229e+02,3.565831855e-02
9.437896729e+02,3.375642374e-02
9.440308228e+02,3.209561110e-02
9.442719727e+02,3.233669698e-02
9.445131226e+02,3.281886876e-02
9.447543335e+02,3.164022788e-02
9.449954834e+02,3.030086495e-02
9.452366943e+02,2.987227030e-02
9.454779053e+02,3.150629252e-02
9.457191162e+02,3.131878003e-02
9.459603271e+02,3.016692959e-02
9.462015381e+02,2.810430899e-02
9.464428101e+02,3.040801547e-02
9.466840820e+02,2.727390453e-02
9.469252930e+02,2.708639391e-02
9.471665649e+02,2.695245668e-02
9.474078979e+02,2.872041613e-02
9.476491699e+02,2.922937460e-02
9.478904419e+02,2.995263040e-02
9.481317749e+02,2.818467095e-02
9.483731079e+02,2.692566998e-02
9.486144409e+02,2.708639391e-02
9.488557739e+02,2.805073559e-02
9.490971069e+02,2.537200786e-02
9.493384399e+02,2.577381767e-02
9.495798340e+02,2.266649343e-02
9.498212280e+02,2.199681289e-02
9.500626221e+02,2.320223860e-02
9.503040161e+02,2.277364396e-02
9.505454102e+02,2.534522116e-02
9.507868042e+02,2.427373081e-02
9.510282593e+02,2.266649343e-02
9.512697144e+02,2.534522116e-02
9.515111084e+02,2.518449724e-02
9.517525635e+02,2.448802814e-02
9.519940796e+02,2.582739107e-02
9.522355347e+02,2.440766618e-02
9.524769897e+02,2.234504744e-02
9.527185059e+02,2.282721736e-02
9.529600220e+02,2.250576951e-02
9.532015381e+02,1.998776756e-02
9.534430542e+02,2.218432352e-02
9.536845703e+02,1.963953301e-02
9.539261475e+02,1.996097900e-02
9.541676636e+02,2.314866520e-02
9.544092407e+02,1.988061890e-02
9.546508179e+02,2.151464112e-02
9.548923950e+02,1.985383034e-02
9.551339722e+02,2.170215175e-02
9.553756104e+02,2.014849149e-02
9.556171875e+02,1.955917105e-02
9.558588257e+02,2.097889595e-02
9.561004639e+02,2.055029944e-02
9.563421021e+02,1.913057454e-02
9.565837402e+02,2.135391720e-02
9.568253784e+02,1.896985061e-02
9.570670776e+02,2.191645093e-02
9.573087158e+02,2.087174729e-02
9.575504150e+02,2.060387470e-02
9.577921143e+02,1.942523383e-02
9.580338135e+02,1.784478500e-02
9.582755737e+02,1.776442304e-02
9.585172729e+02,1.830017008e-02
9.587590332e+02,2.014849149e-02
9.590007324e+02,1.859482937e-02
9.592424927e+02,1.755012572e-02
9.594843140e+02,1.741618849e-02
9.597260742e+02,1.594289020e-02
9.599678345e+02,1.878233999e-02
9.602096558e+02,1.805908419e-02
9.604514160e+02,1.886270195e-02
9.606932373e+02,2.020206489e-02
9.609350586e+02,1.813944615e-02
9.611769409e+02,1.872876473e-02
9.614187622e+02,1.950559579e-02
9.616605835e+02,1.966631971e-02
9.619024658e+02,1.998776756e-02
9.621443481e+02,1.888948865e-02
9.623862305e+02,2.057708614e-02
9.626281128e+02,1.840731874e-02
9.628699951e+02,1.540714409e-02
9.631119385e+02,1.688044332e-02
9.633538818e+02,1.583573967e-02
9.635957642e+02,1.663935930e-02
9.638377075e+02,1.639827341e-02
9.640796509e+02,1.859482937e-02
9.643216553e+02,1.546071842e-02
9.645635986e+02,1.615718752e-02
9.648056030e+02,1.709474251e-02
9.650475464e+02,1.763048768e-02
9.652895508e+02,1.653220877e-02
9.655315552e+02,1.602325216e-02
9.657735596e+02,1.564822905e-02
9.660156250e+02,1.709474251e-02
9.662576294e+02,1.476424932e-02
9.664996948e+02,1.554108039e-02
9.667417603e+02,1.618397422e-02
9.669838257e+02,1.642506011e-02
9.672258911e+02,1.495176088e-02
9.674679565e+02,1.382669527e-02
9.677100830e+02,1.377312094e-02
9.679522095e+02,1.315701380e-02
9.681942749e+02,1.318380050e-02
9.684364014e+02,1.251411904e-02
9.686785278e+02,1.331773680e-02
9.689207153e+02,1.473746262e-02
9.691628418e+02,1.374633331e-02
9.694050293e+02,1.503212284e-02
9.696471558e+02,1.288914122e-02
9.698893433e+02,1.412135549e-02
9.701315308e+02,1.666614600e-02
9.703737793e+02,1.393384393e-02
9.706159668e+02,1.575537957e-02
9.708582153e+02,1.339809876e-02
9.711004028e+02,1.393384393e-02
9.713426514e+02,1.401420590e-02
9.715848999e+02,1.430886611e-02
9.718271484e+02,1.224624645e-02
9.720694580e+02,1.251411904e-02
9.723117065e+02,1.235339511e-02
9.725540161e+02,1.307665184e-02
9.727963257e+02,1.149620302e-02
9.730386353e+02,9.781817906e-03
9.732809448e+02,1.278199162e-02
9.735232544e+02,1.163013931e-02
9.737655640e+02,1.163013931e-02
9.740079346e+02,1.224624645e-02
9.742503052e+02,1.288914122e-02
9.744926758e+02,1.088009588e-02
9.747350464e+02,1.101403218e-02
9.749774170e+02,1.262126863e-02
9.752197876e+02,1.326416247e-02
9.754622192e+02,1.286235359e-02
9.757046509e+02,1.342488639e-02
9.759470825e+02,1.136226673e-02
9.761895142e+02,1.213909779e-02
9.764319458e+02,9.728243575e-03
9.766743774e+02,1.216588449e-02
9.769168701e+02,9.487157688e-03
9.771593018e+02,1.184443757e-02
9.774017944e+02,9.085348807e-03
9.776442871e+02,1.114796847e-02
9.778867798e+02,1.192479953e-02
9.781292725e+02,9.674668312e-03
9.783718262e+02,8.308517747e-03
9.786143799e+02,1.141584106e-02
9.788568726e+02,8.362092078e-03
9.790994263e+02,9.674668312e-03
9.793419800e+02,9.594306350e-03
9.795845947e+02,1.128190476e-02
9.798271484e+02,8.522816002e-03
9.800697021e+02,9.862179868e-03
9.803123169e+02,1.013005245e-02
9.805549316e+02,1.042471174e-02
9.807975464e+02,1.176407561e-02
9.810401611e+02,8.710326627e-03
9.812828369e+02,1.002290286e-02
9.815254517e+02,8.576390333e-03
9.817681274e+02,8.442454040e-03
9.820108032e+02,8.094219491e-03
9.822534790e+02,6.299472880e-03
9.824961548e+02,8.496028371e-03
9.827388306e+02,7.183452602e-03
9.829815674e+02,6.219110917e-03
9.832242432e+02,7.424538024e-03
9.834669800e+02,1.021041442e-02
9.837097168e+02,8.201369084e-03
9.839524536e+02,7.745985407e-03
9.841951904e+02,7.558474317e-03
9.844379883e+02,9.380009025e-03
9.846807251e+02,8.362092078e-03
9.849235229e+02,7.719197776e-03
9.851663208e+02,8.951412514e-03
9.854091187e+02,8.817476220e-03
9.856519165e+02,8.281731047e-03
9.858947144e+02,9.540732019e-03
9.861375732e+02,4.745811224e-03
9.863804321e+02,8.924624883e-03
9.866232300e+02,7.665623445e-03
9.868660889e+02,6.728068925e-03
9.871089478e+02,3.326085862e-03
9.873518677e+02,7.692410611e-03
9.875947266e+02,5.415492691e-03
9.878376465e+02,6.272685248e-03
9.880805664e+02,6.299472880e-03
9.883234863e+02,6.701281760e-03
9.885664062e+02,6.486983504e-03
9.888093262e+02,8.978199214e-03
9.890522461e+02,4.879747517e-03
9.892952271e+02,8.013857529e-03
9.895382080e+02,5.924451165e-03
9.897811279e+02,9.299647063e-03
9.900241699e+02,7.558474317e-03
9.902671509e+02,7.933496498e-03
9.905101318e+02,6.299472880e-03
9.907531738e+02,5.254769232e-03
9.909961548e+02,5.442280322e-03
9.912391968e+02,5.576216616e-03
9.914822388e+02,5.978025496e-03
9.917252808e+02,5.201194901e-03
9.919683838e+02,5.415492691e-03
9.922114258e+02,6.862005219e-03
9.924545288e+02,5.388705526e-03
9.926975708e+02,5.281556398e-03
9.929406738e+02,6.272685248e-03
9.931837769e+02,6.406622007e-03
9.934269409e+02,4.665449262e-03
9.936700439e+02,6.272685248e-03
9.939132080e+02,6.031599827e-03
9.941563110e+02,4.826172721e-03
9.943994751e+02,7.826346904e-03
9.946426392e+02,6.111961789e-03
9.948858643e+02,6.808430888e-03
9.951290283e+02,8.737114258e-03
9.953721924e+02,6.862005219e-03
9.956154175e+02,6.219110917e-03
9.958586426e+02,4.933321849e-03
9.961018677e+02,4.102916457e-03
9.963450928e+02,4.344001878e-03
9.965883179e+02,4.745811224e-03
9.968316040e+02,2.951064147e-03
9.970748291e+02,5.040470976e-03
9.973181152e+02,5.656578112e-03
9.975614014e+02,4.156491254e-03
9.978046875e+02,5.656578112e-03
9.980480347e+02,5.281556398e-03
9.982913208e+02,5.549428985e-03
9.985346680e+02,6.031599827e-03
9.987779541e+02,5.576216616e-03
9.990213013e+02,6.915580016e-03
9.992646484e+02,5.388705526e-03
9.995079956e+02,5.656578112e-03
9.997514038e+02,5.335131194e-03
9.999947510e+02,3.727894975e-03
1.000238159e+03,3.647533013e-03
1.000481567e+03,3.218936734e-03
1.000724976e+03,2.736765891e-03
1.000968384e+03,1.156317070e-03
1.001211792e+03,3.727894975e-03
1.001455261e+03,1.651881612e-04
1.001698669e+03,5.683365744e-03
1.001942139e+03,3.165362170e-03
1.002185608e+03,2.656404162e-03
1.002429077e+03,4.049342126e-03
1.002672546e+03,5.013683811e-03
1.002916077e+03,4.451151006e-03
1.003159546e+03,3.326085862e-03
1.003403076e+03,3.942192998e-03
1.003646606e+03,3.995767795e-03
1.003890137e+03,5.978025496e-03
1.004133667e+03,6.299472880e-03
1.004377258e+03,4.558300134e-03
1.004620789e+03,5.120832939e-03
1.004864380e+03,3.754682140e-03
1.005107971e+03,2.442105906e-03
1.005351562e+03,2.817127854e-03
1.005595154e+03,1.317040762e-03
1.005838745e+03,1.933147898e-03
1.006082336e+03,2.924276749e-03
1.006325989e+03,2.870702418e-03
1.006569641e+03,4.236853216e-03
1.006813293e+03,1.986722462e-03
1.007056946e+03,5.442280322e-03
1.007300598e+03,3.433234990e-03
1.007544312e+03,2.201020485e-03
1.007787964e+03,2.040297026e-03
1.008031677e+03,5.254769232e-03
1.008275391e+03,2.415318741e-03
1.008519104e+03,4.451151006e-03
1.008762817e+03,4.129704088e-03
1.009006531e+03,5.281556398e-03
1.009250305e+03,2.388531575e-03
1.009494019e+03,4.745811224e-03
1.009737793e+03,3.593958681e-03
1.009981567e+03,2.897489583e-03
1.010225342e+03,8.080826374e-04
1.010469177e+03,1.558126183e-03
1.010712952e+03,1.584913465e-03
1.010956787e+03,3.835044103e-03
1.011200623e+03,3.794863005e-04
1.011444397e+03,1.424189773e-03
1.011688293e+03,3.326085862e-03
1.011932129e+03,2.843915019e-03
1.012175964e+03,1.611700631e-03
1.012419861e+03,2.977851313e-03
1.012663696e+03,3.058213275e-03
1.012907593e+03,3.968980163e-03
1.013151489e+03,3.406447591e-03
1.013395447e+03,4.210065585e-03
1.013639343e+03,5.120832939e-03
1.013883240e+03,4.558300134e-03
1.014127197e+03,1.558126183e-03
1.014371155e+03,2.870702418e-03
1.014615112e+03,3.727894975e-03
1.014859070e+03,2.415318741e-03
1.015103027e+03,1.075955341e-03
1.015347046e+03,2.254595049e-03
1.015591003e+03,-1.026845275e-04
1.015835022e+03,3.835044103e-03
1.016079041e+03,1.825998886e-03
1.016323059e+03,3.915405832e-03
1.016567078e+03,1.317040762e-03
1.016811157e+03,5.134226521e-04
1.017055176e+03,2.201020485e-03
1.017299255e+03,2.495680470e-03
1.017543335e+03,5.576216616e-03
1.017787415e+03,3.540384118e-03
1.018031494e+03,3.620745847e-03
1.018275574e+03,5.067258142e-03
1.018519714e+03,2.924276749e-03
1.018763855e+03,4.210065585e-03
1.019007935e+03,-1.093813451e-03
1.019252075e+03,2.455499780e-04
1.019496216e+03,-2.192091430e-03
1.019740417e+03,-9.598771576e-04
1.019984558e+03,-2.459964249e-03
1.020228760e+03,-2.272453392e-03
[EndOfFile]
