#Thorlabs FTS
[SpectrumHeader]
#Date;20251107
#Time;17574246
#GMTTime;20574246
#Instrument;0
#InstrModel;CCS200
#Series;0
#InterferometerSerial;M00311012
#Type;emission
#ChannelIndex;0
#XAxisUnit;nm_air
#YAxisUnit;intensity
#Average;1
#RollingAverage;0
#SpectrumSmooth;0
#SSmoothParam1;0
#SSmoothParam2;0
#SSmoothParam3;0
#SSmoothParam4;0
#IntegrationTime;0.145000
#TriggerMode;0
#AirMeasureOpt;0
#AirTemp;0.00
#AirPressure;0.00
#AirRelHum;0.00
#WnrMin;9799.037109
#WnrMax;50982.906250
#Length;3648
#Resolution;0.0000000000e+00
#ADC;0
#InstrStatus;0
#RefLaserLocked;0
#ChannelIndex;0
#AttenuationFilter;0
#Stitched;0
#ExcitationWavelength_nm;0
#SoftwareVersion;3.310000
#FirmwareVersion;
#Motor_FirmwareVersion;
#ReconstructionAlgorithms_SoftwareVersion;
#Sensor_FirmwareVersion;
#InstrSeriesIdentifier;MUN_CCS_SERIES
#RefGainIndex;0
#RefSignalInPerecent;0.0
#BBRefGainIndex;0
#BBRefSignalInPerecent;0.0
#AutogainStatus;0
#Name;
#Comment;""
#ExtComment;""
#Source;
[Data]
1.960870056e+02;4.880125634e-03
1.962940979e+02;5.811362527e-03
1.965012054e+02;3.815854434e-03
1.967083282e+02;-2.017680235e-04
1.969154510e+02;1.607492450e-03
1.971225891e+02;1.474458608e-03
1.973297424e+02;2.272661775e-03
1.975368958e+02;8.358960622e-04
1.977440643e+02;3.709427547e-03
1.979512482e+02;1.820346690e-03
1.981584320e+02;2.591943135e-03
1.983656311e+02;6.762554403e-04
1.985728455e+02;1.979987370e-03
1.987800751e+02;2.485516015e-03
1.989873047e+02;6.529745180e-03
1.991945496e+02;2.379088895e-03
1.994018097e+02;3.576393472e-03
1.996090698e+02;4.294776358e-03
1.998163452e+02;4.241562914e-03
2.000236359e+02;4.880125634e-03
2.002309418e+02;5.997609813e-03
2.004382477e+02;2.006594092e-03
2.006455688e+02;4.720484838e-03
2.008528900e+02;3.070864826e-03
2.010602417e+02;2.804797143e-03
2.012675934e+02;1.979987370e-03
2.014749451e+02;1.740526292e-03
2.016823273e+02;1.075357082e-03
2.018897095e+02;2.698370023e-03
2.020971069e+02;2.272661775e-03
2.023045044e+02;4.081922118e-03
2.025119171e+02;-3.880154109e-04
2.027193451e+02;4.002101719e-03
2.029267883e+02;1.314817928e-03
2.031342316e+02;3.390146187e-03
2.033416901e+02;3.017651383e-03
2.035491638e+02;5.651721731e-03
2.037566376e+02;3.496573307e-03
2.039641418e+02;3.549786750e-03
2.041716309e+02;4.693877883e-03
2.043791504e+02;5.226013251e-03
2.045866699e+02;6.024216767e-03
2.047942047e+02;2.778190421e-03
2.050017548e+02;5.438867491e-03
2.052093048e+02;4.161742516e-03
2.054168701e+02;3.869068110e-03
2.056244507e+02;3.656213870e-03
2.058320312e+02;1.394638326e-03
2.060396423e+02;2.033200813e-03
2.062472534e+02;-3.880154109e-04
2.064548645e+02;1.155177364e-03
2.066624908e+02;1.368031488e-03
2.068701324e+02;3.496573307e-03
2.070777893e+02;-3.081950999e-04
2.072854462e+02;1.607492450e-03
2.074931335e+02;2.166234655e-03
2.077008057e+02;3.762640990e-03
2.079085083e+02;3.097471781e-03
2.081162109e+02;3.416752908e-03
2.083239288e+02;4.614057485e-03
2.085316467e+02;4.241562914e-03
2.087393951e+02;2.485516015e-03
2.089471436e+02;5.891182926e-03
2.091548920e+02;5.864575971e-03
2.093626709e+02;6.662779022e-03
2.095704498e+02;4.294776358e-03
2.097782440e+02;4.454417154e-03
2.099860382e+02;1.288211206e-03
2.101938629e+02;2.671763301e-03
2.104016724e+02;3.177291946e-03
2.106095123e+02;2.432302339e-03
2.108173523e+02;2.192841377e-03
2.110252075e+02;3.257112345e-03
2.112330780e+02;1.234997646e-03
2.114409637e+02;3.070864826e-03
2.116488495e+02;1.341424766e-03
2.118567505e+02;3.336932743e-03
2.120646515e+02;1.421245048e-03
2.122725677e+02;3.336932743e-03
2.124804993e+02;1.288211206e-03
2.126884460e+02;5.119586363e-03
2.128963928e+02;4.081922118e-03
2.131043549e+02;5.305833649e-03
2.133123322e+02;5.066372920e-03
2.135203094e+02;4.294776358e-03
2.137283173e+02;3.257112345e-03
2.139363098e+02;2.139627934e-03
2.141443329e+02;3.835809475e-04
2.143523560e+02;1.368031488e-03
2.145603943e+02;1.740526292e-03
2.147684479e+02;1.234997646e-03
2.149765015e+02;2.804797143e-03
2.151845703e+02;3.603000427e-03
2.153926544e+02;6.762554403e-04
2.156007538e+02;2.538729459e-03
2.158088531e+02;2.884617541e-03
2.160169678e+02;4.534237552e-03
2.162250824e+02;2.405695617e-03
2.164332123e+02;3.895674832e-03
2.166413574e+02;3.762640990e-03
2.168495178e+02;3.603000427e-03
2.170576782e+02;3.124078503e-03
2.172658691e+02;5.092979409e-03
2.174740448e+02;3.496573307e-03
2.176822510e+02;6.476531737e-03
2.178904572e+02;1.075357082e-03
2.180986786e+02;4.986552522e-03
2.183069000e+02;2.831403865e-03
2.185151520e+02;7.028622204e-04
2.187234039e+02;9.423231822e-04
2.189316559e+02;3.922281787e-03
2.191399384e+02;2.565336181e-03
2.193482208e+02;2.299268497e-03
2.195565186e+02;-4.212738713e-05
2.197648163e+02;2.671763301e-03
2.199731293e+02;2.352482174e-03
2.201814575e+02;2.485516015e-03
2.203898010e+02;2.059807535e-03
2.205981445e+02;2.751583699e-03
2.208065033e+02;2.432302339e-03
2.210148773e+02;3.762640990e-03
2.212232513e+02;3.603000427e-03
2.214316406e+02;2.272661775e-03
2.216400452e+02;5.066372920e-03
2.218484650e+02;4.747091327e-03
2.220568848e+02;3.736034269e-03
2.222653198e+02;3.363539465e-03
2.224737549e+02;3.656213870e-03
2.226822205e+02;3.283719067e-03
2.228906860e+02;1.447851886e-03
2.230991516e+02;1.394638326e-03
2.233076477e+02;6.762554403e-04
2.235161438e+02;2.432302339e-03
2.237246552e+02;3.835809475e-04
2.239331665e+02;3.017651383e-03
2.241416931e+02;1.181784086e-03
2.243502350e+02;4.294776358e-03
2.245587921e+02;2.272661775e-03
2.247673492e+02;3.469966585e-03
2.249759216e+02;2.937830985e-03
2.251845093e+02;3.283719067e-03
2.253930969e+02;4.507630598e-03
2.256017151e+02;4.986552522e-03
2.258103180e+02;4.055315629e-03
2.260189514e+02;6.449924782e-03
2.262275848e+02;2.724976977e-03
2.264362335e+02;3.869068110e-03
2.266448975e+02;1.767133130e-03
2.268535614e+02;1.474458608e-03
2.270622406e+02;1.421245048e-03
2.272709351e+02;3.629607148e-03
2.274796295e+02;1.208390924e-03
2.276883392e+02;1.900166972e-03
2.278970642e+02;1.820346690e-03
2.281058044e+02;4.853518680e-03
2.283145447e+02;2.272661775e-03
2.285233002e+02;2.591943135e-03
2.287320557e+02;2.113021212e-03
2.289408417e+02;3.576393472e-03
2.291496277e+02;2.645156579e-03
2.293584137e+02;5.412261002e-03
2.295672302e+02;2.458909061e-03
2.297760468e+02;4.188349470e-03
2.299848785e+02;3.496573307e-03
2.301937103e+02;4.161742516e-03
2.304025726e+02;3.257112345e-03
2.306114197e+02;1.740526292e-03
2.308202972e+02;1.580885728e-03
2.310291748e+02;8.625028422e-04
2.312380676e+02;2.911224263e-03
2.314469757e+02;3.230505623e-03
2.316558990e+02;2.645156579e-03
2.318648224e+02;2.591943135e-03
2.320737610e+02;2.512122737e-03
2.322826996e+02;1.687312732e-03
2.324916534e+02;2.671763301e-03
2.327006226e+02;2.671763301e-03
2.329096069e+02;3.603000427e-03
2.331185913e+02;3.097471781e-03
2.333275909e+02;3.736034269e-03
2.335366058e+02;2.991044661e-03
2.337456207e+02;1.953380415e-03
2.339546661e+02;3.203898668e-03
2.341636963e+02;6.582958624e-03
2.343727570e+02;4.667271394e-03
2.345818176e+02;2.272661775e-03
2.347908936e+02;4.454417154e-03
2.349999847e+02;1.953380415e-03
2.352090759e+02;2.858010819e-03
2.354181824e+02;-6.274763728e-04
2.356273041e+02;1.421245048e-03
2.358364258e+02;1.713919570e-03
2.360455627e+02;4.081922118e-03
2.362547150e+02;2.299268497e-03
2.364638824e+02;3.230505623e-03
2.366730499e+02;2.432302339e-03
2.368822327e+02;3.656213870e-03
2.370914154e+02;2.538729459e-03
2.373006287e+02;3.097471781e-03
2.375098419e+02;1.979987370e-03
2.377190552e+02;5.092979409e-03
2.379282990e+02;2.113021212e-03
2.381375427e+02;3.789247712e-03
2.383468018e+02;3.948888276e-03
2.385560608e+02;3.283719067e-03
2.387653503e+02;2.192841377e-03
2.389746246e+02;3.682820592e-03
2.391839294e+02;1.740526292e-03
2.393932343e+02;1.501065330e-03
2.396025543e+02;1.314817928e-03
2.398118896e+02;2.505471057e-04
2.400212402e+02;2.591943135e-03
2.402305908e+02;3.842461389e-03
2.404399414e+02;3.363539465e-03
2.406493225e+02;5.119586363e-03
2.408587036e+02;2.698370023e-03
2.410681000e+02;2.991044661e-03
2.412775116e+02;2.006594092e-03
2.414869232e+02;2.991044661e-03
2.416963501e+02;2.059807535e-03
2.419057922e+02;3.416752908e-03
2.421152344e+02;4.241562914e-03
2.423246918e+02;4.374596756e-03
2.425341644e+02;3.815854434e-03
2.427436371e+02;1.953380415e-03
2.429531403e+02;3.682820592e-03
2.431626434e+02;1.394638326e-03
2.433721466e+02;2.671763301e-03
2.435816650e+02;2.166234655e-03
2.437911987e+02;1.474458608e-03
2.440007477e+02;1.447851886e-03
2.442103119e+02;2.804797143e-03
2.444198761e+02;8.625028422e-04
2.446294403e+02;1.873560133e-03
2.448390350e+02;3.842461389e-03
2.450486298e+02;4.135136027e-03
2.452582397e+02;3.869068110e-03
2.454678650e+02;3.150685225e-03
2.456774902e+02;3.230505623e-03
2.458871307e+02;4.002101719e-03
2.460967865e+02;4.933339078e-03
2.463064423e+02;3.656213870e-03
2.465161133e+02;6.370104849e-03
2.467257996e+02;2.086414257e-03
2.469354858e+02;4.214955959e-03
2.471451874e+02;2.139627934e-03
2.473549042e+02;4.294776358e-03
2.475646362e+02;3.037606366e-04
2.477743683e+02;1.048750244e-03
2.479841156e+02;2.379088895e-03
2.481938782e+02;3.496573307e-03
2.484036407e+02;1.873560133e-03
2.486134186e+02;1.846953412e-03
2.488232117e+02;2.379088895e-03
2.490330048e+02;2.219448332e-03
2.492428284e+02;1.900166972e-03
2.494526367e+02;2.724976977e-03
2.496624756e+02;1.234997646e-03
2.498723145e+02;6.130643655e-03
2.500821686e+02;3.736034269e-03
2.502920380e+02;4.693877883e-03
2.505019073e+02;4.188349470e-03
2.507117920e+02;4.188349470e-03
2.509216919e+02;4.135136027e-03
2.511315918e+02;2.698370023e-03
2.513415222e+02;3.017651383e-03
2.515514374e+02;1.713919570e-03
2.517613831e+02;2.405695617e-03
2.519713287e+02;1.634099288e-03
2.521812897e+02;3.044258105e-03
2.523912659e+02;3.416752908e-03
2.526012421e+02;2.591943135e-03
2.528112335e+02;1.793739852e-03
2.530212402e+02;2.006594092e-03
2.532312469e+02;3.523180028e-03
2.534412689e+02;1.713919570e-03
2.536513062e+02;6.050823256e-03
2.538613586e+02;3.070864826e-03
2.540714111e+02;5.571901333e-03
2.542814789e+02;2.937830985e-03
2.544915466e+02;5.545294844e-03
2.547016449e+02;3.948888276e-03
2.549117432e+02;4.560844041e-03
2.551218567e+02;1.368031488e-03
2.553319702e+02;3.469966585e-03
2.555420990e+02;3.416752908e-03
2.557522430e+02;1.447851886e-03
2.559623871e+02;2.192841377e-03
2.561725464e+02;2.485516015e-03
2.563827209e+02;1.421245048e-03
2.565928955e+02;2.059807535e-03
2.568031006e+02;1.926773693e-03
2.570133057e+02;2.884617541e-03
2.572235107e+02;2.964437939e-03
2.574337463e+02;2.352482174e-03
2.576439819e+02;5.066372920e-03
2.578542480e+02;3.017651383e-03
2.580644836e+02;5.385654047e-03
2.582747498e+02;3.257112345e-03
2.584850464e+02;4.188349470e-03
2.586953430e+02;3.975495230e-03
2.589056396e+02;4.747091327e-03
2.591159363e+02;3.869068110e-03
2.593262634e+02;3.203898668e-03
2.595365906e+02;1.234997646e-03
2.597469482e+02;3.523180028e-03
2.599573059e+02;3.124078503e-03
2.601676636e+02;1.554278890e-03
2.603780212e+02;3.443359630e-03
2.605884094e+02;1.820346690e-03
2.607988281e+02;4.294776358e-03
2.610092163e+02;2.325875219e-03
2.612196350e+02;3.709427547e-03
2.614300842e+02;3.230505623e-03
2.616405029e+02;3.203898668e-03
2.618509521e+02;3.549786750e-03
2.620614319e+02;6.183857098e-03
2.622718811e+02;5.385654047e-03
2.624823608e+02;3.603000427e-03
2.626928711e+02;4.534237552e-03
2.629033508e+02;3.682820592e-03
2.631138916e+02;3.576393472e-03
2.633244019e+02;3.283719067e-03
2.635349426e+02;2.565336181e-03
2.637454834e+02;4.161742516e-03
2.639560242e+02;1.873560133e-03
2.641665955e+02;1.607492450e-03
2.643771973e+02;2.771538857e-04
2.645877686e+02;2.246055054e-03
2.647983704e+02;3.789247712e-03
2.650089722e+02;2.458909061e-03
2.652196045e+02;2.645156579e-03
2.654302368e+02;4.800305236e-03
2.656408691e+02;4.427810200e-03
2.658515320e+02;3.975495230e-03
2.660621948e+02;3.443359630e-03
2.662728577e+02;4.667271394e-03
2.664835510e+02;3.416752908e-03
2.666942444e+02;4.853518680e-03
2.669049377e+02;3.469966585e-03
2.671156616e+02;4.241562914e-03
2.673263855e+02;1.314817928e-03
2.675371094e+02;2.724976977e-03
2.677478638e+02;2.751583699e-03
2.679586182e+02;3.629607148e-03
2.681694031e+02;6.429969653e-05
2.683801575e+02;2.698370023e-03
2.685909729e+02;-7.072967128e-04
2.688017578e+02;1.474458608e-03
2.690125732e+02;8.891096222e-04
2.692233887e+02;1.554278890e-03
2.694342346e+02;7.826825604e-04
2.696450806e+02;4.614057485e-03
2.698559265e+02;1.953380415e-03
2.700667725e+02;4.614057485e-03
2.702776489e+02;2.432302339e-03
2.704885559e+02;4.161742516e-03
2.706994324e+02;4.853518680e-03
2.709103394e+02;5.731542129e-03
2.711212769e+02;5.332440604e-03
2.713321838e+02;2.991044661e-03
2.715431213e+02;2.485516015e-03
2.717540894e+02;3.257112345e-03
2.719650269e+02;7.560757804e-04
2.721760254e+02;2.884617541e-03
2.723869934e+02;1.128570526e-03
2.725979919e+02;3.150685225e-03
2.728089905e+02;2.458909061e-03
2.730199890e+02;1.793739852e-03
2.732310181e+02;2.884617541e-03
2.734420471e+02;3.257112345e-03
2.736531067e+02;1.128570526e-03
2.738641663e+02;3.443359630e-03
2.740752258e+02;2.964437939e-03
2.742862854e+02;3.682820592e-03
2.744973755e+02;3.576393472e-03
2.747084961e+02;4.560844041e-03
2.749195862e+02;1.953380415e-03
2.751307068e+02;4.241562914e-03
2.753418274e+02;3.097471781e-03
2.755529785e+02;3.257112345e-03
2.757641296e+02;4.188349470e-03
2.759752808e+02;3.044258105e-03
2.761864624e+02;1.368031488e-03
2.763976440e+02;1.634099288e-03
2.766088562e+02;3.416752908e-03
2.768200378e+02;1.394638326e-03
2.770312500e+02;1.660706010e-03
2.772424927e+02;2.379088895e-03
2.774537354e+02;3.037606366e-04
2.776649780e+02;3.070864826e-03
2.778762207e+02;4.614057485e-03
2.780874939e+02;4.108529072e-03
2.782987671e+02;3.336932743e-03
2.785100708e+02;5.013159476e-03
2.787213745e+02;5.359047092e-03
2.789326782e+02;4.986552522e-03
2.791439819e+02;3.656213870e-03
2.793553162e+02;4.161742516e-03
2.795666504e+02;2.778190421e-03
2.797780151e+02;2.059807535e-03
2.799893799e+02;2.033200813e-03
2.802007446e+02;3.549786750e-03
2.804121399e+02;3.097471781e-03
2.806235352e+02;2.831403865e-03
2.808349304e+02;1.288211206e-03
2.810463562e+02;7.028622204e-04
2.812577820e+02;2.751583699e-03
2.814692078e+02;3.150685225e-03
2.816806641e+02;1.368031488e-03
2.818921204e+02;2.991044661e-03
2.821036072e+02;1.900166972e-03
2.823150635e+02;6.423318293e-03
2.825265808e+02;5.279227160e-03
2.827380676e+02;3.230505623e-03
2.829495850e+02;1.793739852e-03
2.831611023e+02;3.682820592e-03
2.833726501e+02;4.534237552e-03
2.835841675e+02;3.416752908e-03
2.837957458e+02;3.390146187e-03
2.840072937e+02;3.443359630e-03
2.842188721e+02;1.527672168e-03
2.844304504e+02;2.645156579e-03
2.846420593e+02;2.458909061e-03
2.848536682e+02;1.234997646e-03
2.850652771e+02;2.192841377e-03
2.852769165e+02;7.826825604e-04
2.854885559e+02;7.826825604e-04
2.857001953e+02;4.294776358e-03
2.859118652e+02;5.731542129e-03
2.861235352e+02;2.804797143e-03
2.863352051e+02;3.150685225e-03
2.865469055e+02;2.671763301e-03
2.867586060e+02;2.485516015e-03
2.869703064e+02;4.374596756e-03
2.871820374e+02;6.476531737e-03
2.873937683e+02;4.773698281e-03
2.876055298e+02;1.181784086e-03
2.878172913e+02;3.629607148e-03
2.880290527e+02;3.390146187e-03
2.882408142e+02;3.044258105e-03
2.884526062e+02;4.101877275e-04
2.886643982e+02;1.979987370e-03
2.888762207e+02;2.379088895e-03
2.890880432e+02;2.405695617e-03
2.892998657e+02;7.294690004e-04
2.895116882e+02;1.900166972e-03
2.897235413e+02;3.017651383e-03
2.899354248e+02;4.880125634e-03
2.901472778e+02;4.081922118e-03
2.903591614e+02;4.294776358e-03
2.905710754e+02;3.336932743e-03
2.907829590e+02;5.678328685e-03
2.909948730e+02;4.108529072e-03
2.912068176e+02;5.811362527e-03
2.914187317e+02;3.230505623e-03
2.916306763e+02;4.853518680e-03
2.918426514e+02;1.580885728e-03
2.920546265e+02;3.869068110e-03
2.922666016e+02;3.363539465e-03
2.924785767e+02;2.858010819e-03
2.926905823e+02;1.740526292e-03
2.929025879e+02;1.447851886e-03
2.931146240e+02;1.155177364e-03
2.933266296e+02;3.523180028e-03
2.935386963e+02;3.097471781e-03
2.937507324e+02;3.336932743e-03
2.939627991e+02;2.485516015e-03
2.941748657e+02;3.044258105e-03
2.943869629e+02;4.241562914e-03
2.945990601e+02;4.268169869e-03
2.948111572e+02;4.693877883e-03
2.950232849e+02;4.321383312e-03
2.952354126e+02;2.804797143e-03
2.954475403e+02;5.704935174e-03
2.956596680e+02;2.804797143e-03
2.958718262e+02;2.964437939e-03
2.960840149e+02;3.177291946e-03
2.962962036e+02;2.538729459e-03
2.965083923e+02;3.569741966e-04
2.967205811e+02;3.629607148e-03
2.969328003e+02;1.175132420e-04
2.971450195e+02;3.469966585e-03
2.973572388e+02;1.101963804e-03
2.975694885e+02;1.421245048e-03
2.977817383e+02;3.124078503e-03
2.979940186e+02;2.565336181e-03
2.982062683e+02;2.059807535e-03
2.984185791e+02;2.538729459e-03
2.986308594e+02;4.002101719e-03
2.988431702e+02;2.751583699e-03
2.990554810e+02;4.773698281e-03
2.992678223e+02;3.443359630e-03
2.994801636e+02;3.709427547e-03
2.996925049e+02;4.161742516e-03
2.999048462e+02;4.614057485e-03
3.001172180e+02;3.842461389e-03
3.003296204e+02;1.314817928e-03
3.005419922e+02;5.465474445e-03
3.007543945e+02;5.166148185e-04
3.009668274e+02;2.325875219e-03
3.011792297e+02;1.820346690e-03
3.013916626e+02;3.363539465e-03
3.016041260e+02;4.634012876e-04
3.018165588e+02;1.607492450e-03
3.020290222e+02;2.113021212e-03
3.022415161e+02;4.933339078e-03
3.024539795e+02;1.926773693e-03
3.026665039e+02;2.485516015e-03
3.028789978e+02;2.751583699e-03
3.030915222e+02;4.028708674e-03
3.033040466e+02;4.986552522e-03
3.035165710e+02;3.469966585e-03
3.037291260e+02;4.135136027e-03
3.039416809e+02;3.390146187e-03
3.041542664e+02;5.146193318e-03
3.043668518e+02;1.368031488e-03
3.045794373e+02;2.192841377e-03
3.047920532e+02;1.181784086e-03
3.050046387e+02;1.288211206e-03
3.052172852e+02;2.192841377e-03
3.054299011e+02;2.166234655e-03
3.056425476e+02;1.261604484e-03
3.058552246e+02;2.512122737e-03
3.060678711e+02;3.177291946e-03
3.062805481e+02;3.390146187e-03
3.064932556e+02;2.432302339e-03
3.067059326e+02;4.534237552e-03
3.069186401e+02;3.922281787e-03
3.071313782e+02;3.922281787e-03
3.073440857e+02;3.656213870e-03
3.075568237e+02;1.527672168e-03
3.077695923e+02;4.853518680e-03
3.079823608e+02;2.991044661e-03
3.081951294e+02;3.283719067e-03
3.084078979e+02;2.086414257e-03
3.086206970e+02;2.645156579e-03
3.088334961e+02;1.707267802e-04
3.090463257e+02;1.900166972e-03
3.092591248e+02;1.048750244e-03
3.094719849e+02;3.097471781e-03
3.096848145e+02;1.128570526e-03
3.098976746e+02;1.740526292e-03
3.101105347e+02;1.973335602e-04
3.103234253e+02;1.048750244e-03
3.105363159e+02;3.044258105e-03
3.107492065e+02;4.347989801e-03
3.109621277e+02;2.512122737e-03
3.111750183e+02;4.747091327e-03
3.113879700e+02;5.412261002e-03
3.116008911e+02;4.374596756e-03
3.118138428e+02;4.374596756e-03
3.120268250e+02;2.645156579e-03
3.122397766e+02;3.469966585e-03
3.124527588e+02;4.268169869e-03
3.126657715e+02;4.268169869e-03
3.128787842e+02;4.161742516e-03
3.130917969e+02;2.352482174e-03
3.133048096e+02;3.257112345e-03
3.135178528e+02;1.501065330e-03
3.137308960e+02;1.421245048e-03
3.139439392e+02;-1.079791458e-03
3.141570129e+02;3.469966585e-03
3.143700867e+02;6.230418803e-04
3.145831909e+02;2.033200813e-03
3.147962952e+02;2.671763301e-03
3.150093994e+02;4.507630598e-03
3.152225037e+02;3.097471781e-03
3.154356384e+02;5.013159476e-03
3.156487732e+02;3.656213870e-03
3.158619385e+02;4.294776358e-03
3.160751038e+02;8.358960622e-04
3.162882690e+02;2.991044661e-03
3.165014648e+02;3.336932743e-03
3.167146606e+02;1.394638326e-03
3.169278564e+02;3.682820592e-03
3.171410828e+02;1.394638326e-03
3.173543091e+02;1.926773693e-03
3.175675354e+02;4.161742516e-03
3.177807922e+02;1.314817928e-03
3.179940491e+02;2.219448332e-03
3.182073059e+02;1.368031488e-03
3.184205933e+02;3.815854434e-03
3.186338806e+02;1.820346690e-03
3.188471680e+02;3.363539465e-03
3.190604858e+02;3.070864826e-03
3.192738037e+02;3.363539465e-03
3.194871521e+02;2.858010819e-03
3.197004700e+02;4.347989801e-03
3.199138184e+02;4.800305236e-03
3.201271973e+02;5.119586363e-03
3.203405762e+02;3.762640990e-03
3.205539551e+02;3.150685225e-03
3.207673340e+02;1.820346690e-03
3.209807434e+02;3.150685225e-03
3.211941833e+02;-1.485544781e-04
3.214075928e+02;1.979987370e-03
3.216210327e+02;1.926773693e-03
3.218344727e+02;2.325875219e-03
3.220479431e+02;2.006594092e-03
3.222614136e+02;3.336932743e-03
3.224748840e+02;3.230505623e-03
3.226883850e+02;4.587450996e-03
3.229018860e+02;3.629607148e-03
3.231153870e+02;3.842461389e-03
3.233289185e+02;2.538729459e-03
3.235424500e+02;5.385654047e-03
3.237559814e+02;5.226013251e-03
3.239695435e+02;2.804797143e-03
3.241831055e+02;3.549786750e-03
3.243966675e+02;2.645156579e-03
3.246102600e+02;1.740526292e-03
3.248238525e+02;2.538729459e-03
3.250374451e+02;6.762554403e-04
3.252510681e+02;2.166234655e-03
3.254646912e+02;2.485516015e-03
3.256783447e+02;2.724976977e-03
3.258919983e+02;3.070864826e-03
3.261056519e+02;4.640664440e-03
3.263193054e+02;2.246055054e-03
3.265329895e+02;3.842461389e-03
3.267466736e+02;2.033200813e-03
3.269603882e+02;3.203898668e-03
3.271741028e+02;3.895674832e-03
3.273878174e+02;5.359047092e-03
3.276015625e+02;5.305833649e-03
3.278152771e+02;5.438867491e-03
3.280290527e+02;1.713919570e-03
3.282427979e+02;4.294776358e-03
3.284565735e+02;2.778190421e-03
3.286703796e+02;3.815854434e-03
3.288841553e+02;3.336932743e-03
3.290979614e+02;2.352482174e-03
3.293117981e+02;1.634099288e-03
3.295256042e+02;4.101877275e-04
3.297394409e+02;2.458909061e-03
3.299533081e+02;2.299268497e-03
3.301671448e+02;1.660706010e-03
3.303810425e+02;3.815854434e-03
3.305949097e+02;3.416752908e-03
3.308088074e+02;3.230505623e-03
3.310227051e+02;2.272661775e-03
3.312366028e+02;4.800305236e-03
3.314505310e+02;6.104036700e-03
3.316644592e+02;3.629607148e-03
3.318784180e+02;3.283719067e-03
3.320923767e+02;3.869068110e-03
3.323063354e+02;3.390146187e-03
3.325202942e+02;4.268169869e-03
3.327342834e+02;1.607492450e-03
3.329482727e+02;2.618549857e-03
3.331622925e+02;2.911224263e-03
3.333763123e+02;2.565336181e-03
3.335903320e+02;1.953380415e-03
3.338043823e+02;1.820346690e-03
3.340184326e+02;2.299268497e-03
3.342324829e+02;4.135136027e-03
3.344465332e+02;4.906732123e-03
3.346606140e+02;4.427810200e-03
3.348747253e+02;3.576393472e-03
3.350888062e+02;3.469966585e-03
3.353029175e+02;4.481023643e-03
3.355170593e+02;3.257112345e-03
3.357311707e+02;3.842461389e-03
3.359453125e+02;6.689385977e-03
3.361594849e+02;4.135136027e-03
3.363736572e+02;3.842461389e-03
3.365878296e+02;2.325875219e-03
3.368020020e+02;3.709427547e-03
3.370162048e+02;2.911224263e-03
3.372304077e+02;2.219448332e-03
3.374446106e+02;-1.751612435e-04
3.376588440e+02;3.310325788e-03
3.378730774e+02;1.208390924e-03
3.380873413e+02;2.724976977e-03
3.383016052e+02;4.933339078e-03
3.385158691e+02;5.039765965e-03
3.387301331e+02;2.804797143e-03
3.389444275e+02;3.097471781e-03
3.391587524e+02;4.188349470e-03
3.393730469e+02;2.591943135e-03
3.395873718e+02;2.911224263e-03
3.398016968e+02;4.853518680e-03
3.400160522e+02;3.469966585e-03
3.402304077e+02;3.815854434e-03
3.404447632e+02;3.310325788e-03
3.406591492e+02;3.629607148e-03
3.408735352e+02;2.432302339e-03
3.410879211e+02;2.964437939e-03
3.413023376e+02;2.884617541e-03
3.415167542e+02;2.671763301e-03
3.417311707e+02;1.554278890e-03
3.419456177e+02;1.900166972e-03
3.421600647e+02;3.815854434e-03
3.423745117e+02;2.831403865e-03
3.425889893e+02;2.006594092e-03
3.428034668e+02;3.124078503e-03
3.430179443e+02;4.826911725e-03
3.432324524e+02;3.469966585e-03
3.434469604e+02;3.603000427e-03
3.436614990e+02;4.587450996e-03
3.438760376e+02;3.336932743e-03
3.440905762e+02;3.283719067e-03
3.443051147e+02;3.390146187e-03
3.445196838e+02;3.869068110e-03
3.447342529e+02;3.310325788e-03
3.449488525e+02;1.022143522e-03
3.451634521e+02;4.161742516e-03
3.453780518e+02;2.671763301e-03
3.455926514e+02;2.166234655e-03
3.458072815e+02;8.891096222e-04
3.460219116e+02;1.288211206e-03
3.462365723e+02;4.427810200e-03
3.464512329e+02;2.086414257e-03
3.466658936e+02;2.645156579e-03
3.468805847e+02;2.991044661e-03
3.470952759e+02;3.895674832e-03
3.473099670e+02;3.629607148e-03
3.475246887e+02;4.534237552e-03
3.477394104e+02;4.534237552e-03
3.479541321e+02;5.917789415e-03
3.481688843e+02;3.922281787e-03
3.483836365e+02;5.438867491e-03
3.485983887e+02;7.826825604e-04
3.488131714e+02;3.895674832e-03
3.490279541e+02;7.826825604e-04
3.492427673e+02;1.953380415e-03
3.494575500e+02;7.028622204e-04
3.496723633e+02;2.086414257e-03
3.498872070e+02;1.767133130e-03
3.501020508e+02;3.975495230e-03
3.503168945e+02;3.257112345e-03
3.505317383e+02;2.751583699e-03
3.507466125e+02;4.900080385e-04
3.509614868e+02;3.576393472e-03
3.511763916e+02;3.789247712e-03
3.513912964e+02;2.591943135e-03
3.516062012e+02;5.199406762e-03
3.518211060e+02;4.880125634e-03
3.520360413e+02;4.427810200e-03
3.522509766e+02;3.203898668e-03
3.524659424e+02;2.325875219e-03
3.526809082e+02;3.869068110e-03
3.528958740e+02;3.283719067e-03
3.531108704e+02;2.192841377e-03
3.533258667e+02;2.804797143e-03
3.535408630e+02;3.336932743e-03
3.537558899e+02;9.689299623e-04
3.539709167e+02;2.804797143e-03
3.541859436e+02;2.352482174e-03
3.544010010e+02;3.044258105e-03
3.546160583e+02;4.188349470e-03
3.548311157e+02;3.044258105e-03
3.550462036e+02;2.405695617e-03
3.552612915e+02;4.454417154e-03
3.554763794e+02;2.059807535e-03
3.556914978e+02;3.416752908e-03
3.559066162e+02;3.523180028e-03
3.561217651e+02;5.758149084e-03
3.563368835e+02;5.039765965e-03
3.565520325e+02;4.853518680e-03
3.567672119e+02;3.762640990e-03
3.569823914e+02;3.177291946e-03
3.571975708e+02;1.900166972e-03
3.574127502e+02;3.762640990e-03
3.576279602e+02;1.314817928e-03
3.578431702e+02;1.767133130e-03
3.580584106e+02;3.815854434e-03
3.582736511e+02;1.447851886e-03
3.584888916e+02;1.953380415e-03
3.587041626e+02;3.603000427e-03
3.589194031e+02;3.044258105e-03
3.591347046e+02;3.629607148e-03
3.593499756e+02;3.150685225e-03
3.595652771e+02;3.496573307e-03
3.597806091e+02;3.815854434e-03
3.599959106e+02;5.332440604e-03
3.602112427e+02;4.693877883e-03
3.604265747e+02;6.210464053e-03
3.606419373e+02;2.831403865e-03
3.608572998e+02;1.474458608e-03
3.610726624e+02;1.979987370e-03
3.612880554e+02;2.724976977e-03
3.615034485e+02;1.208390924e-03
3.617188416e+02;3.310325788e-03
3.619342651e+02;2.698370023e-03
3.621496887e+02;3.257112345e-03
3.623651428e+02;2.299268497e-03
3.625805664e+02;3.576393472e-03
3.627960510e+02;1.394638326e-03
3.630115051e+02;3.044258105e-03
3.632269897e+02;3.736034269e-03
3.634424744e+02;4.294776358e-03
3.636579590e+02;4.347989801e-03
3.638734741e+02;5.359047092e-03
3.640889893e+02;4.161742516e-03
3.643045349e+02;5.704935174e-03
3.645200806e+02;4.401203711e-03
3.647356262e+02;4.614057485e-03
3.649511719e+02;4.720484838e-03
3.651667480e+02;4.640664440e-03
3.653823242e+02;4.081922118e-03
3.655979309e+02;3.549786750e-03
3.658135376e+02;3.842461389e-03
3.660291443e+02;2.698370023e-03
3.662447815e+02;2.006594092e-03
3.664604187e+02;4.214955959e-03
3.666760559e+02;2.991044661e-03
3.668917236e+02;3.416752908e-03
3.671073914e+02;2.325875219e-03
3.673230591e+02;5.226013251e-03
3.675387268e+02;4.640664440e-03
3.677544250e+02;5.598508287e-03
3.679701538e+02;3.496573307e-03
3.681858826e+02;5.039765965e-03
3.684016113e+02;1.554278890e-03
3.686173401e+02;5.172799807e-03
3.688330994e+02;4.321383312e-03
3.690488586e+02;7.115094457e-03
3.692646179e+02;1.421245048e-03
3.694804077e+02;3.576393472e-03
3.696961975e+02;3.230505623e-03
3.699119873e+02;2.006594092e-03
3.701278076e+02;2.219448332e-03
3.703436279e+02;3.230505623e-03
3.705594788e+02;2.059807535e-03
3.707752991e+02;5.039765965e-03
3.709911804e+02;2.964437939e-03
3.712070312e+02;3.869068110e-03
3.714229126e+02;3.656213870e-03
3.716387939e+02;3.203898668e-03
3.718547058e+02;6.050823256e-03
3.720706177e+02;4.667271394e-03
3.722865295e+02;3.709427547e-03
3.725024414e+02;6.130643655e-03
3.727183838e+02;4.294776358e-03
3.729343262e+02;6.316890940e-03
3.731502991e+02;3.097471781e-03
3.733662720e+02;5.465474445e-03
3.735822449e+02;1.181784086e-03
3.737982483e+02;2.618549857e-03
3.740142517e+02;2.591943135e-03
3.742302551e+02;4.374596756e-03
3.744462891e+02;2.006594092e-03
3.746623230e+02;3.948888276e-03
3.748783569e+02;6.157250609e-03
3.750944214e+02;5.412261002e-03
3.753104858e+02;3.709427547e-03
3.755265503e+02;4.693877883e-03
3.757426453e+02;6.423318293e-03
3.759587402e+02;5.172799807e-03
3.761748352e+02;4.427810200e-03
3.763909607e+02;9.296849370e-03
3.766070862e+02;5.837969016e-03
3.768232117e+02;8.099544793e-03
3.770393677e+02;5.305833649e-03
3.772555237e+02;6.955453660e-03
3.774717102e+02;6.290284451e-03
3.776878662e+02;6.370104849e-03
3.779040833e+02;5.172799807e-03
3.781202698e+02;4.773698281e-03
3.783364868e+02;2.458909061e-03
3.785527039e+02;3.576393472e-03
3.787689514e+02;5.039765965e-03
3.789851685e+02;5.332440604e-03
3.792014465e+02;4.693877883e-03
3.794176941e+02;5.039765965e-03
3.796339722e+02;5.092979409e-03
3.798502502e+02;5.891182926e-03
3.800665588e+02;6.210464053e-03
3.802828674e+02;4.640664440e-03
3.804991760e+02;7.860084064e-03
3.807154846e+02;6.503138691e-03
3.809318237e+02;7.780263666e-03
3.811481934e+02;8.684894070e-03
3.813645325e+02;5.545294844e-03
3.815809021e+02;7.939903997e-03
3.817973022e+02;3.842461389e-03
3.820136719e+02;5.438867491e-03
3.822300720e+02;3.416752908e-03
3.824465027e+02;3.390146187e-03
3.826629028e+02;4.560844041e-03
3.828793335e+02;6.157250609e-03
3.830957947e+02;5.305833649e-03
3.833122253e+02;6.503138691e-03
3.835286865e+02;7.248128299e-03
3.837451782e+02;4.161742516e-03
3.839616394e+02;4.241562914e-03
3.841781616e+02;7.141700946e-03
3.843946533e+02;9.243636392e-03
3.846111755e+02;8.099544793e-03
3.848276978e+02;7.966510952e-03
3.850442200e+02;8.871140890e-03
3.852607727e+02;7.248128299e-03
3.854773254e+02;8.365612477e-03
3.856939087e+02;7.301341742e-03
3.859104614e+02;7.913297042e-03
3.861270752e+02;5.146193318e-03
3.863436584e+02;5.784755573e-03
3.865602722e+02;4.720484838e-03
3.867768860e+02;6.237070542e-03
3.869935303e+02;7.221521344e-03
3.872101746e+02;6.104036700e-03
3.874268188e+02;5.651721731e-03
3.876434631e+02;7.993117906e-03
3.878601379e+02;7.061880548e-03
3.880768127e+02;7.434375584e-03
3.882935181e+02;8.817927912e-03
3.885102234e+02;8.738107048e-03
3.887269287e+02;6.050823256e-03
3.889436646e+02;6.715992466e-03
3.891604004e+02;9.137208574e-03
3.893771362e+02;9.030781686e-03
3.895939026e+02;6.050823256e-03
3.898106689e+02;8.339005522e-03
3.900274353e+02;5.944396369e-03
3.902442322e+02;7.407768629e-03
3.904610291e+02;7.354555186e-03
3.906778259e+02;8.259185590e-03
3.908946533e+02;5.172799807e-03
3.911114807e+02;6.449924782e-03
3.913283081e+02;7.035274059e-03
3.915451660e+02;7.913297042e-03
3.917620239e+02;7.620622870e-03
3.919788818e+02;7.487589028e-03
3.921957703e+02;8.764714003e-03
3.924126587e+02;8.578466251e-03
3.926295776e+02;7.700443268e-03
3.928464661e+02;1.028130017e-02
3.930634155e+02;1.044094097e-02
3.932803345e+02;1.030790713e-02
3.934972839e+02;8.498646319e-03
3.937142334e+02;1.054736786e-02
3.939311829e+02;9.589524008e-03
3.941481628e+02;1.052076090e-02
3.943651428e+02;9.376670234e-03
3.945821533e+02;7.780263666e-03
3.947991638e+02;9.137208574e-03
3.950161743e+02;7.806870155e-03
3.952332153e+02;9.057388641e-03
3.954502258e+02;9.270242415e-03
3.956672974e+02;7.806870155e-03
3.958843384e+02;9.908805601e-03
3.961014099e+02;1.038772706e-02
3.963184814e+02;8.711500093e-03
3.965355835e+02;1.004183944e-02
3.967526855e+02;1.158503164e-02
3.969697876e+02;1.099968329e-02
3.971869202e+02;1.174467243e-02
3.974040527e+02;1.161163859e-02
3.976211853e+02;1.203734707e-02
3.978383484e+02;1.222359482e-02
3.980555115e+02;1.225020085e-02
3.982726746e+02;1.177127939e-02
3.984898682e+02;1.179788634e-02
3.987070618e+02;9.669343941e-03
3.989242554e+02;1.107950322e-02
3.991414795e+02;9.962018579e-03
3.993587036e+02;8.738107048e-03
3.995759277e+02;9.589524008e-03
3.997931824e+02;1.163824555e-02
4.000104370e+02;1.073361561e-02
4.002276917e+02;1.246305555e-02
4.004449768e+02;1.097307634e-02
4.006622620e+02;1.014826633e-02
4.008795776e+02;1.004183944e-02
4.010968933e+02;1.121253707e-02
4.013142090e+02;1.310161781e-02
4.015315247e+02;1.562926173e-02
4.017488708e+02;1.246305555e-02
4.019662170e+02;1.392642781e-02
4.021835938e+02;1.275573019e-02
4.024009399e+02;1.435213629e-02
4.026183472e+02;1.166485250e-02
4.028357239e+02;1.230341475e-02
4.030531311e+02;1.280894317e-02
4.032705383e+02;1.163824555e-02
4.034879761e+02;1.107950322e-02
4.037054138e+02;1.251626853e-02
4.039228516e+02;1.201074012e-02
4.041402893e+02;1.211716700e-02
4.043577576e+02;1.376678701e-02
4.045752563e+02;1.344750635e-02
4.047927246e+02;1.509712543e-02
4.050102234e+02;1.395303477e-02
4.052277222e+02;1.355393324e-02
4.054452515e+02;1.727888174e-02
4.056627808e+02;1.499069855e-02
4.058803101e+02;1.600175537e-02
4.060978699e+02;1.754494943e-02
4.063154297e+02;1.557604782e-02
4.065329895e+02;1.453838404e-02
4.067505798e+02;1.632103696e-02
4.069681702e+02;1.711924002e-02
4.071857605e+02;1.546962094e-02
4.074033813e+02;1.413928159e-02
4.076210022e+02;1.576229557e-02
4.078386230e+02;1.578890160e-02
4.080562744e+02;1.384660788e-02
4.082739258e+02;1.288876403e-02
4.084915771e+02;1.589532942e-02
4.087092590e+02;1.557604782e-02
4.089269409e+02;1.714584790e-02
4.091446533e+02;1.544301398e-02
4.093623352e+02;1.738530770e-02
4.095800781e+02;1.767798327e-02
4.097977905e+02;1.802387089e-02
4.100155334e+02;1.834315248e-02
4.102332764e+02;1.759816147e-02
4.104510193e+02;1.970009692e-02
4.106687927e+02;1.624121703e-02
4.108865662e+02;1.576229557e-02
4.111043701e+02;1.618800312e-02
4.113221741e+02;1.842297241e-02
4.115399780e+02;1.653389074e-02
4.117577820e+02;1.821011864e-02
4.119756165e+02;1.977991685e-02
4.121934509e+02;1.890189387e-02
4.124113159e+02;1.717245393e-02
4.126291809e+02;1.874225400e-02
4.128470459e+02;1.839636639e-02
4.130649414e+02;2.049829997e-02
4.132828369e+02;1.834315248e-02
4.135007324e+02;2.121668309e-02
4.137186279e+02;1.988634467e-02
4.139365540e+02;1.943402924e-02
4.141545105e+02;2.289290912e-02
4.143724365e+02;2.145614475e-02
4.145903931e+02;2.057811990e-02
4.148083801e+02;1.927438937e-02
4.150263367e+02;1.807708479e-02
4.152443237e+02;2.254702151e-02
4.154623413e+02;2.185524628e-02
4.156803284e+02;2.214791998e-02
4.158983459e+02;1.876886003e-02
4.161163940e+02;2.129650302e-02
4.163344116e+02;2.017901838e-02
4.165524597e+02;2.230756171e-02
4.167705383e+02;1.991295069e-02
4.169885864e+02;2.044508606e-02
4.172066650e+02;2.265344933e-02
4.174247742e+02;2.246720158e-02
4.176428833e+02;2.385075390e-02
4.178609924e+02;2.544716001e-02
4.180791016e+02;2.472877689e-02
4.182972412e+02;2.552697994e-02
4.185153809e+02;2.182863839e-02
4.187335205e+02;2.275987528e-02
4.189516907e+02;2.440949529e-02
4.191698608e+02;2.544716001e-02
4.193880615e+02;2.366450615e-02
4.196062622e+02;2.310576476e-02
4.198244629e+02;2.174881846e-02
4.200426636e+02;2.502145246e-02
4.202608948e+02;2.446270920e-02
4.204791260e+02;2.417003550e-02
4.206973877e+02;2.273326926e-02
4.209156494e+02;2.587286755e-02
4.211339111e+02;2.438288927e-02
4.213521729e+02;2.677749842e-02
4.215704651e+02;2.760230936e-02
4.217887573e+02;2.757570148e-02
4.220070801e+02;2.693714015e-02
4.222254028e+02;2.802801691e-02
4.224437256e+02;2.752248757e-02
4.226620789e+02;2.744266763e-02
4.228804321e+02;2.994370461e-02
4.230987854e+02;2.856015228e-02
4.233171692e+02;2.699035220e-02
4.235355225e+02;2.648482472e-02
4.237539368e+02;2.640500292e-02
4.239723206e+02;2.568662167e-02
4.241907349e+02;2.792158909e-02
4.244091797e+02;2.589947544e-02
4.246275940e+02;2.879961394e-02
4.248460388e+02;2.555358782e-02
4.250645142e+02;3.047583997e-02
4.252829590e+02;2.869318612e-02
4.255014343e+02;2.840051241e-02
4.257199402e+02;3.034280613e-02
4.259384155e+02;2.784176916e-02
4.261569214e+02;3.143368289e-02
4.263754578e+02;2.967763692e-02
4.265939941e+02;3.124743700e-02
4.268125305e+02;3.079512157e-02
4.270310669e+02;3.092815541e-02
4.272496338e+02;2.871979214e-02
4.274682007e+02;3.188600019e-02
4.276867676e+02;2.994370461e-02
4.279053650e+02;2.770873532e-02
4.281239624e+02;3.289705515e-02
4.283425903e+02;3.175296634e-02
4.285611877e+02;3.279062733e-02
4.287798157e+02;3.318972886e-02
4.289984741e+02;2.989049070e-02
4.292171326e+02;3.180617839e-02
4.294357910e+02;3.156671673e-02
4.296544495e+02;3.332276270e-02
4.298731384e+02;3.276402131e-02
4.300918274e+02;3.263098747e-02
4.303105469e+02;3.196581826e-02
4.305292664e+02;3.350901231e-02
4.307479858e+02;3.486595675e-02
4.309667053e+02;3.452007100e-02
4.311854553e+02;3.553112596e-02
4.314042358e+02;3.449346125e-02
4.316229858e+02;3.718074784e-02
4.318417664e+02;3.577058762e-02
4.320605469e+02;3.390811384e-02
4.322793579e+02;3.473292291e-02
4.324981689e+02;3.561094776e-02
4.327169800e+02;3.417418152e-02
4.329358215e+02;3.422739357e-02
4.331546631e+02;3.619629517e-02
4.333735046e+02;3.452007100e-02
4.335923462e+02;3.608986735e-02
4.338112183e+02;3.776609525e-02
4.340301208e+02;3.718074784e-02
4.342489929e+02;4.207639396e-02
4.344678955e+02;4.106533527e-02
4.346868286e+02;4.047998786e-02
4.349057312e+02;4.178371653e-02
4.351246643e+02;4.093230143e-02
4.353436279e+02;4.106533527e-02
4.355625610e+02;4.106533527e-02
4.357815247e+02;3.989463672e-02
4.360005188e+02;3.944232315e-02
4.362194824e+02;4.138461500e-02
4.364384766e+02;3.968178481e-02
4.366575012e+02;4.063962772e-02
4.368765259e+02;4.063962772e-02
4.370955505e+02;4.087908939e-02
4.373145752e+02;4.268834740e-02
4.375336304e+02;4.170389846e-02
4.377526855e+02;4.534902424e-02
4.379717407e+02;4.149104282e-02
4.381908264e+02;4.327369854e-02
4.384099121e+02;4.223603383e-02
4.386290283e+02;4.404529184e-02
4.388481140e+02;4.423154145e-02
4.390672607e+02;4.300763085e-02
4.392863770e+02;4.729131982e-02
4.395055237e+02;4.598758742e-02
4.397246704e+02;4.835559055e-02
4.399438171e+02;4.383243993e-02
4.401629944e+02;4.412511364e-02
4.403821716e+02;4.526920617e-02
4.406013794e+02;4.606740922e-02
4.408205872e+02;4.074605554e-02
4.410397949e+02;4.529581219e-02
4.412590332e+02;4.314066470e-02
4.414782410e+02;4.675918445e-02
4.416975098e+02;4.686561227e-02
4.419167480e+02;4.561509192e-02
4.421360168e+02;4.699864611e-02
4.423552856e+02;4.803631082e-02
4.425745850e+02;4.795648903e-02
4.427938843e+02;4.473707080e-02
4.430131836e+02;4.878129810e-02
4.432325134e+02;5.152179673e-02
4.434518433e+02;5.229339376e-02
4.436711731e+02;5.224017799e-02
4.438905029e+02;4.819595069e-02
4.441098633e+02;5.231999978e-02
4.443292542e+02;4.947307333e-02
4.445486145e+02;5.210714415e-02
4.447680054e+02;5.170804262e-02
4.449874268e+02;5.048413202e-02
4.452068176e+02;4.960610718e-02
4.454262390e+02;5.176125839e-02
4.456456909e+02;5.085662752e-02
4.458651123e+02;5.309159681e-02
4.460845642e+02;5.064377189e-02
4.463040466e+02;5.609815940e-02
4.465234985e+02;5.218696594e-02
4.467429810e+02;5.450175330e-02
4.469624939e+02;5.357051641e-02
4.471819763e+02;5.628440902e-02
4.474014893e+02;5.971668288e-02
4.476210327e+02;5.686975643e-02
4.478405457e+02;5.511371046e-02
4.480601196e+02;5.527335033e-02
4.482796631e+02;5.569905788e-02
4.484992371e+02;5.761474743e-02
4.487188110e+02;5.609815940e-02
4.489383850e+02;5.436871946e-02
4.491579895e+02;5.484764278e-02
4.493775940e+02;5.641744286e-02
4.495972290e+02;5.641744286e-02
4.498168335e+02;5.710921809e-02
4.500364685e+02;5.793402717e-02
4.502561340e+02;6.035524607e-02
4.504757996e+02;6.125987321e-02
4.506954651e+02;5.942400917e-02
4.509151306e+02;5.913133174e-02
4.511348267e+02;6.322877854e-02
4.513545227e+02;5.942400917e-02
4.515742493e+02;6.376091391e-02
4.517939758e+02;6.306913495e-02
4.520137024e+02;6.511785835e-02
4.522334290e+02;6.703354418e-02
4.524531860e+02;6.431965530e-02
4.526729431e+02;6.064791977e-02
4.528927307e+02;6.256360561e-02
4.531125183e+02;6.495821476e-02
4.533323059e+02;6.397376209e-02
4.535521240e+02;6.362787634e-02
4.537719421e+02;6.125987321e-02
4.539917603e+02;6.423982978e-02
4.542115784e+02;6.405358762e-02
4.544314270e+02;6.416001171e-02
4.546513062e+02;6.567659974e-02
4.548711548e+02;6.652801484e-02
4.550910339e+02;6.700693816e-02
4.553109131e+02;7.110437751e-02
4.555308228e+02;6.964100897e-02
4.557507324e+02;6.964100897e-02
4.559706421e+02;7.075849175e-02
4.561905823e+02;7.323291898e-02
4.564105225e+02;6.852352619e-02
4.566304626e+02;7.296685129e-02
4.568504333e+02;7.259435952e-02
4.570704041e+02;6.908226758e-02
4.572903748e+02;7.349898666e-02
4.575103760e+02;7.275400311e-02
4.577303772e+02;7.216864824e-02
4.579503784e+02;7.118420303e-02
4.581704102e+02;7.605323941e-02
4.583904419e+02;7.392469794e-02
4.586104736e+02;7.429718971e-02
4.588305359e+02;7.466968894e-02
4.590505981e+02;7.552110404e-02
4.592706604e+02;7.336595654e-02
4.594907532e+02;7.520182431e-02
4.597108459e+02;7.860749215e-02
4.599309692e+02;7.812856883e-02
4.601510620e+02;7.733036578e-02
4.603711853e+02;7.807535678e-02
4.605913391e+02;7.631930709e-02
4.608114929e+02;8.102870733e-02
4.610316467e+02;7.993783057e-02
4.612518005e+02;8.140119910e-02
4.614719849e+02;7.991122454e-02
4.616921692e+02;7.972497493e-02
4.619123535e+02;8.054978400e-02
4.621325684e+02;8.493990451e-02
4.623527832e+02;7.980479300e-02
4.625730286e+02;8.121495694e-02
4.627932739e+02;8.337010443e-02
4.630135193e+02;8.315724880e-02
4.632337646e+02;8.374259621e-02
4.634540405e+02;8.509954065e-02
4.636743164e+02;8.589774370e-02
4.638946228e+02;8.486007899e-02
4.641149292e+02;8.579131961e-02
4.643352356e+02;8.903734386e-02
4.645555420e+02;8.778682351e-02
4.647758789e+02;8.629684895e-02
4.649962158e+02;8.754736930e-02
4.652165833e+02;8.736111969e-02
4.654369507e+02;8.515275270e-02
4.656573181e+02;8.608399332e-02
4.658777161e+02;8.717487007e-02
4.660980835e+02;8.762718737e-02
4.663185120e+02;8.935662359e-02
4.665389099e+02;8.595095575e-02
4.667593384e+02;9.095302969e-02
4.669797668e+02;8.831895888e-02
4.672002258e+02;8.940984309e-02
4.674206848e+02;8.754736930e-02
4.676411438e+02;9.372013807e-02
4.678616333e+02;9.047411382e-02
4.680821228e+02;9.499726444e-02
4.683026123e+02;9.353388846e-02
4.685231323e+02;9.430548549e-02
4.687436523e+02;9.510368854e-02
4.689641724e+02;9.505047649e-02
4.691847229e+02;9.225676209e-02
4.694052734e+02;9.180445224e-02
4.696258240e+02;9.031447023e-02
4.698464050e+02;9.191087633e-02
4.700669861e+02;9.172462672e-02
4.702875671e+02;8.930341154e-02
4.705081787e+02;9.513029456e-02
4.707287903e+02;9.598170966e-02
4.709494019e+02;9.089981765e-02
4.711700439e+02;9.435869753e-02
4.713906860e+02;9.254943579e-02
4.716113281e+02;9.598170966e-02
4.718320007e+02;9.230997413e-02
4.720526733e+02;9.792400897e-02
4.722733459e+02;9.584867954e-02
4.724940491e+02;9.377335012e-02
4.727147522e+02;9.587528557e-02
4.729354553e+02;9.627438337e-02
4.731561890e+02;9.528993815e-02
4.733769226e+02;9.885524213e-02
4.735976868e+02;9.164480865e-02
4.738184204e+02;9.893506765e-02
4.740391846e+02;9.696616232e-02
4.742599792e+02;9.752490371e-02
4.744807739e+02;9.563582391e-02
4.747015686e+02;9.414584190e-02
4.749223633e+02;9.614135325e-02
4.751431885e+02;9.696616232e-02
4.753640137e+02;9.691295028e-02
4.755848694e+02;1.012764573e-01
4.758056946e+02;9.632760286e-02
4.760265503e+02;9.590189159e-02
4.762474365e+02;9.920113534e-02
4.764683228e+02;9.662027657e-02
4.766892090e+02;1.005048603e-01
4.769100952e+02;9.973327070e-02
4.771310120e+02;1.014361009e-01
4.773519287e+02;9.874881804e-02
4.775728760e+02;1.014893129e-01
4.777938232e+02;9.957362711e-02
4.780147705e+02;9.960023314e-02
4.782357178e+02;9.563582391e-02
4.784566956e+02;9.800382704e-02
4.786777039e+02;9.856256843e-02
4.788986816e+02;9.994611889e-02
4.791196899e+02;9.978648275e-02
4.793406982e+02;9.707258642e-02
4.795617371e+02;1.019416302e-01
4.797827759e+02;1.015159190e-01
4.800038147e+02;1.017287746e-01
4.802248535e+02;1.028462574e-01
4.804459229e+02;9.946720302e-02
4.806670227e+02;1.053739041e-01
4.808880920e+02;1.042032018e-01
4.811091919e+02;1.026866212e-01
4.813302917e+02;1.067574546e-01
4.815514221e+02;1.018618122e-01
4.817725525e+02;1.028462574e-01
4.819936829e+02;1.014361009e-01
4.822148438e+02;1.035646424e-01
4.824360046e+02;1.038573161e-01
4.826571655e+02;1.047885567e-01
4.828783569e+02;1.024205536e-01
4.830995483e+02;1.038839221e-01
4.833207397e+02;1.023673341e-01
4.835419617e+02;1.028462574e-01
4.837631836e+02;1.064647809e-01
4.839844055e+02;1.053472981e-01
4.842056580e+02;1.047087312e-01
4.844269104e+02;1.067308486e-01
4.846481628e+02;1.064381748e-01
4.848694458e+02;1.056931838e-01
4.850907288e+02;1.074492335e-01
4.853120117e+02;1.073428020e-01
4.855333252e+02;1.049481928e-01
4.857546387e+02;1.072363779e-01
4.859759521e+02;1.023407280e-01
4.861972961e+02;1.066776365e-01
4.864186401e+02;1.072097719e-01
4.866399841e+02;1.076088697e-01
4.868613586e+02;1.082474366e-01
4.870827332e+02;1.026067957e-01
4.873041077e+02;1.058794335e-01
4.875255127e+02;1.062519252e-01
4.877469177e+02;1.064115688e-01
4.879683228e+02;1.088859960e-01
4.881897583e+02;1.038839221e-01
4.884111938e+02;1.063583568e-01
4.886326599e+02;1.075822636e-01
4.888540955e+02;1.056665778e-01
4.890755615e+02;1.064647809e-01
4.892970581e+02;1.081143990e-01
4.895185547e+02;1.100833043e-01
4.897400513e+02;1.101099104e-01
4.899615479e+02;1.107750759e-01
4.901830750e+02;1.096309870e-01
4.904046021e+02;1.040701717e-01
4.906261597e+02;1.071565598e-01
4.908476868e+02;1.077419072e-01
4.910692749e+02;1.041499898e-01
4.912908325e+02;1.057463959e-01
4.915124207e+02;1.064913869e-01
4.917340088e+02;1.073428020e-01
4.919555969e+02;1.109879315e-01
4.921772156e+02;1.061455011e-01
4.923988342e+02;1.072895899e-01
4.926204834e+02;1.064115688e-01
4.928421326e+02;1.101897284e-01
4.930637817e+02;1.095245555e-01
4.932854309e+02;1.091254577e-01
4.935071106e+02;1.110145375e-01
4.937287903e+02;1.058262214e-01
4.939505005e+02;1.036976725e-01
4.941722107e+02;1.057996079e-01
4.943939209e+02;1.088327840e-01
4.946156616e+02;1.041765958e-01
4.948373718e+02;1.032187566e-01
4.950591431e+02;1.055069342e-01
4.952808838e+02;1.063317433e-01
4.955026550e+02;1.064913869e-01
4.957244263e+02;1.032719687e-01
4.959462280e+02;1.033517867e-01
4.961680298e+02;1.003984362e-01
4.963898315e+02;1.013030633e-01
4.966116638e+02;1.011700332e-01
4.968334961e+02;1.025269777e-01
4.970553284e+02;1.048417687e-01
4.972771606e+02;1.051876545e-01
4.974990234e+02;1.057463959e-01
4.977209167e+02;1.034582183e-01
4.979427795e+02;1.047885567e-01
4.981646729e+02;1.009305716e-01
4.983865662e+02;9.837631881e-02
4.986084900e+02;9.888184816e-02
4.988304138e+02;9.991951287e-02
4.990523376e+02;1.001855806e-01
4.992742920e+02;9.515690058e-02
4.994962463e+02;9.701937437e-02
4.997182007e+02;9.350728244e-02
4.999401855e+02;9.608814120e-02
5.001621704e+02;9.651384503e-02
5.003841553e+02;9.592849761e-02
5.006061707e+02;9.473119676e-02
5.008281860e+02;9.640742093e-02
5.010502014e+02;9.406602383e-02
5.012722473e+02;9.677991271e-02
5.014942932e+02;9.406602383e-02
5.017163391e+02;9.204390645e-02
5.019384155e+02;9.374674410e-02
5.021604919e+02;9.342746437e-02
5.023825684e+02;9.151177108e-02
5.026046753e+02;9.310818464e-02
5.028267822e+02;9.002179652e-02
5.030488892e+02;9.089981765e-02
5.032710266e+02;8.478026092e-02
5.034931641e+02;9.058053792e-02
5.037153015e+02;8.781343699e-02
5.039374695e+02;8.387563378e-02
5.041596375e+02;8.778682351e-02
5.043818054e+02;8.438116312e-02
5.046040039e+02;8.145441115e-02
5.048262024e+02;8.102870733e-02
5.050484314e+02;8.547203988e-02
5.052706299e+02;8.185351640e-02
5.054928589e+02;7.897998393e-02
5.057151184e+02;8.142780513e-02
5.059373779e+02;8.118834347e-02
5.061596375e+02;7.983139902e-02
5.063818970e+02;7.842124254e-02
5.066041870e+02;7.746339589e-02
5.068264771e+02;7.693126053e-02
5.070487671e+02;7.419076562e-02
5.072710876e+02;7.682483643e-02
5.074934082e+02;7.799553126e-02
5.077157593e+02;7.299346477e-02
5.079380798e+02;7.051903009e-02
5.081604614e+02;7.184936851e-02
5.083828125e+02;7.264757156e-02
5.086051941e+02;7.022635639e-02
5.088275757e+02;6.897583604e-02
5.090499573e+02;7.011993229e-02
5.092723694e+02;7.059885561e-02
5.094947815e+02;7.057224214e-02
5.097172241e+02;6.493160874e-02
5.099396667e+02;6.727300584e-02
5.101621094e+02;7.001350075e-02
5.103845520e+02;6.479857862e-02
5.106070251e+02;6.708675623e-02
5.108294983e+02;6.588945538e-02
5.110520020e+02;6.482518464e-02
5.112745056e+02;6.301592290e-02
5.114970093e+02;6.024881825e-02
5.117195129e+02;6.056809798e-02
5.119420471e+02;6.075434759e-02
5.121646118e+02;6.306913495e-02
5.123871460e+02;6.131308898e-02
5.126096802e+02;5.846616253e-02
5.128322754e+02;5.931758136e-02
5.130548706e+02;5.982311070e-02
5.132774658e+02;5.897169188e-02
5.135000610e+02;5.726885796e-02
5.137226562e+02;6.099380553e-02
5.139452515e+02;5.947722122e-02
5.141679077e+02;5.910472572e-02
5.143905640e+02;5.955704302e-02
5.146132202e+02;5.716243386e-02
5.148358765e+02;5.756153539e-02
5.150585327e+02;5.945061520e-02
5.152812500e+02;5.804045498e-02
5.155039062e+02;5.370355025e-02
5.157266235e+02;5.279892311e-02
5.159493408e+02;5.410265177e-02
5.161720581e+02;5.474121496e-02
5.163947754e+02;5.575227365e-02
5.166175537e+02;5.436871946e-02
5.168402710e+02;5.684315041e-02
5.170630493e+02;5.301177502e-02
5.172858276e+02;5.290534720e-02
5.175086060e+02;5.468800291e-02
5.177314453e+02;5.303838104e-02
5.179542236e+02;5.367694423e-02
5.181770630e+02;5.351730436e-02
5.183999023e+02;5.162822455e-02
5.186227417e+02;5.335766450e-02
5.188455811e+02;5.181447044e-02
5.190684204e+02;5.224017799e-02
5.192912598e+02;5.415586755e-02
5.195141602e+02;5.059055984e-02
5.197370605e+02;5.221357197e-02
5.199599609e+02;5.192089826e-02
5.201828613e+02;5.258606747e-02
5.204057617e+02;4.894093797e-02
5.206287231e+02;5.255946144e-02
5.208516235e+02;4.888772592e-02
5.210745850e+02;5.080341548e-02
5.212975464e+02;4.830237851e-02
5.215205078e+02;4.934003949e-02
5.217435303e+02;4.949968308e-02
5.219664917e+02;5.098966137e-02
5.221895142e+02;5.067038164e-02
5.224125366e+02;4.846201837e-02
5.226355591e+02;5.106948316e-02
5.228585815e+02;5.327784270e-02
5.230816040e+02;5.083002150e-02
5.233046875e+02;5.064377189e-02
5.235277100e+02;4.947307333e-02
5.237507935e+02;5.088323355e-02
5.239738770e+02;5.059055984e-02
5.241969604e+02;4.907397181e-02
5.244201050e+02;4.934003949e-02
5.246431885e+02;4.830237851e-02
5.248663330e+02;4.715828598e-02
5.250894775e+02;5.048413202e-02
5.253126221e+02;5.125572905e-02
5.255357666e+02;4.910058156e-02
5.257589111e+02;5.170804262e-02
5.259821167e+02;5.072359368e-02
5.262053223e+02;4.997860268e-02
5.264285278e+02;5.096305534e-02
5.266517334e+02;4.747756571e-02
5.268749390e+02;5.088323355e-02
5.270981445e+02;4.934003949e-02
5.273214111e+02;5.077680573e-02
5.275446167e+02;4.992539063e-02
5.277678833e+02;5.173465237e-02
5.279911499e+02;4.803631082e-02
5.282144165e+02;4.854183644e-02
5.284377441e+02;4.771702737e-02
5.286610107e+02;4.779684916e-02
5.288843384e+02;4.617383704e-02
5.291076660e+02;4.396547377e-02
5.293309937e+02;4.856844619e-02
5.295543213e+02;4.675918445e-02
5.297777100e+02;4.846201837e-02
5.300010376e+02;4.601419345e-02
5.302244263e+02;4.667936265e-02
5.304478149e+02;4.920700565e-02
5.306712036e+02;4.777024314e-02
5.308945923e+02;4.896754771e-02
5.311179810e+02;4.670597240e-02
5.313414307e+02;4.628026113e-02
5.315648804e+02;4.494992271e-02
5.317883301e+02;4.787666723e-02
5.320117798e+02;4.250210151e-02
5.322352295e+02;4.369940609e-02
5.324586792e+02;4.638668895e-02
5.326821899e+02;4.220942780e-02
5.329057007e+02;3.986803070e-02
5.331291504e+02;4.146443680e-02
5.333527222e+02;4.032034427e-02
5.335762329e+02;4.008088633e-02
5.337997437e+02;3.930928931e-02
5.340233154e+02;4.077266157e-02
5.342468262e+02;3.843126446e-02
5.344703979e+02;4.149104282e-02
5.346939697e+02;3.832483664e-02
5.349176025e+02;3.800555691e-02
5.351411743e+02;3.742020577e-02
5.353648071e+02;3.694128618e-02
5.355883789e+02;3.550451994e-02
5.358120117e+02;3.611647710e-02
5.360356445e+02;3.449346125e-02
5.362593384e+02;3.398793563e-02
5.364829712e+02;3.393471986e-02
5.367066650e+02;3.265759349e-02
5.369302979e+02;3.020977229e-02
5.371539917e+02;3.252455965e-02
5.373776855e+02;3.223188594e-02
5.376014404e+02;2.930514142e-02
5.378251343e+02;3.151350468e-02
5.380488892e+02;3.050244600e-02
5.382726440e+02;3.074190766e-02
5.384963379e+02;3.058226779e-02
5.387201538e+02;2.786837704e-02
5.389439087e+02;2.794819698e-02
5.391676636e+02;2.629857697e-02
5.393914795e+02;2.824087068e-02
5.396152954e+02;2.685731836e-02
5.398391113e+02;2.730963379e-02
5.400629272e+02;2.776194923e-02
5.402867432e+02;2.648482472e-02
5.405105591e+02;2.393057384e-02
5.407344360e+02;2.456913702e-02
5.409583130e+02;2.158917859e-02
5.411821899e+02;2.158917859e-02
5.414060669e+02;1.813029870e-02
5.416299438e+02;2.047169395e-02
5.418538818e+02;1.911474764e-02
5.420777588e+02;1.932760328e-02
5.423016968e+02;1.847618632e-02
5.425256348e+02;1.924778149e-02
5.427495728e+02;1.717245393e-02
5.429735107e+02;1.935420930e-02
5.431975098e+02;1.879546791e-02
5.434214478e+02;1.983313076e-02
5.436454468e+02;1.493748557e-02
5.438694458e+02;1.988634467e-02
5.440934448e+02;1.589532942e-02
5.443174438e+02;2.028544620e-02
5.445415039e+02;1.626782306e-02
5.447655640e+02;1.770458929e-02
5.449895630e+02;1.419249550e-02
5.452136230e+02;1.339429244e-02
5.454376831e+02;1.201074012e-02
5.456618042e+02;1.368696708e-02
5.458858643e+02;1.302179787e-02
5.461099854e+02;1.270251628e-02
5.463341064e+02;1.131896395e-02
5.465582275e+02;1.139878482e-02
5.467823486e+02;1.312822476e-02
5.470064697e+02;1.107950322e-02
5.472306519e+02;1.145199779e-02
5.474547729e+02;1.145199779e-02
5.476789551e+02;1.238323469e-02
5.479031372e+02;1.195752714e-02
5.481273193e+02;1.267590933e-02
5.483515015e+02;1.299519092e-02
5.485757446e+02;1.235662866e-02
5.487999878e+02;1.243644860e-02
5.490241699e+02;1.121253707e-02
5.492484131e+02;1.123914402e-02
5.494726562e+02;8.977568708e-03
5.496969604e+02;9.642737918e-03
5.499212036e+02;9.137208574e-03
5.501455078e+02;8.738107048e-03
5.503698120e+02;8.365612477e-03
5.505941162e+02;9.536310099e-03
5.508184204e+02;8.259185590e-03
5.510427246e+02;8.525253274e-03
5.512670898e+02;5.917789415e-03
5.514913940e+02;9.004174732e-03
5.517157593e+02;9.030781686e-03
5.519401245e+02;9.243636392e-03
5.521644897e+02;1.020148024e-02
5.523889160e+02;9.083995596e-03
5.526132812e+02;9.988625534e-03
5.528377075e+02;9.589524008e-03
5.530621338e+02;7.913297042e-03
5.532865601e+02;1.012165938e-02
5.535109863e+02;8.232578635e-03
5.537354126e+02;8.418826386e-03
5.539598999e+02;6.476531737e-03
5.541843262e+02;8.631680161e-03
5.544088135e+02;8.525253274e-03
5.546333008e+02;9.350063279e-03
5.548577881e+02;8.950961754e-03
5.550823364e+02;9.030781686e-03
5.553068237e+02;4.028708674e-03
5.555313721e+02;8.099544793e-03
5.557559204e+02;7.939903997e-03
5.559804688e+02;9.722557850e-03
5.562050171e+02;6.423318293e-03
5.564295654e+02;7.966510952e-03
5.566541748e+02;1.078682858e-02
5.568787231e+02;9.722557850e-03
5.571033325e+02;1.009505242e-02
5.573279419e+02;8.977568708e-03
5.575525513e+02;1.036112010e-02
5.577772217e+02;9.536310099e-03
5.580018311e+02;9.083995596e-03
5.582265015e+02;8.312398568e-03
5.584511719e+02;8.365612477e-03
5.586758423e+02;7.673836313e-03
5.589005127e+02;8.365612477e-03
5.591251831e+02;9.376670234e-03
5.593499146e+02;8.791320957e-03
5.595745850e+02;1.006844547e-02
5.597993164e+02;8.498646319e-03
5.600240479e+02;9.882198647e-03
5.602488403e+02;9.350063279e-03
5.604735718e+02;1.161163859e-02
5.606983032e+02;1.195752714e-02
5.609230957e+02;1.169145945e-02
5.611478882e+02;1.203734707e-02
5.613726807e+02;1.304840483e-02
5.615974731e+02;1.275573019e-02
5.618223267e+02;1.366036013e-02
5.620471191e+02;1.275573019e-02
5.622719727e+02;1.408606861e-02
5.624968262e+02;1.435213629e-02
5.627216797e+02;1.538980007e-02
5.629465332e+02;1.405946165e-02
5.631713867e+02;1.578890160e-02
5.633963013e+02;1.382000092e-02
5.636211548e+02;1.714584790e-02
5.638460693e+02;1.600175537e-02
5.640709839e+02;1.562926173e-02
5.642958984e+02;1.725227386e-02
5.645208740e+02;1.999277249e-02
5.647457886e+02;1.962027699e-02
5.649707642e+02;2.119007707e-02
5.651957397e+02;2.124329098e-02
5.654207153e+02;2.337183245e-02
5.656456909e+02;2.576644160e-02
5.658707275e+02;2.534073219e-02
5.660957031e+02;2.520769835e-02
5.663207397e+02;2.871979214e-02
5.665457764e+02;2.840051241e-02
5.667708130e+02;2.877300605e-02
5.669958496e+02;2.871979214e-02
5.672208862e+02;3.188600019e-02
5.674459839e+02;3.039602004e-02
5.676710205e+02;3.233831376e-02
5.678961182e+02;3.585040942e-02
5.681212158e+02;3.571737558e-02
5.683463745e+02;3.816519678e-02
5.685714722e+02;4.351315647e-02
5.687966309e+02;4.133140296e-02
5.690217285e+02;4.516277835e-02
5.692468872e+02;4.678579047e-02
5.694720459e+02;5.160161853e-02
5.696972046e+02;5.359712616e-02
5.699224243e+02;5.540638417e-02
5.701475830e+02;5.910472572e-02
5.703728027e+02;6.165897474e-02
5.705980225e+02;6.171219051e-02
5.708232422e+02;6.767210364e-02
5.710484619e+02;7.073188573e-02
5.712736816e+02;7.113099098e-02
5.714989624e+02;7.634591311e-02
5.717242432e+02;7.786250114e-02
5.719495239e+02;8.217279613e-02
5.721748047e+02;8.600417525e-02
5.724000854e+02;8.954287320e-02
5.726253662e+02;9.717901796e-02
5.728507080e+02;9.930755943e-02
5.730760498e+02;1.038307101e-01
5.733013306e+02;1.086199284e-01
5.735266724e+02;1.136752144e-01
5.737520752e+02;1.205663681e-01
5.739774170e+02;1.236527562e-01
5.742028198e+02;1.273777038e-01
5.744281616e+02;1.348542124e-01
5.746535645e+02;1.396168172e-01
5.748789673e+02;1.461620778e-01
5.751043701e+02;1.519889683e-01
5.753298340e+02;1.576296091e-01
5.755552368e+02;1.602636725e-01
5.757807007e+02;1.681126654e-01
5.760061646e+02;1.750038266e-01
5.762316284e+02;1.793673337e-01
5.764570923e+02;1.850079745e-01
5.766826172e+02;1.929633915e-01
5.769080811e+02;2.051226944e-01
5.771336060e+02;2.132643610e-01
5.773591309e+02;2.240667194e-01
5.775846558e+02;2.312505394e-01
5.778101807e+02;2.326340973e-01
5.780357666e+02;2.446071357e-01
5.782612915e+02;2.486247569e-01
5.784868774e+02;2.560746670e-01
5.787124634e+02;2.636841834e-01
5.789380493e+02;2.754443884e-01
5.791636353e+02;2.769077718e-01
5.793892212e+02;2.816703618e-01
5.796148682e+02;2.965169549e-01
5.798405151e+02;2.986721098e-01
5.800661621e+02;3.075055480e-01
5.802918091e+02;3.207024932e-01
5.805174561e+02;3.210484087e-01
5.807431030e+02;3.280991912e-01
5.809688110e+02;3.399392068e-01
5.811944580e+02;3.441962898e-01
5.814201660e+02;3.538279533e-01
5.816458740e+02;3.524976075e-01
5.818716431e+02;3.643376231e-01
5.820973511e+02;3.776942194e-01
5.823231201e+02;3.811796904e-01
5.825488281e+02;3.933123946e-01
5.827745972e+02;3.904920816e-01
5.830003662e+02;4.003099799e-01
5.832261963e+02;4.050459862e-01
5.834519653e+02;4.160345793e-01
5.836777344e+02;4.292049110e-01
5.839035645e+02;4.273690581e-01
5.841293945e+02;4.354575276e-01
5.843552246e+02;4.428541958e-01
5.845810547e+02;4.551199079e-01
5.848069458e+02;4.494526684e-01
5.850327759e+02;4.599889517e-01
5.852586670e+02;4.652836919e-01
5.854845581e+02;4.756071270e-01
5.857104492e+02;4.788531661e-01
5.859363403e+02;4.834295213e-01
5.861622925e+02;4.929547608e-01
5.863881836e+02;4.964402318e-01
5.866141357e+02;5.046085119e-01
5.868400879e+02;5.113666058e-01
5.870660400e+02;5.162356496e-01
5.872919922e+02;5.292996168e-01
5.875180054e+02;5.221423507e-01
5.877439575e+02;5.315345526e-01
5.879699707e+02;5.340089798e-01
5.881959839e+02;5.431883335e-01
5.884219971e+02;5.465407968e-01
5.886480103e+02;5.549751520e-01
5.888740234e+02;5.567311645e-01
5.891000977e+02;5.627176762e-01
5.893261719e+02;5.692629814e-01
5.895522461e+02;5.707263350e-01
5.897783203e+02;5.752760768e-01
5.900043945e+02;5.789211988e-01
5.902304688e+02;5.849875808e-01
5.904566040e+02;5.934219360e-01
5.906827393e+02;5.923842788e-01
5.909088135e+02;5.945128202e-01
5.911350098e+02;6.011644602e-01
5.913611450e+02;6.069381833e-01
5.915872803e+02;6.104502678e-01
5.918134766e+02;6.140953898e-01
5.920396118e+02;6.175542474e-01
5.922658081e+02;6.242857575e-01
5.924920044e+02;6.313631535e-01
5.927182617e+02;6.311503053e-01
5.929444580e+02;6.334651113e-01
5.931707153e+02;6.392387748e-01
5.933969116e+02;6.315760016e-01
5.936231689e+02;6.370570064e-01
5.938494263e+02;6.493227482e-01
5.940757446e+02;6.509989500e-01
5.943020020e+02;6.487373710e-01
5.945282593e+02;6.604709625e-01
5.947545776e+02;6.637436152e-01
5.949808960e+02;6.588213444e-01
5.952072144e+02;6.641160846e-01
5.954335327e+02;6.668832302e-01
5.956599121e+02;6.730027795e-01
5.958862305e+02;6.748918295e-01
5.961126099e+02;6.742267013e-01
5.963389893e+02;6.779250503e-01
5.965653687e+02;6.883549094e-01
5.967917480e+02;6.838849187e-01
5.970181885e+02;6.842574477e-01
5.972445679e+02;6.867584586e-01
5.974710083e+02;6.903769970e-01
5.976974487e+02;6.847363710e-01
5.979238892e+02;6.964699626e-01
5.981503296e+02;7.011527419e-01
5.983768311e+02;7.023500204e-01
5.986032715e+02;7.082567215e-01
5.988297729e+02;6.954854727e-01
5.990562744e+02;7.095604539e-01
5.992827759e+02;7.153341770e-01
5.995092773e+02;7.124339938e-01
5.997357788e+02;7.152011395e-01
5.999623413e+02;7.222785354e-01
6.001889038e+02;7.201499939e-01
6.004154663e+02;7.190324664e-01
6.006420288e+02;7.338258624e-01
6.008685913e+02;7.239547372e-01
6.010951538e+02;7.290632129e-01
6.013217773e+02;7.290100455e-01
6.015484009e+02;7.369122505e-01
6.017749634e+02;7.365663648e-01
6.020015869e+02;7.425528765e-01
6.022282715e+02;7.429519892e-01
6.024548950e+02;7.486458421e-01
6.026815796e+02;7.384554148e-01
6.029082031e+02;7.401050329e-01
6.031348877e+02;7.454264164e-01
6.033615723e+02;7.487522364e-01
6.035883179e+02;7.421537638e-01
6.038150024e+02;7.512000799e-01
6.040416870e+02;7.511468530e-01
6.042684326e+02;7.572664022e-01
6.044951782e+02;7.624813318e-01
6.047219238e+02;7.645300627e-01
6.049486694e+02;7.690532207e-01
6.051754761e+02;7.554039359e-01
6.054022217e+02;7.662594914e-01
6.056290283e+02;7.625079751e-01
6.058558350e+02;7.689467669e-01
6.060826416e+02;7.742681503e-01
6.063094482e+02;7.674036026e-01
6.065363159e+02;7.815850377e-01
6.067631226e+02;7.694256902e-01
6.069899902e+02;7.752259970e-01
6.072168579e+02;7.851502895e-01
6.074437256e+02;7.844851613e-01
6.076705933e+02;7.849906683e-01
6.078974609e+02;7.871724367e-01
6.081243896e+02;7.882899046e-01
6.083513184e+02;7.931057215e-01
6.085781860e+02;7.857356668e-01
6.088051147e+02;7.904184461e-01
6.090321045e+02;7.885027528e-01
6.092590332e+02;8.017795682e-01
6.094860229e+02;7.989592552e-01
6.097129517e+02;8.002629876e-01
6.099399414e+02;7.982674837e-01
6.101669312e+02;8.071008921e-01
6.103939209e+02;8.022052646e-01
6.106209717e+02;8.047062755e-01
6.108479614e+02;8.095753193e-01
6.110750122e+02;8.135131598e-01
6.113020630e+02;8.065421581e-01
6.115291138e+02;8.086972833e-01
6.117561646e+02;8.086174726e-01
6.119832764e+02;8.193666339e-01
6.122103271e+02;8.127415180e-01
6.124374390e+02;8.107194304e-01
6.126645508e+02;8.227989078e-01
6.128916626e+02;8.146306276e-01
6.131187744e+02;8.135131598e-01
6.133458862e+02;8.180629015e-01
6.135730591e+02;8.184353709e-01
6.138002319e+02;8.290780783e-01
6.140273438e+02;8.348517418e-01
6.142545166e+02;8.314726949e-01
6.144817505e+02;8.322442770e-01
6.147089233e+02;8.276945353e-01
6.149361572e+02;8.307809234e-01
6.151633301e+02;8.382840157e-01
6.153905640e+02;8.374858499e-01
6.156177979e+02;8.364215493e-01
6.158450317e+02;8.398804665e-01
6.160723267e+02;8.381243944e-01
6.162995605e+02;8.452017903e-01
6.165268555e+02;8.376188874e-01
6.167541504e+02;8.372463584e-01
6.169814453e+02;8.437650204e-01
6.172087402e+02;8.340535760e-01
6.174360352e+02;8.393483162e-01
6.176633911e+02;8.490864038e-01
6.178907471e+02;8.565894961e-01
6.181180420e+02;8.425145149e-01
6.183453979e+02;8.469844460e-01
6.185728149e+02;8.437650204e-01
6.188001709e+02;8.469578624e-01
6.190275879e+02;8.562968373e-01
6.192549438e+02;8.568821549e-01
6.194823608e+02;8.539820313e-01
6.197097778e+02;8.495121002e-01
6.199371948e+02;8.528645635e-01
6.201646729e+02;8.565362692e-01
6.203920898e+02;8.615383506e-01
6.206195679e+02;8.627888560e-01
6.208470459e+02;8.602080345e-01
6.210745239e+02;8.517470956e-01
6.213020020e+02;8.545939922e-01
6.215294800e+02;8.532902598e-01
6.217570190e+02;8.534765244e-01
6.219844971e+02;8.611126542e-01
6.222120361e+02;8.527847528e-01
6.224395752e+02;8.585584164e-01
6.226671143e+02;8.594630361e-01
6.228947144e+02;8.620970845e-01
6.231222534e+02;8.677909374e-01
6.233498535e+02;8.623099327e-01
6.235774536e+02;8.718883991e-01
6.238050537e+02;8.576271534e-01
6.240326538e+02;8.705846667e-01
6.242602539e+02;8.665936589e-01
6.244879150e+02;8.690414429e-01
6.247155762e+02;8.666202426e-01
6.249431763e+02;8.703451753e-01
6.251708374e+02;8.665404320e-01
6.253985596e+02;8.646779656e-01
6.256262207e+02;8.701589704e-01
6.258538818e+02;8.706910610e-01
6.260816040e+02;8.733517528e-01
6.263093262e+02;8.668597341e-01
6.265370483e+02;8.671789765e-01
6.267647705e+02;8.762252927e-01
6.269924927e+02;8.721810579e-01
6.272202759e+02;8.726866245e-01
6.274480591e+02;8.773427606e-01
6.276757812e+02;8.669927716e-01
6.279035645e+02;8.792850971e-01
6.281314087e+02;8.764381409e-01
6.283591919e+02;8.817861080e-01
6.285869751e+02;8.872936964e-01
6.288148193e+02;8.799236417e-01
6.290426636e+02;8.906728029e-01
6.292705078e+02;8.729792833e-01
6.294983521e+02;8.800832629e-01
6.297261963e+02;8.801364899e-01
6.299541016e+02;8.814136386e-01
6.301819458e+02;8.795511723e-01
6.304098511e+02;8.819191456e-01
6.306377563e+02;8.866551518e-01
6.308656616e+02;8.869478106e-01
6.310936279e+02;8.843935728e-01
6.313215332e+02;8.815466762e-01
6.315494995e+02;8.889699578e-01
6.317774658e+02;8.866019249e-01
6.320054321e+02;8.851651549e-01
6.322333984e+02;8.850321174e-01
6.324613647e+02;8.880121112e-01
6.326893921e+02;8.933866620e-01
6.329173584e+02;8.944243193e-01
6.331453857e+02;8.921627402e-01
6.333734131e+02;8.975639343e-01
6.336014404e+02;8.890497684e-01
6.338294678e+02;9.010494351e-01
6.340575562e+02;8.871873021e-01
6.342855835e+02;8.961803913e-01
6.345136719e+02;8.930407763e-01
6.347417603e+02;8.925618529e-01
6.349698486e+02;8.991603255e-01
6.351979980e+02;9.011292458e-01
6.354260864e+02;8.942114711e-01
6.356542358e+02;8.935995102e-01
6.358823853e+02;9.030981660e-01
6.361105347e+02;9.004374743e-01
6.363386841e+02;9.036834836e-01
6.365668335e+02;9.030981660e-01
6.367949829e+02;9.020604491e-01
6.370231934e+02;9.001713991e-01
6.372514038e+02;8.999053240e-01
6.374796143e+02;8.961005807e-01
6.377078247e+02;9.041624069e-01
6.379360352e+02;9.014219046e-01
6.381643066e+02;8.962336183e-01
6.383925171e+02;8.987080455e-01
6.386207886e+02;9.081001878e-01
6.388490601e+02;9.001713991e-01
6.390773315e+02;8.978832364e-01
6.393056030e+02;8.982557058e-01
6.395339355e+02;8.994264007e-01
6.397622070e+02;9.040027857e-01
6.399905396e+02;9.117966294e-01
6.402188721e+02;9.083697200e-01
6.404472046e+02;9.063541293e-01
6.406755371e+02;9.204341769e-01
6.409039307e+02;9.124190211e-01
6.411323242e+02;9.184276462e-01
6.413606567e+02;9.243804216e-01
6.415890503e+02;9.211956859e-01
6.418174438e+02;9.110266566e-01
6.420458984e+02;9.180157185e-01
6.422742920e+02;9.161861539e-01
6.425027466e+02;9.109916091e-01
6.427311401e+02;9.145560265e-01
6.429595947e+02;9.213990569e-01
6.431880493e+02;9.195086360e-01
6.434165649e+02;8.967086673e-01
6.436450195e+02;9.054359198e-01
6.438735352e+02;9.190279245e-01
6.441019897e+02;9.234240651e-01
6.443305054e+02;9.012010098e-01
6.445590210e+02;9.077401161e-01
6.447875977e+02;9.090579748e-01
6.450161133e+02;9.025559425e-01
6.452446899e+02;9.113969207e-01
6.454732056e+02;9.105820656e-01
6.457017822e+02;8.943901062e-01
6.459303589e+02;9.096243978e-01
6.461589966e+02;9.100831151e-01
6.463875732e+02;9.020450115e-01
6.466162109e+02;9.118108153e-01
6.468447876e+02;9.153050184e-01
6.470734253e+02;8.908631206e-01
6.473020630e+02;9.154451489e-01
6.475307617e+02;9.230406284e-01
6.477593994e+02;9.186788797e-01
6.479880981e+02;9.229769111e-01
6.482167358e+02;9.236935973e-01
6.484454346e+02;9.219369888e-01
6.486741333e+02;8.990307450e-01
6.489028320e+02;9.190182686e-01
6.491315918e+02;9.145816565e-01
6.493602905e+02;8.987290859e-01
6.495890503e+02;9.196741581e-01
6.498178101e+02;9.005438685e-01
6.500465698e+02;9.019806385e-01
6.502753296e+02;9.090846777e-01
6.505041504e+02;9.058120251e-01
6.507329102e+02;9.003576636e-01
6.509617310e+02;9.015017152e-01
6.511905518e+02;8.942912817e-01
6.514193726e+02;8.928279281e-01
6.516481934e+02;8.967657089e-01
6.518770142e+02;8.997988701e-01
6.521058960e+02;8.923224211e-01
6.523347778e+02;8.982822895e-01
6.525636597e+02;9.004640579e-01
6.527925415e+02;8.941582441e-01
6.530214233e+02;8.879056573e-01
6.532503052e+02;8.912581205e-01
6.534792480e+02;8.895286918e-01
6.537081299e+02;8.983089328e-01
6.539370728e+02;8.932802677e-01
6.541660156e+02;8.916040063e-01
6.543949585e+02;8.875331879e-01
6.546239624e+02;8.860431910e-01
6.548529053e+02;8.941848874e-01
6.550819092e+02;8.915241957e-01
6.553109131e+02;9.012356400e-01
6.555399170e+02;8.912048936e-01
6.557689209e+02;8.935462832e-01
6.559979248e+02;8.946371675e-01
6.562269897e+02;8.976703286e-01
6.564560547e+02;8.954619765e-01
6.566851196e+02;8.914443851e-01
6.569141846e+02;8.907526135e-01
6.571432495e+02;8.909122348e-01
6.573723145e+02;8.886772394e-01
6.576014404e+02;8.878524303e-01
6.578305054e+02;8.796575665e-01
6.580596313e+02;8.914443851e-01
6.582887573e+02;8.876928091e-01
6.585178833e+02;8.879588842e-01
6.587470703e+02;8.892892003e-01
6.589761963e+02;8.811209202e-01
6.592053833e+02;8.819723725e-01
6.594345703e+02;8.860964179e-01
6.596637573e+02;8.884643912e-01
6.598929443e+02;8.816264868e-01
6.601221313e+02;8.807218671e-01
6.603513794e+02;8.838348389e-01
6.605805664e+02;8.855642676e-01
6.608098145e+02;8.713828921e-01
6.610390625e+02;8.751078248e-01
6.612683105e+02;8.811741471e-01
6.614975586e+02;8.790988326e-01
6.617268677e+02;8.742032051e-01
6.619561768e+02;8.790190220e-01
6.621854248e+02;8.755867481e-01
6.624147339e+02;8.809612989e-01
6.626441040e+02;8.711168170e-01
6.628734131e+02;8.810677528e-01
6.631027222e+02;8.767307997e-01
6.633320923e+02;8.832228780e-01
6.635614624e+02;8.840742707e-01
6.637908325e+02;8.727132082e-01
6.640202026e+02;8.745224476e-01
6.642495728e+02;8.812273741e-01
6.644790039e+02;8.786997199e-01
6.647083740e+02;8.758528233e-01
6.649378052e+02;8.652899265e-01
6.651672363e+02;8.670193553e-01
6.653966675e+02;8.636668921e-01
6.656260986e+02;8.652366996e-01
6.658555908e+02;8.681900501e-01
6.660850220e+02;8.686157465e-01
6.663145142e+02;8.709571362e-01
6.665440063e+02;8.611924648e-01
6.667734985e+02;8.652632833e-01
6.670030518e+02;8.666202426e-01
6.672325439e+02;8.701589704e-01
6.674620972e+02;8.672056198e-01
6.676915894e+02;8.614053130e-01
6.679211426e+02;8.707177043e-01
6.681506958e+02;8.603942394e-01
6.683803101e+02;8.591437340e-01
6.686098633e+02;8.659816980e-01
6.688394775e+02;8.716489077e-01
6.690690308e+02;8.626292348e-01
6.692986450e+02;8.612722754e-01
6.695282593e+02;8.586914539e-01
6.697579346e+02;8.563500643e-01
6.699875488e+02;8.526250720e-01
6.702172241e+02;8.588510752e-01
6.704468384e+02;8.570418358e-01
6.706765137e+02;8.607135415e-01
6.709061890e+02;8.569353819e-01
6.711359253e+02;8.619906902e-01
6.713656006e+02;8.689882755e-01
6.715953369e+02;8.576271534e-01
6.718250122e+02;8.608731627e-01
6.720547485e+02;8.586648107e-01
6.722844849e+02;8.539820313e-01
6.725142822e+02;8.549664617e-01
6.727440186e+02;8.572546840e-01
6.729738159e+02;8.675780892e-01
6.732035522e+02;8.575473428e-01
6.734333496e+02;8.552325368e-01
6.736631470e+02;8.581060767e-01
6.738929443e+02;8.539022207e-01
6.741228027e+02;8.542746902e-01
6.743526001e+02;8.607667685e-01
6.745824585e+02;8.548334241e-01
6.748123169e+02;8.628687263e-01
6.750421753e+02;8.568821549e-01
6.752720337e+02;8.574675322e-01
6.755019531e+02;8.581858873e-01
6.757318115e+02;8.650238514e-01
6.759617310e+02;8.495919108e-01
6.761916504e+02;8.577867746e-01
6.764215698e+02;8.566427231e-01
6.766514893e+02;8.586116433e-01
6.768814087e+02;8.527581096e-01
6.771113892e+02;8.555784225e-01
6.773413696e+02;8.518800735e-01
6.775712891e+02;8.479422927e-01
6.778012695e+02;8.536893725e-01
6.780313110e+02;8.532902598e-01
6.782612915e+02;8.468248248e-01
6.784912720e+02;8.634008169e-01
6.787213135e+02;8.492992520e-01
6.789513550e+02;8.545141816e-01
6.791813965e+02;8.578134179e-01
6.794114380e+02;8.587712646e-01
6.796415405e+02;8.628687263e-01
6.798715820e+02;8.499644399e-01
6.801016846e+02;8.600483537e-01
6.803317871e+02;8.564831018e-01
6.805618896e+02;8.504699469e-01
6.807919922e+02;8.632146120e-01
6.810220947e+02;8.536893725e-01
6.812522583e+02;8.544077277e-01
6.814823608e+02;8.511883020e-01
6.817125244e+02;8.530241847e-01
6.819426880e+02;8.586648107e-01
6.821728516e+02;8.496717215e-01
6.824030151e+02;8.537957668e-01
6.826332397e+02;8.476229906e-01
6.828634644e+02;8.532104492e-01
6.830936279e+02;8.456541300e-01
6.833238525e+02;8.565362692e-01
6.835540771e+02;8.525719047e-01
6.837843628e+02;8.516140580e-01
6.840145874e+02;8.473303318e-01
6.842448730e+02;8.555784225e-01
6.844751587e+02;8.545939922e-01
6.847054443e+02;8.448026776e-01
6.849357300e+02;8.521461487e-01
6.851660156e+02;8.555784225e-01
6.853963623e+02;8.486872911e-01
6.856266479e+02;8.496185541e-01
6.858569946e+02;8.450953960e-01
6.860873413e+02;8.458137512e-01
6.863176880e+02;8.394547105e-01
6.865480347e+02;8.482083678e-01
6.867784424e+02;8.464522958e-01
6.870087891e+02;8.390822411e-01
6.872391968e+02;8.325369954e-01
6.874696045e+02;8.427540064e-01
6.877000122e+02;8.444036245e-01
6.879304199e+02;8.458137512e-01
6.881608887e+02;8.364747763e-01
6.883912964e+02;8.403327465e-01
6.886217651e+02;8.403061628e-01
6.888522339e+02;8.433393240e-01
6.890827026e+02;8.416364789e-01
6.893131714e+02;8.358095884e-01
6.895437012e+02;8.352774978e-01
6.897741699e+02;8.318718076e-01
6.900046997e+02;8.486074805e-01
6.902352295e+02;8.364481926e-01
6.904657593e+02;8.433393240e-01
6.906962891e+02;8.308075666e-01
6.909268799e+02;8.436053991e-01
6.911574097e+02;8.311534524e-01
6.913880005e+02;8.355701566e-01
6.916185913e+02;8.344260454e-01
6.918491821e+02;8.274816871e-01
6.920797729e+02;8.216282129e-01
6.923104248e+02;8.270027637e-01
6.925410156e+02;8.309139609e-01
6.927716675e+02;8.299295306e-01
6.930023193e+02;8.231447935e-01
6.932329712e+02;8.345857263e-01
6.934636230e+02;8.294239640e-01
6.936942749e+02;8.224263787e-01
6.939249878e+02;8.236237168e-01
6.941557007e+02;8.289982677e-01
6.943864136e+02;8.270027637e-01
6.946171265e+02;8.211492896e-01
6.948478394e+02;8.213355541e-01
6.950785522e+02;8.188079000e-01
6.953093262e+02;8.284927607e-01
6.955400391e+02;8.212025166e-01
6.957708130e+02;8.254595995e-01
6.960015869e+02;8.210960627e-01
6.962323608e+02;8.192335963e-01
6.964631958e+02;8.173179030e-01
6.966939697e+02;8.231182098e-01
6.969248047e+02;8.226658702e-01
6.971556396e+02;8.169986010e-01
6.973864746e+02;8.143645525e-01
6.976173096e+02;8.173711300e-01
6.978481445e+02;8.152425885e-01
6.980790405e+02;8.149499297e-01
6.983099365e+02;8.148168921e-01
6.985407715e+02;8.066486120e-01
6.987716675e+02;8.090431690e-01
6.990025635e+02;8.238099813e-01
6.992335205e+02;8.127149343e-01
6.994644165e+02;8.136727810e-01
6.996953735e+02;8.165463209e-01
6.999263306e+02;8.140186667e-01
7.001572876e+02;8.151361346e-01
7.003882446e+02;8.075000048e-01
7.006192017e+02;8.153489828e-01
7.008502197e+02;8.121827841e-01
7.010811768e+02;8.061962724e-01
7.013121948e+02;8.158279061e-01
7.015432129e+02;8.123424649e-01
7.017742310e+02;8.094156981e-01
7.020052490e+02;8.123956323e-01
7.022363281e+02;8.106129766e-01
7.024674072e+02;8.096551299e-01
7.026984253e+02;8.154820204e-01
7.029295044e+02;8.075265884e-01
7.031605835e+02;8.157747388e-01
7.033917236e+02;8.204308748e-01
7.036228027e+02;8.191005588e-01
7.038539429e+02;8.050788045e-01
7.040850220e+02;8.138324022e-01
7.043161621e+02;8.101606965e-01
7.045473022e+02;8.109588623e-01
7.047785034e+02;8.130075932e-01
7.050096436e+02;8.192070127e-01
7.052408447e+02;8.080321550e-01
7.054719849e+02;8.092826605e-01
7.057031860e+02;8.095220923e-01
7.059343872e+02;8.147636652e-01
7.061656494e+02;8.056108952e-01
7.063968506e+02;8.173711300e-01
7.066281128e+02;8.094422817e-01
7.068593140e+02;8.185684085e-01
7.070905762e+02;8.076862693e-01
7.073218384e+02;8.082715869e-01
7.075531616e+02;8.176903725e-01
7.077844238e+02;8.185684085e-01
7.080157471e+02;8.126351237e-01
7.082470093e+02;8.124488592e-01
7.084783325e+02;8.079257011e-01
7.087096558e+02;8.050255775e-01
7.089409790e+02;8.078991175e-01
7.091723633e+02;8.095487356e-01
7.094036865e+02;8.159609437e-01
7.096350708e+02;8.080321550e-01
7.098664551e+02;8.115708232e-01
7.100978394e+02;8.071275353e-01
7.103292236e+02;8.055577278e-01
7.105606689e+02;8.186482191e-01
7.107920532e+02;8.019657731e-01
7.110234985e+02;8.204042912e-01
7.112549438e+02;8.134865165e-01
7.114863892e+02;8.136461973e-01
7.117178345e+02;8.076064587e-01
7.119492798e+02;8.120763898e-01
7.121807861e+02;8.060632348e-01
7.124122314e+02;7.998904586e-01
7.126437378e+02;8.054246902e-01
7.128752441e+02;7.952342629e-01
7.131067505e+02;7.895670533e-01
7.133383179e+02;7.966710329e-01
7.135698242e+02;7.917488217e-01
7.138013916e+02;7.982674837e-01
7.140329590e+02;8.011143804e-01
7.142645264e+02;7.899661660e-01
7.144960938e+02;7.883165479e-01
7.147276611e+02;7.964848280e-01
7.149592896e+02;7.833410501e-01
7.151908569e+02;7.874650955e-01
7.154224854e+02;7.828621268e-01
7.156541138e+02;7.806005478e-01
7.158857422e+02;7.894605994e-01
7.161173706e+02;7.824364305e-01
7.163490601e+02;7.715276480e-01
7.165806885e+02;7.729644179e-01
7.168123779e+02;7.669779062e-01
7.170440674e+02;7.704634070e-01
7.172757568e+02;7.676430345e-01
7.175075073e+02;7.684412599e-01
7.177391968e+02;7.657539845e-01
7.179709473e+02;7.660732865e-01
7.182026367e+02;7.689999938e-01
7.184343872e+02;7.669779062e-01
7.186661377e+02;7.578783631e-01
7.188979492e+02;7.586499453e-01
7.191296997e+02;7.594747543e-01
7.193615112e+02;7.639979124e-01
7.195933228e+02;7.504284978e-01
7.198250732e+02;7.560158968e-01
7.200569458e+02;7.508276105e-01
7.202887573e+02;7.475017309e-01
7.205205688e+02;7.417546511e-01
7.207524414e+02;7.469429970e-01
7.209842529e+02;7.481402755e-01
7.212161255e+02;7.490449548e-01
7.214479980e+02;7.477943897e-01
7.216799316e+02;7.432180643e-01
7.219118042e+02;7.399986386e-01
7.221437378e+02;7.363002896e-01
7.223756104e+02;7.267484665e-01
7.226075439e+02;7.382425666e-01
7.228394775e+02;7.410628796e-01
7.230714111e+02;7.388545275e-01
7.233034058e+02;7.371250987e-01
7.235353394e+02;7.305532098e-01
7.237673340e+02;7.224381566e-01
7.239993286e+02;7.303669453e-01
7.242313232e+02;7.210013866e-01
7.244633179e+02;7.353424430e-01
7.246953735e+02;7.283980846e-01
7.249273682e+02;7.255245447e-01
7.251594238e+02;7.170369625e-01
7.253914795e+02;7.287971973e-01
7.256235352e+02;7.189260721e-01
7.258555908e+02;7.185801864e-01
7.260876465e+02;7.144561410e-01
7.263197632e+02;7.155203819e-01
7.265518188e+02;7.108376026e-01
7.267839355e+02;7.172498107e-01
7.270160522e+02;7.046115994e-01
7.272481689e+02;7.066603303e-01
7.274803467e+02;7.016316652e-01
7.277124634e+02;7.090017200e-01
7.279446411e+02;7.029088140e-01
7.281768188e+02;6.999554634e-01
7.284089355e+02;7.030417919e-01
7.286411743e+02;6.981195807e-01
7.288733521e+02;6.920798421e-01
7.291055298e+02;7.037602067e-01
7.293377686e+02;6.951928139e-01
7.295700073e+02;7.012591362e-01
7.298022461e+02;6.985985041e-01
7.300344849e+02;6.961772442e-01
7.302667236e+02;6.901641488e-01
7.304990234e+02;6.968158484e-01
7.307312622e+02;6.890200377e-01
7.309635620e+02;6.935964227e-01
7.311958618e+02;6.907494664e-01
7.314281616e+02;6.842308044e-01
7.316604614e+02;6.796544790e-01
7.318928223e+02;6.856144071e-01
7.321251221e+02;6.799205542e-01
7.323574829e+02;6.807985306e-01
7.325898438e+02;6.821554899e-01
7.328222046e+02;6.801067591e-01
7.330545654e+02;6.750515103e-01
7.332869873e+02;6.751047373e-01
7.335193481e+02;6.640362740e-01
7.337517700e+02;6.781910658e-01
7.339841919e+02;6.660584211e-01
7.342166138e+02;6.734018922e-01
7.344490356e+02;6.657391191e-01
7.346815186e+02;6.685594320e-01
7.349139404e+02;6.632114649e-01
7.351464233e+02;6.626527309e-01
7.353789062e+02;6.565597653e-01
7.356113892e+02;6.583690643e-01
7.358438721e+02;6.547505260e-01
7.360763550e+02;6.526219845e-01
7.363088989e+02;6.521164775e-01
7.365414429e+02;6.531807184e-01
7.367739258e+02;6.472474337e-01
7.370065308e+02;6.549367905e-01
7.372390747e+02;6.468217373e-01
7.374716187e+02;6.465822458e-01
7.377042236e+02;6.502540112e-01
7.379367676e+02;6.378286481e-01
7.381693726e+02;6.386800408e-01
7.384019775e+02;6.458638906e-01
7.386345825e+02;6.413673162e-01
7.388672485e+02;6.336779594e-01
7.390998535e+02;6.365249157e-01
7.393325195e+02;6.381213069e-01
7.395651855e+02;6.363120079e-01
7.397978516e+02;6.313631535e-01
7.400305176e+02;6.223168969e-01
7.402631836e+02;6.274519563e-01
7.404959106e+02;6.254830956e-01
7.407285767e+02;6.242059469e-01
7.409613037e+02;6.214654446e-01
7.411940308e+02;6.245518327e-01
7.414267578e+02;6.231682897e-01
7.416594849e+02;6.123925447e-01
7.418922729e+02;6.168358922e-01
7.421250000e+02;6.197625995e-01
7.423577881e+02;6.072840691e-01
7.425905762e+02;6.128448844e-01
7.428233643e+02;6.121531129e-01
7.430562134e+02;6.084547639e-01
7.432890015e+02;6.142284274e-01
7.435218506e+02;6.117805839e-01
7.437546387e+02;6.027076840e-01
7.439874878e+02;6.046233773e-01
7.442203369e+02;5.996745229e-01
7.444532471e+02;5.930494070e-01
7.446860962e+02;6.035590768e-01
7.449190063e+02;5.960027575e-01
7.451518555e+02;5.919851661e-01
7.453847656e+02;5.966679454e-01
7.456176758e+02;5.896437764e-01
7.458506470e+02;5.901226997e-01
7.460835571e+02;5.878877044e-01
7.463164673e+02;5.959761739e-01
7.465494385e+02;5.886592865e-01
7.467824097e+02;5.838701129e-01
7.470153809e+02;5.821938515e-01
7.472483521e+02;5.895107388e-01
7.474813843e+02;5.816351175e-01
7.477143555e+02;5.780432224e-01
7.479473877e+02;5.814222693e-01
7.481804199e+02;5.764201880e-01
7.484134521e+02;5.736531019e-01
7.486464844e+02;5.727218390e-01
7.488795166e+02;5.707795620e-01
7.491126099e+02;5.670812130e-01
7.493457031e+02;5.633828640e-01
7.495787354e+02;5.733870268e-01
7.498118286e+02;5.649792552e-01
7.500449829e+02;5.681986809e-01
7.502780762e+02;5.625580549e-01
7.505111694e+02;5.595781207e-01
7.507443237e+02;5.575293899e-01
7.509774780e+02;5.622919798e-01
7.512106323e+02;5.542035103e-01
7.514437866e+02;5.541769266e-01
7.516769409e+02;5.579816699e-01
7.519101562e+02;5.577156544e-01
7.521433105e+02;5.488821864e-01
7.523765259e+02;5.494941473e-01
7.526097412e+02;5.543365479e-01
7.528429565e+02;5.542301536e-01
7.530762329e+02;5.458490252e-01
7.533094482e+02;5.449177623e-01
7.535427246e+02;5.429489017e-01
7.537759399e+02;5.468866825e-01
7.540092163e+02;5.500794649e-01
7.542425537e+02;5.356320143e-01
7.544758301e+02;5.407671332e-01
7.547091064e+02;5.405276418e-01
7.549424438e+02;5.409001708e-01
7.551757812e+02;5.293527842e-01
7.554090576e+02;5.324923992e-01
7.556424561e+02;5.303905010e-01
7.558757935e+02;5.354723930e-01
7.561091309e+02;5.280756950e-01
7.563425293e+02;5.285812020e-01
7.565759277e+02;5.299115777e-01
7.568092651e+02;5.226745009e-01
7.570426636e+02;5.287940502e-01
7.572761230e+02;5.236323476e-01
7.575095215e+02;5.331043601e-01
7.577429810e+02;5.256278515e-01
7.579763794e+02;5.216102600e-01
7.582098389e+02;5.227277279e-01
7.584432983e+02;5.201202631e-01
7.586767578e+02;5.195615292e-01
7.589102783e+02;5.173531771e-01
7.591437378e+02;5.224882364e-01
7.593772583e+02;5.145860314e-01
7.596107788e+02;5.165549517e-01
7.598442993e+02;5.128832459e-01
7.600778198e+02;5.151979923e-01
7.603113403e+02;5.065242052e-01
7.605449219e+02;5.169274211e-01
7.607785034e+02;5.159696341e-01
7.610120239e+02;5.096105933e-01
7.612456055e+02;5.094243288e-01
7.614792480e+02;5.127235651e-01
7.617128296e+02;5.025331974e-01
7.619464111e+02;5.002716184e-01
7.621800537e+02;5.050608516e-01
7.624136963e+02;5.036506653e-01
7.626473389e+02;5.027194619e-01
7.628809814e+02;5.043956637e-01
7.631146240e+02;4.957750738e-01
7.633483276e+02;5.009101629e-01
7.635819702e+02;4.954557717e-01
7.638156738e+02;4.934070706e-01
7.640493774e+02;4.897619486e-01
7.642830811e+02;4.957750738e-01
7.645167847e+02;4.947906137e-01
7.647505493e+02;4.899215698e-01
7.649842529e+02;4.984357357e-01
7.652180176e+02;4.947108030e-01
7.654517822e+02;4.896289110e-01
7.656855469e+02;4.926620722e-01
7.659193726e+02;4.899215698e-01
7.661531372e+02;4.889903367e-01
7.663869019e+02;4.827909470e-01
7.666207275e+02;4.868617952e-01
7.668545532e+02;4.838286340e-01
7.670883789e+02;4.849461019e-01
7.673222046e+02;4.818597138e-01
7.675560913e+02;4.796779752e-01
7.677899170e+02;4.777356684e-01
7.680238037e+02;4.741969705e-01
7.682576904e+02;4.725207388e-01
7.684915771e+02;4.778953195e-01
7.687254639e+02;4.721482396e-01
7.689594116e+02;4.790926278e-01
7.691932983e+02;4.720418155e-01
7.694272461e+02;4.765383601e-01
7.696611938e+02;4.703123868e-01
7.698951416e+02;4.706316590e-01
7.701290894e+02;4.745162427e-01
7.703630371e+02;4.680774212e-01
7.705970459e+02;4.659488797e-01
7.708309937e+02;4.660819173e-01
7.710650024e+02;4.620110691e-01
7.712990112e+02;4.622505307e-01
7.715330200e+02;4.641928375e-01
7.717670898e+02;4.567961395e-01
7.720010986e+02;4.547474384e-01
7.722351685e+02;4.547208250e-01
7.724692383e+02;4.546675980e-01
7.727033081e+02;4.542950988e-01
7.729373779e+02;4.495325089e-01
7.731714478e+02;4.535767138e-01
7.734055176e+02;4.503040910e-01
7.736396484e+02;4.554924071e-01
7.738737793e+02;4.526188970e-01
7.741079102e+02;4.563438296e-01
7.743420410e+02;4.477232397e-01
7.745761719e+02;4.487342834e-01
7.748103638e+02;4.467387795e-01
7.750444946e+02;4.403797686e-01
7.752786865e+02;4.431734681e-01
7.755128784e+02;4.417101145e-01
7.757470703e+02;4.375328422e-01
7.759812622e+02;4.397411942e-01
7.762155151e+02;4.390494227e-01
7.764497070e+02;4.333821833e-01
7.766839600e+02;4.351914525e-01
7.769182129e+02;4.348189533e-01
7.771524658e+02;4.335684478e-01
7.773867188e+02;4.352446496e-01
7.776209717e+02;4.323445261e-01
7.778552856e+02;4.329298735e-01
7.780895996e+02;4.300829470e-01
7.783239136e+02;4.355107248e-01
7.785582275e+02;4.262515604e-01
7.787925415e+02;4.346061051e-01
7.790268555e+02;4.276351333e-01
7.792612305e+02;4.219412804e-01
7.794955444e+02;4.246019423e-01
7.797299194e+02;4.276085198e-01
7.799642944e+02;4.231917858e-01
7.801986694e+02;4.178704321e-01
7.804331055e+02;4.232716262e-01
7.806674805e+02;4.134271145e-01
7.809019165e+02;4.161410034e-01
7.811363525e+02;4.167263508e-01
7.813707886e+02;4.134271145e-01
7.816052246e+02;4.142785370e-01
7.818396606e+02;4.119105339e-01
7.820741577e+02;4.113517702e-01
7.823085938e+02;4.106068015e-01
7.825430908e+02;4.059506059e-01
7.827775879e+02;4.120701551e-01
7.830120850e+02;4.065359533e-01
7.832465820e+02;3.987667859e-01
7.834811401e+02;4.038486779e-01
7.837156372e+02;4.021990597e-01
7.839501953e+02;4.018797576e-01
7.841847534e+02;4.023320973e-01
7.844193115e+02;4.090636075e-01
7.846539307e+02;4.025981426e-01
7.848884888e+02;4.046202600e-01
7.851231079e+02;4.034229517e-01
7.853576660e+02;4.010283649e-01
7.855922852e+02;3.975162506e-01
7.858269043e+02;4.005760252e-01
7.860615845e+02;3.973300159e-01
7.862962036e+02;3.991658688e-01
7.865308228e+02;4.001503289e-01
7.867655029e+02;3.977025151e-01
7.870001831e+02;3.966914415e-01
7.872348633e+02;3.970905542e-01
7.874695435e+02;3.924077451e-01
7.877042847e+02;3.953345120e-01
7.879389648e+02;3.888956606e-01
7.881737061e+02;3.995117545e-01
7.884084473e+02;3.924077451e-01
7.886431885e+02;3.932857811e-01
7.888779297e+02;3.867405057e-01
7.891126709e+02;3.915297389e-01
7.893474731e+02;3.908113539e-01
7.895822144e+02;3.906517029e-01
7.898170166e+02;3.831219971e-01
7.900518188e+02;3.879910409e-01
7.902866211e+02;3.849578500e-01
7.905214844e+02;3.807806075e-01
7.907562866e+02;3.825100362e-01
7.909911499e+02;3.877781928e-01
7.912260132e+02;3.771088719e-01
7.914608765e+02;3.790245652e-01
7.916957397e+02;3.832284212e-01
7.919306030e+02;3.805145323e-01
7.921655273e+02;3.808338046e-01
7.924003906e+02;3.785988390e-01
7.926353149e+02;3.803814948e-01
7.928702393e+02;3.759913743e-01
7.931051636e+02;3.734903336e-01
7.933400879e+02;3.734105229e-01
7.935750732e+02;3.770822585e-01
7.938099976e+02;3.727719486e-01
7.940449829e+02;3.726921380e-01
7.942799683e+02;3.763904870e-01
7.945149536e+02;3.725324869e-01
7.947499390e+02;3.696855605e-01
7.949849854e+02;3.709360957e-01
7.952199707e+02;3.702975214e-01
7.954550171e+02;3.705902100e-01
7.956900635e+02;3.673707843e-01
7.959251099e+02;3.662267029e-01
7.961601562e+02;3.675836325e-01
7.963952026e+02;3.670515120e-01
7.966303101e+02;3.673175573e-01
7.968654175e+02;3.654817045e-01
7.971004639e+02;3.665725887e-01
7.973355713e+02;3.669982851e-01
7.975707397e+02;3.667056262e-01
7.978058472e+02;3.573400378e-01
7.980410156e+02;3.630072773e-01
7.982761230e+02;3.571803868e-01
7.985112915e+02;3.642311990e-01
7.987464600e+02;3.585107327e-01
7.989816284e+02;3.582978845e-01
7.992167969e+02;3.558234572e-01
7.994520264e+02;3.581382334e-01
7.996872559e+02;3.583776951e-01
7.999224243e+02;3.632201254e-01
8.001576538e+02;3.547059596e-01
8.003928833e+02;3.586969674e-01
8.006281738e+02;3.555041552e-01
8.008634033e+02;3.507947624e-01
8.010986938e+02;3.531893790e-01
8.013339844e+02;3.551582694e-01
8.015692749e+02;3.526572287e-01
8.018045654e+02;3.540408015e-01
8.020398560e+02;3.482405245e-01
8.022751465e+02;3.514599502e-01
8.025104980e+02;3.502626419e-01
8.027458496e+02;3.519388437e-01
8.029812012e+02;3.423072100e-01
8.032165527e+02;3.444357514e-01
8.034519043e+02;3.456064463e-01
8.036872559e+02;3.442761004e-01
8.039226685e+02;3.473092914e-01
8.041580811e+02;3.448880613e-01
8.043934326e+02;3.356555104e-01
8.046288452e+02;3.355224729e-01
8.048643188e+02;3.380767405e-01
8.050997314e+02;3.337664306e-01
8.053352051e+02;3.404713273e-01
8.055706177e+02;3.373849392e-01
8.058060913e+02;3.326755464e-01
8.060415649e+02;3.335801959e-01
8.062770386e+02;3.324893117e-01
8.065125732e+02;3.351765871e-01
8.067480469e+02;3.320103884e-01
8.069835815e+02;3.281258047e-01
8.072191162e+02;3.307598531e-01
8.074546509e+02;3.253320754e-01
8.076901855e+02;3.268220723e-01
8.079257202e+02;3.328085840e-01
8.081613159e+02;3.231769502e-01
8.083968506e+02;3.257045746e-01
8.086324463e+02;3.250660300e-01
8.088680420e+02;3.268220723e-01
8.091036377e+02;3.205694854e-01
8.093392334e+02;3.249861896e-01
8.095748901e+02;3.177491426e-01
8.098104858e+02;3.265293837e-01
8.100461426e+02;3.155674040e-01
8.102817993e+02;3.232567608e-01
8.105174561e+02;3.177757561e-01
8.107531128e+02;3.192391396e-01
8.109888306e+02;3.138113618e-01
8.112244873e+02;3.157536387e-01
8.114602051e+02;3.108845949e-01
8.116959229e+02;3.104855120e-01
8.119316406e+02;3.110176325e-01
8.121673584e+02;3.104322851e-01
8.124031372e+02;3.045788109e-01
8.126388550e+02;3.035677373e-01
8.128746338e+02;3.050045073e-01
8.131104126e+02;3.030888140e-01
8.133461914e+02;3.026098907e-01
8.135819702e+02;3.022374213e-01
8.138177490e+02;3.031154275e-01
8.140535889e+02;2.925259471e-01
8.142894287e+02;2.980867624e-01
8.145252075e+02;2.935902178e-01
8.147610474e+02;2.969692647e-01
8.149969482e+02;2.960380316e-01
8.152327881e+02;2.970756888e-01
8.154686279e+02;2.878697515e-01
8.157045288e+02;2.979271114e-01
8.159404297e+02;2.926323712e-01
8.161763306e+02;2.844108641e-01
8.164122314e+02;2.922598720e-01
8.166481323e+02;2.922332585e-01
8.168840942e+02;2.921002209e-01
8.171199951e+02;2.860072851e-01
8.173559570e+02;2.837457061e-01
8.175919189e+02;2.850228250e-01
8.178278809e+02;2.811116278e-01
8.180638428e+02;2.811382413e-01
8.182998657e+02;2.824153602e-01
8.185358276e+02;2.789298892e-01
8.187718506e+02;2.782380879e-01
8.190078735e+02;2.776261568e-01
8.192438965e+02;2.836658955e-01
8.194799194e+02;2.770940065e-01
8.197160034e+02;2.720121145e-01
8.199520264e+02;2.735286951e-01
8.201881104e+02;2.772536576e-01
8.204241943e+02;2.744067311e-01
8.206602783e+02;2.748058140e-01
8.208963623e+02;2.790363133e-01
8.211325073e+02;2.741938829e-01
8.213685913e+02;2.712937295e-01
8.216047363e+02;2.676486075e-01
8.218408813e+02;2.727836967e-01
8.220770264e+02;2.646420300e-01
8.223131714e+02;2.725708485e-01
8.225493164e+02;2.658127248e-01
8.227855225e+02;2.663980722e-01
8.230216675e+02;2.604381740e-01
8.232578735e+02;2.671430707e-01
8.234940796e+02;2.662118375e-01
8.237302856e+02;2.665843368e-01
8.239665527e+02;2.628061771e-01
8.242027588e+02;2.665311098e-01
8.244390259e+02;2.621409893e-01
8.246752930e+02;2.619547546e-01
8.249115601e+02;2.591610551e-01
8.251478271e+02;2.608372569e-01
8.253840942e+02;2.625401020e-01
8.256203613e+02;2.633382976e-01
8.258566895e+02;2.584692538e-01
8.260930176e+02;2.614758313e-01
8.263293457e+02;2.606776357e-01
8.265656738e+02;2.593472898e-01
8.268020020e+02;2.522166669e-01
8.270383301e+02;2.517643571e-01
8.272747192e+02;2.596665621e-01
8.275111084e+02;2.531479001e-01
8.277474976e+02;2.539461255e-01
8.279838867e+02;2.553296685e-01
8.282202759e+02;2.527222037e-01
8.284566650e+02;2.502743900e-01
8.286931152e+02;2.533607781e-01
8.289295044e+02;2.600124478e-01
8.291659546e+02;2.519772053e-01
8.294024048e+02;2.561810911e-01
8.296388550e+02;2.551966310e-01
8.298753662e+02;2.545846701e-01
8.301118164e+02;2.501413524e-01
8.303483276e+02;2.522965074e-01
8.305848389e+02;2.481990606e-01
8.308213501e+02;2.521634698e-01
8.310578613e+02;2.458310574e-01
8.312943726e+02;2.507533133e-01
8.315309448e+02;2.474806756e-01
8.317674561e+02;2.458044440e-01
8.320040283e+02;2.462833673e-01
8.322406006e+02;2.479595989e-01
8.324771729e+02;2.454851568e-01
8.327138062e+02;2.437557280e-01
8.329503784e+02;2.480660230e-01
8.331870117e+02;2.463099808e-01
8.334235840e+02;2.462035418e-01
8.336602173e+02;2.482788712e-01
8.338968506e+02;2.429575175e-01
8.341335449e+02;2.439419776e-01
8.343701782e+02;2.390995324e-01
8.346068726e+02;2.439419776e-01
8.348435059e+02;2.417602092e-01
8.350802002e+02;2.403234541e-01
8.353168945e+02;2.415473610e-01
8.355535889e+02;2.412280738e-01
8.357903442e+02;2.371838540e-01
8.360270386e+02;2.450860590e-01
8.362637939e+02;2.351617366e-01
8.365005493e+02;2.363856435e-01
8.367373047e+02;2.371306419e-01
8.369740601e+02;2.397913188e-01
8.372108765e+02;2.368645668e-01
8.374476318e+02;2.404564768e-01
8.376844482e+02;2.382747233e-01
8.379212646e+02;2.382215112e-01
8.381580200e+02;2.370242029e-01
8.383948975e+02;2.345497757e-01
8.386317139e+02;2.335653305e-01
8.388685303e+02;2.366783172e-01
8.391054077e+02;2.363856435e-01
8.393422852e+02;2.402968407e-01
8.395791626e+02;2.323946357e-01
8.398160400e+02;2.338846177e-01
8.400529175e+02;2.294412851e-01
8.402898560e+02;2.321285605e-01
8.405267334e+02;2.345231771e-01
8.407636719e+02;2.303459048e-01
8.410006104e+02;2.290155739e-01
8.412375488e+02;2.293614596e-01
8.414744873e+02;2.292816341e-01
8.417114868e+02;2.284568250e-01
8.419484253e+02;2.302128822e-01
8.421854248e+02;2.311175019e-01
8.424224243e+02;2.270466685e-01
8.426594238e+02;2.306119800e-01
8.428964233e+02;2.254236639e-01
8.431334839e+02;2.260622233e-01
8.433704834e+02;2.261420339e-01
8.436075439e+02;2.297605574e-01
8.438446045e+02;2.265677452e-01
8.440816650e+02;2.270466685e-01
8.443187256e+02;2.305321544e-01
8.445557861e+02;2.238804698e-01
8.447929077e+02;2.227363735e-01
8.450299683e+02;2.183728665e-01
8.452670898e+02;2.251043767e-01
8.455042114e+02;2.260356098e-01
8.457413330e+02;2.193839252e-01
8.459785156e+02;2.207940817e-01
8.462156372e+02;2.212463915e-01
8.464528198e+02;2.207674682e-01
8.466899414e+02;2.172819823e-01
8.469271240e+02;2.216721028e-01
8.471643677e+02;2.194637358e-01
8.474015503e+02;2.192242742e-01
8.476387329e+02;2.156855762e-01
8.478759766e+02;2.193040997e-01
8.481132202e+02;2.167498469e-01
8.483504639e+02;2.168828845e-01
8.485877075e+02;2.113486677e-01
8.488249512e+02;2.179737687e-01
8.490621948e+02;2.153929025e-01
8.492994995e+02;2.119872421e-01
8.495368042e+02;2.162443250e-01
8.497740479e+02;2.125459760e-01
8.500113525e+02;2.111624330e-01
8.502487183e+02;2.104440480e-01
8.504860229e+02;2.103110105e-01
8.507233887e+02;2.124661654e-01
8.509606934e+02;2.119872421e-01
8.511980591e+02;2.058144659e-01
8.514354248e+02;2.139029205e-01
8.516727905e+02;2.118275911e-01
8.519102173e+02;2.093797773e-01
8.521475830e+02;2.126790136e-01
8.523850098e+02;2.085549682e-01
8.526224365e+02;2.064530253e-01
8.528598633e+02;2.053355426e-01
8.530972900e+02;2.085815668e-01
8.533347168e+02;2.040584236e-01
8.535721436e+02;2.033400387e-01
8.538096313e+02;2.014243454e-01
8.540471191e+02;2.006527483e-01
8.542846069e+02;2.047768086e-01
8.545220947e+02;2.009454221e-01
8.547595825e+02;2.021161318e-01
8.549971313e+02;2.059208900e-01
8.552346191e+02;1.998811513e-01
8.554721680e+02;2.027546912e-01
8.557097168e+02;1.969012022e-01
8.559472656e+02;1.987636685e-01
8.561848145e+02;2.031537890e-01
8.564224243e+02;2.001738250e-01
8.566599731e+02;1.962626427e-01
8.568975830e+02;1.990297437e-01
8.571351929e+02;1.909412742e-01
8.573728027e+02;1.946662217e-01
8.576104126e+02;1.961029917e-01
8.578480225e+02;1.939212382e-01
8.580856934e+02;1.962626427e-01
8.583233032e+02;1.925376803e-01
8.585609741e+02;1.921917945e-01
8.587986450e+02;1.930166036e-01
8.590363159e+02;1.892118454e-01
8.592740479e+02;1.889191717e-01
8.595117188e+02;1.924312562e-01
8.597494507e+02;1.870034784e-01
8.599871826e+02;1.903825402e-01
8.602249146e+02;1.874291897e-01
8.604626465e+02;1.891320199e-01
8.607003784e+02;1.862584949e-01
8.609381714e+02;1.861520559e-01
8.611759033e+02;1.849015504e-01
8.614136963e+02;1.864181310e-01
8.616514893e+02;1.888127327e-01
8.618892822e+02;1.852740347e-01
8.621270752e+02;1.842629761e-01
8.623649292e+02;1.873493642e-01
8.626027222e+02;1.856997460e-01
8.628405762e+02;1.814692765e-01
8.630784302e+02;1.861520559e-01
8.633162842e+02;1.817087382e-01
8.635541382e+02;1.820546240e-01
8.637919922e+02;1.793407351e-01
8.640299072e+02;1.853272468e-01
8.642678223e+02;1.815224886e-01
8.645057373e+02;1.847685128e-01
8.647436523e+02;1.801389307e-01
8.649815674e+02;1.796334088e-01
8.652194824e+02;1.806178540e-01
8.654574585e+02;1.795801967e-01
8.656953735e+02;1.800058931e-01
8.659333496e+02;1.802985668e-01
8.661713257e+02;1.837574542e-01
8.664093018e+02;1.820014119e-01
8.666472778e+02;1.751634628e-01
8.668853149e+02;1.806976795e-01
8.671233521e+02;1.763873696e-01
8.673613281e+02;1.716779768e-01
8.675993652e+02;1.766002327e-01
8.678374023e+02;1.751900762e-01
8.680755005e+02;1.710926294e-01
8.683135376e+02;1.732743829e-01
8.685516357e+02;1.745781153e-01
8.687896729e+02;1.723431498e-01
8.690277710e+02;1.672080457e-01
8.692658691e+02;1.741790175e-01
8.695040283e+02;1.715981513e-01
8.697421265e+02;1.703742445e-01
8.699802856e+02;1.695228368e-01
8.702183838e+02;1.668089330e-01
8.704565430e+02;1.693631858e-01
8.706947021e+02;1.689374745e-01
8.709328613e+02;1.721302867e-01
8.711710815e+02;1.669419706e-01
8.714092407e+02;1.641216576e-01
8.716474609e+02;1.680594534e-01
8.718856812e+02;1.633766592e-01
8.721239014e+02;1.689108759e-01
8.723621216e+02;1.626050621e-01
8.726003418e+02;1.657180637e-01
8.728386230e+02;1.636959463e-01
8.730768433e+02;1.609288454e-01
8.733151245e+02;1.634032726e-01
8.735534058e+02;1.661171615e-01
8.737916870e+02;1.653189659e-01
8.740299683e+02;1.581617445e-01
8.742683105e+02;1.634298861e-01
8.745066528e+02;1.613013446e-01
8.747449341e+02;1.639620215e-01
8.749832764e+02;1.598645747e-01
8.752216187e+02;1.609820575e-01
8.754600220e+02;1.631105989e-01
8.756983643e+02;1.543303579e-01
8.759367065e+02;1.548358947e-01
8.761751099e+02;1.559001654e-01
8.764135132e+02;1.548092812e-01
8.766519165e+02;1.535321623e-01
8.768903198e+02;1.564588994e-01
8.771287842e+02;1.521220058e-01
8.773671875e+02;1.504989862e-01
8.776056519e+02;1.516164690e-01
8.778441162e+02;1.478383094e-01
8.780825806e+02;1.500200629e-01
8.783210449e+02;1.481575966e-01
8.785595093e+02;1.523082554e-01
8.787980347e+02;1.558735520e-01
8.790364990e+02;1.509779096e-01
8.792750244e+02;1.514302194e-01
8.795135498e+02;1.534257382e-01
8.797520752e+02;1.471997499e-01
8.799906616e+02;1.486365199e-01
8.802291870e+02;1.476520598e-01
8.804677734e+02;1.483970582e-01
8.807062988e+02;1.464547515e-01
8.809448853e+02;1.486365199e-01
8.811834717e+02;1.462951154e-01
8.814221191e+02;1.470933259e-01
8.816607056e+02;1.459226161e-01
8.818993530e+02;1.464281529e-01
8.821379395e+02;1.438739002e-01
8.823765869e+02;1.471465379e-01
8.826152344e+02;1.399361044e-01
8.828539429e+02;1.423839182e-01
8.830925903e+02;1.432353407e-01
8.833312988e+02;1.433151662e-01
8.835699463e+02;1.413728595e-01
8.838086548e+02;1.405480504e-01
8.840473633e+02;1.421710700e-01
8.842860718e+02;1.435812265e-01
8.845248413e+02;1.396434307e-01
8.847635498e+02;1.428894550e-01
8.850023193e+02;1.383662969e-01
8.852410889e+02;1.412930489e-01
8.854798584e+02;1.379937977e-01
8.857186279e+02;1.368231028e-01
8.859573975e+02;1.390846819e-01
8.861961670e+02;1.331779808e-01
8.864349976e+02;1.317678243e-01
8.866738281e+02;1.363707930e-01
8.869126587e+02;1.353863478e-01
8.871514893e+02;1.375148892e-01
8.873903198e+02;1.366634667e-01
8.876292114e+02;1.378075629e-01
8.878680420e+02;1.341890395e-01
8.881069336e+02;1.321935356e-01
8.883458252e+02;1.316879988e-01
8.885847168e+02;1.334174424e-01
8.888236084e+02;1.312622875e-01
8.890625000e+02;1.349606365e-01
8.893014526e+02;1.324063838e-01
8.895404053e+02;1.313953251e-01
8.897793579e+02;1.295062453e-01
8.900183105e+02;1.314751506e-01
8.902572632e+02;1.287612617e-01
8.904962158e+02;1.246904209e-01
8.907352295e+02;1.279364526e-01
8.909741821e+02;1.256482601e-01
8.912131958e+02;1.296126693e-01
8.914522095e+02;1.259409338e-01
8.916912231e+02;1.309962273e-01
8.919302368e+02;1.273510903e-01
8.921693115e+02;1.300117671e-01
8.924083862e+02;1.261537969e-01
8.926473999e+02;1.282025129e-01
8.928864746e+02;1.264996827e-01
8.931255493e+02;1.313421130e-01
8.933646851e+02;1.242381036e-01
8.936037598e+02;1.256748736e-01
8.938428955e+02;1.238922179e-01
8.940819702e+02;1.267125309e-01
8.943211060e+02;1.228013411e-01
8.945602417e+02;1.185442582e-01
8.947994385e+02;1.206461862e-01
8.950385742e+02;1.201672703e-01
8.952777100e+02;1.221893802e-01
8.955169067e+02;1.216572449e-01
8.957561035e+02;1.211251095e-01
8.959953003e+02;1.174533740e-01
8.962344971e+02;1.189167500e-01
8.964737549e+02;1.198479831e-01
8.967129517e+02;1.176662296e-01
8.969522095e+02;1.192360297e-01
8.971914673e+02;1.214177832e-01
8.974307251e+02;1.185442582e-01
8.976699829e+02;1.173469499e-01
8.979092407e+02;1.138880700e-01
8.981484985e+02;1.208324358e-01
8.983878174e+02;1.189965680e-01
8.986271362e+02;1.170808822e-01
8.988664551e+02;1.142871678e-01
8.991057739e+02;1.155376881e-01
8.993450928e+02;1.110677496e-01
8.995844727e+02;1.196883470e-01
8.998237915e+02;1.146330610e-01
9.000631714e+02;1.124513075e-01
9.003025513e+02;1.106952578e-01
9.005419312e+02;1.160166115e-01
9.007813110e+02;1.163358912e-01
9.010206909e+02;1.111475751e-01
9.012601318e+02;1.148991287e-01
9.014995728e+02;1.123182699e-01
9.017390137e+02;1.079281494e-01
9.019784546e+02;1.144734174e-01
9.022178955e+02;1.123714820e-01
9.024573364e+02;1.067574546e-01
9.026968384e+02;1.113072112e-01
9.029362793e+02;1.096841991e-01
9.031757812e+02;1.105888337e-01
9.034152832e+02;1.137284264e-01
9.036547852e+02;1.065712050e-01
9.038943481e+02;1.100300848e-01
9.041338501e+02;1.070235223e-01
9.043734131e+02;1.048949808e-01
9.046129150e+02;1.064647809e-01
9.048524780e+02;1.067840606e-01
9.050920410e+02;1.086199284e-01
9.053316650e+02;1.042830274e-01
9.055712280e+02;1.062519252e-01
9.058108521e+02;1.079813689e-01
9.060504150e+02;1.063051373e-01
9.062900391e+02;1.058262214e-01
9.065296631e+02;1.061987132e-01
9.067693481e+02;1.056399718e-01
9.070089722e+02;1.101365164e-01
9.072486572e+02;1.077419072e-01
9.074882812e+02;1.050812304e-01
9.077279663e+02;1.023673341e-01
9.079676514e+02;1.035114303e-01
9.082073364e+02;1.032187566e-01
9.084470825e+02;1.021544859e-01
9.086867676e+02;9.805703908e-02
9.089265137e+02;9.944058955e-02
9.091662598e+02;9.858917445e-02
9.094060059e+02;9.765794128e-02
9.096457520e+02;1.049747989e-01
9.098854980e+02;1.025003716e-01
9.101252441e+02;1.003186181e-01
9.103650513e+02;1.006112918e-01
9.106048584e+02;9.925434738e-02
9.108446655e+02;9.861578047e-02
9.110844727e+02;9.866899252e-02
9.113242798e+02;1.001589745e-01
9.115641479e+02;1.012232453e-01
9.118039551e+02;9.957362711e-02
9.120438232e+02;9.837631881e-02
9.122836914e+02;9.755150974e-02
9.125235596e+02;9.936077148e-02
9.127634277e+02;9.494404495e-02
9.130032959e+02;9.574224800e-02
9.132432251e+02;9.451834112e-02
9.134831543e+02;9.374674410e-02
9.137230225e+02;9.103285521e-02
9.139629517e+02;9.576886147e-02
9.142029419e+02;9.196408838e-02
9.144428711e+02;9.246961772e-02
9.146828003e+02;9.241640568e-02
9.149227905e+02;9.443852305e-02
9.151627808e+02;9.257604182e-02
9.154027710e+02;9.584867954e-02
9.156427612e+02;9.254943579e-02
9.158827515e+02;9.254943579e-02
9.161228027e+02;9.230997413e-02
9.163627930e+02;9.215033799e-02
9.166028442e+02;9.161820263e-02
9.168428955e+02;8.805289119e-02
9.170829468e+02;9.249622375e-02
9.173229980e+02;9.353388846e-02
9.175631104e+02;8.895752579e-02
9.178031616e+02;9.145855904e-02
9.180432739e+02;8.890431374e-02
9.182833862e+02;8.829235286e-02
9.185234985e+02;8.576471359e-02
9.187636108e+02;8.714826405e-02
9.190037231e+02;8.877127618e-02
9.192438965e+02;8.720147610e-02
9.194840698e+02;8.629684895e-02
9.197241821e+02;8.682898432e-02
9.199643555e+02;8.837217838e-02
9.202045898e+02;8.802628517e-02
9.204447632e+02;8.831895888e-02
9.206849365e+02;8.879788220e-02
9.209251709e+02;8.440776914e-02
9.211654053e+02;8.962269127e-02
9.214056396e+02;8.725468814e-02
9.216458740e+02;8.768039942e-02
9.218861084e+02;8.172048628e-02
9.221264038e+02;8.230583370e-02
9.223666382e+02;8.219940215e-02
9.226069336e+02;8.206637204e-02
9.228472290e+02;8.440776914e-02
9.230875244e+02;8.243886381e-02
9.233278198e+02;7.892677188e-02
9.235681763e+02;8.017729223e-02
9.238084717e+02;8.203976601e-02
9.240488281e+02;8.467383683e-02
9.242891846e+02;8.156084269e-02
9.245295410e+02;8.411509544e-02
9.247698975e+02;7.844784856e-02
9.250102539e+02;8.142780513e-02
9.252506714e+02;8.025711030e-02
9.254910278e+02;7.850106061e-02
9.257314453e+02;7.980479300e-02
9.259718628e+02;7.887355983e-02
9.262122803e+02;7.948551327e-02
9.264527588e+02;8.227922767e-02
9.266931763e+02;7.594681531e-02
9.269336548e+02;8.012407273e-02
9.271741333e+02;7.666519284e-02
9.274146118e+02;7.900658995e-02
9.276550903e+02;7.695787400e-02
9.278955688e+02;7.892677188e-02
9.281360474e+02;7.895337790e-02
9.283765869e+02;7.826159894e-02
9.286171265e+02;7.820838690e-02
9.288576660e+02;7.916623354e-02
9.290982056e+02;7.690465450e-02
9.293387451e+02;7.629270107e-02
9.295792847e+02;7.506878674e-02
9.298198853e+02;7.679823041e-02
9.300604248e+02;7.403112203e-02
9.303010254e+02;7.477611303e-02
9.305416260e+02;7.246132940e-02
9.307822266e+02;7.897998393e-02
9.310228882e+02;7.222186774e-02
9.312634888e+02;7.208883017e-02
9.315041504e+02;7.113099098e-02
9.317448120e+02;7.371184230e-02
9.319854736e+02;6.969422102e-02
9.322261353e+02;6.996028870e-02
9.324667969e+02;6.921529770e-02
9.327075195e+02;7.219526172e-02
9.329481812e+02;7.405773550e-02
9.331889038e+02;7.445683330e-02
9.334296265e+02;7.065206766e-02
9.336703491e+02;7.317970693e-02
9.339110718e+02;6.684729457e-02
9.341518555e+02;7.078509778e-02
9.343925781e+02;7.150348276e-02
9.346333618e+02;6.964100897e-02
9.348741455e+02;7.368523628e-02
9.351149292e+02;7.011993229e-02
9.353557129e+02;6.948136538e-02
9.355964966e+02;6.588945538e-02
9.358373413e+02;7.014653832e-02
9.360781250e+02;7.027956843e-02
9.363189697e+02;6.458572298e-02
9.365598145e+02;6.498482078e-02
9.368006592e+02;6.511785835e-02
9.370415649e+02;6.522428244e-02
9.372824097e+02;6.405358762e-02
9.375233154e+02;6.551695615e-02
9.377642212e+02;6.546374410e-02
9.380051270e+02;6.799139082e-02
9.382460327e+02;6.631515920e-02
9.384869385e+02;6.408019364e-02
9.387278442e+02;6.642159075e-02
9.389688110e+02;6.426644325e-02
9.392097778e+02;6.538392603e-02
9.394507446e+02;6.466554105e-02
9.396917114e+02;6.094059348e-02
9.399326782e+02;6.442607939e-02
9.401736450e+02;6.168558449e-02
9.404146729e+02;6.301592290e-02
9.406556396e+02;6.136630103e-02
9.408966675e+02;6.322877854e-02
9.411376953e+02;5.764135346e-02
9.413787842e+02;6.229753792e-02
9.416198120e+02;6.165897474e-02
9.418608398e+02;6.102041528e-02
9.421019287e+02;6.086077169e-02
9.423430176e+02;5.992953479e-02
9.425841064e+02;6.016899645e-02
9.428251953e+02;5.931758136e-02
9.430662842e+02;6.102041528e-02
9.433074341e+02;5.846616253e-02
9.435485229e+02;5.766795948e-02
9.437896729e+02;5.937079340e-02
9.440308228e+02;5.976989493e-02
9.442719727e+02;5.628440902e-02
9.445131226e+02;5.934418738e-02
9.447543335e+02;5.716243386e-02
9.449954834e+02;5.617798120e-02
9.452366943e+02;5.631101504e-02
9.454779053e+02;5.514031649e-02
9.457191162e+02;5.774778128e-02
9.459603271e+02;5.407604575e-02
9.462015381e+02;5.141536891e-02
9.464428101e+02;5.301177502e-02
9.466840820e+02;5.231999978e-02
9.469252930e+02;5.665690452e-02
9.471665649e+02;5.522013828e-02
9.474078979e+02;5.710921809e-02
9.476491699e+02;5.343748257e-02
9.478904419e+02;5.694957823e-02
9.481317749e+02;5.274570733e-02
9.483731079e+02;5.577887967e-02
9.486144409e+02;5.375676602e-02
9.488557739e+02;5.431550741e-02
9.490971069e+02;4.976575077e-02
9.493384399e+02;5.067038164e-02
9.495798340e+02;5.303838104e-02
9.498212280e+02;5.011163652e-02
9.500626221e+02;5.024467036e-02
9.503040161e+02;4.928682745e-02
9.505454102e+02;5.109608918e-02
9.507868042e+02;4.923361540e-02
9.510282593e+02;5.051073804e-02
9.512697144e+02;5.160161853e-02
9.515111084e+02;4.819595069e-02
9.517525635e+02;4.979235679e-02
9.519940796e+02;4.952628911e-02
9.522355347e+02;4.808952287e-02
9.524769897e+02;4.931343347e-02
9.527185059e+02;4.872808605e-02
9.529600220e+02;5.000520870e-02
9.532015381e+02;4.803631082e-02
9.534430542e+02;4.787666723e-02
9.536845703e+02;4.936664924e-02
9.539261475e+02;4.779684916e-02
9.541676636e+02;4.646651074e-02
9.544092407e+02;4.468385503e-02
9.546508179e+02;4.479028285e-02
9.548923950e+02;4.497653246e-02
9.551339722e+02;4.707846418e-02
9.553756104e+02;4.628026113e-02
9.556171875e+02;4.234246165e-02
9.558588257e+02;4.178371653e-02
9.561004639e+02;4.569491372e-02
9.563421021e+02;4.601419345e-02
9.565837402e+02;4.314066470e-02
9.568253784e+02;4.292780906e-02
9.570670776e+02;4.266174138e-02
9.573087158e+02;4.590776935e-02
9.575504150e+02;4.588115960e-02
9.577921143e+02;4.457742721e-02
9.580338135e+02;4.093230143e-02
9.582755737e+02;4.085247964e-02
9.585172729e+02;4.351315647e-02
9.587590332e+02;4.087908939e-02
9.590007324e+02;4.114515707e-02
9.592424927e+02;4.143783078e-02
9.594843140e+02;3.965517506e-02
9.597260742e+02;4.220942780e-02
9.599678345e+02;4.042677209e-02
9.602096558e+02;4.106533527e-02
9.604514160e+02;3.856429830e-02
9.606932373e+02;3.851108626e-02
9.609350586e+02;3.906982765e-02
9.611769409e+02;4.032034427e-02
9.614187622e+02;3.968178481e-02
9.616605835e+02;4.183693230e-02
9.619024658e+02;4.095890746e-02
9.621443481e+02;3.920286149e-02
9.623862305e+02;3.989463672e-02
9.626281128e+02;3.997445852e-02
9.628699951e+02;3.906982765e-02
9.631119385e+02;3.800555691e-02
9.633538818e+02;4.002767056e-02
9.635957642e+02;3.899000585e-02
9.638377075e+02;3.334937245e-02
9.640796509e+02;3.505220637e-02
9.643216553e+02;3.654218465e-02
9.645635986e+02;3.603665531e-02
9.648056030e+02;3.537148610e-02
9.650475464e+02;3.750002757e-02
9.652895508e+02;3.664861247e-02
9.655315552e+02;3.734038770e-02
9.657735596e+02;3.672843054e-02
9.660156250e+02;3.523845226e-02
9.662576294e+02;3.819180280e-02
9.664996948e+02;3.582379967e-02
9.667417603e+02;3.861751035e-02
9.669838257e+02;3.566415980e-02
9.672258911e+02;3.539809212e-02
9.674679565e+02;3.553112596e-02
9.677100830e+02;3.414757550e-02
9.679522095e+02;3.414757550e-02
9.681942749e+02;2.989049070e-02
9.684364014e+02;3.521184623e-02
9.686785278e+02;3.241813555e-02
9.689207153e+02;3.185939044e-02
9.691628418e+02;3.271080926e-02
9.694050293e+02;3.148689866e-02
9.696471558e+02;3.295027092e-02
9.698893433e+02;3.518524021e-02
9.701315308e+02;3.138047084e-02
9.703737793e+02;3.103458136e-02
9.706159668e+02;3.414757550e-02
9.708582153e+02;3.087494150e-02
9.711004028e+02;3.161993250e-02
9.713426514e+02;3.406775370e-02
9.715848999e+02;3.340258449e-02
9.718271484e+02;3.656879067e-02
9.720694580e+02;3.300348297e-02
9.723117065e+02;3.244474158e-02
9.725540161e+02;3.154011071e-02
9.727963257e+02;3.087494150e-02
9.730386353e+02;3.305669501e-02
9.732809448e+02;3.026298620e-02
9.735232544e+02;3.055565991e-02
9.737655640e+02;3.140707687e-02
9.740079346e+02;3.076851368e-02
9.742503052e+02;3.076851368e-02
9.744926758e+02;3.151350468e-02
9.747350464e+02;2.919871546e-02
9.749774170e+02;3.268420324e-02
9.752197876e+02;2.959781699e-02
9.754622192e+02;2.930514142e-02
9.757046509e+02;3.092815541e-02
9.759470825e+02;3.191260621e-02
9.761895142e+02;3.268420324e-02
9.764319458e+02;3.239152580e-02
9.766743774e+02;2.978406474e-02
9.769168701e+02;2.965103090e-02
9.771593018e+02;2.810783684e-02
9.774017944e+02;2.778855525e-02
9.776442871e+02;2.714999393e-02
9.778867798e+02;2.683071233e-02
9.781292725e+02;2.816105075e-02
9.783718262e+02;2.760230936e-02
9.786143799e+02;2.914550155e-02
9.788568726e+02;2.595268935e-02
9.790994263e+02;2.675089240e-02
9.793419800e+02;2.712338604e-02
9.795845947e+02;2.818765678e-02
9.798271484e+02;2.874640003e-02
9.800697021e+02;2.691053227e-02
9.803123169e+02;2.475538477e-02
9.805549316e+02;2.725641988e-02
9.807975464e+02;2.861336619e-02
9.810401611e+02;2.866658010e-02
9.812828369e+02;2.528752014e-02
9.815254517e+02;2.741606161e-02
9.817681274e+02;2.677749842e-02
9.820108032e+02;2.901246771e-02
9.822534790e+02;2.550037391e-02
9.824961548e+02;2.733624168e-02
9.827388306e+02;2.730963379e-02
9.829815674e+02;2.488841861e-02
9.832242432e+02;2.542055398e-02
9.834669800e+02;2.539394610e-02
9.837097168e+02;2.672428451e-02
9.839524536e+02;2.323879860e-02
9.841951904e+02;2.472877689e-02
9.844379883e+02;2.773534320e-02
9.846807251e+02;2.371772006e-02
9.849235229e+02;2.581965551e-02
9.851663208e+02;2.523430623e-02
9.854091187e+02;2.669767849e-02
9.856519165e+02;2.515448630e-02
9.858947144e+02;2.377093397e-02
9.861375732e+02;2.390396781e-02
9.863804321e+02;2.310576476e-02
9.866232300e+02;2.523430623e-02
9.868660889e+02;2.241398767e-02
9.871089478e+02;2.201488614e-02
9.873518677e+02;2.230756171e-02
9.875947266e+02;2.403700165e-02
9.878376465e+02;2.435628325e-02
9.880805664e+02;2.126989700e-02
9.883234863e+02;2.454252914e-02
9.885664062e+02;2.307915688e-02
9.888093262e+02;2.419664152e-02
9.890522461e+02;2.475538477e-02
9.892952271e+02;2.260023542e-02
9.895382080e+02;2.318558469e-02
9.897811279e+02;2.707017399e-02
9.900241699e+02;2.358468622e-02
9.902671509e+02;2.302594297e-02
9.905101318e+02;2.233416773e-02
9.907531738e+02;2.377093397e-02
9.909961548e+02;2.339843847e-02
9.912391968e+02;2.126989700e-02
9.914822388e+02;2.092400938e-02
9.917252808e+02;2.134971693e-02
9.919683838e+02;1.970009692e-02
9.922114258e+02;2.331861854e-02
9.924545288e+02;2.201488614e-02
9.926975708e+02;1.927438937e-02
9.929406738e+02;2.395718172e-02
9.931837769e+02;2.060472779e-02
9.934269409e+02;2.100382932e-02
9.936700439e+02;2.076436765e-02
9.939132080e+02;2.238738164e-02
9.941563110e+02;2.369111404e-02
9.943994751e+02;2.228095382e-02
9.946426392e+02;2.182863839e-02
9.948858643e+02;2.134971693e-02
9.951290283e+02;1.892850175e-02
9.953721924e+02;2.201488614e-02
9.956154175e+02;2.182863839e-02
9.958586426e+02;1.759816147e-02
9.961018677e+02;1.959367096e-02
9.963450928e+02;2.025884017e-02
9.965883179e+02;2.174881846e-02
9.968316040e+02;1.924778149e-02
9.970748291e+02;1.900832169e-02
9.973181152e+02;1.924778149e-02
9.975614014e+02;1.908814162e-02
9.978046875e+02;1.890189387e-02
9.980480347e+02;2.212131396e-02
9.982913208e+02;1.911474764e-02
9.985346680e+02;2.068454772e-02
9.987779541e+02;2.111025713e-02
9.990213013e+02;2.015241235e-02
9.992646484e+02;1.988634467e-02
9.995079956e+02;1.983313076e-02
9.997514038e+02;1.948724315e-02
9.999947510e+02;1.770458929e-02
1.000238159e+03;1.714584790e-02
1.000481567e+03;1.626782306e-02
1.000724976e+03;1.956706308e-02
1.000968384e+03;1.701281406e-02
1.001211792e+03;1.741191559e-02
1.001455261e+03;1.967349090e-02
1.001698669e+03;1.767798327e-02
1.001942139e+03;1.738530770e-02
1.002185608e+03;1.597514935e-02
1.002429077e+03;1.775780320e-02
1.002672546e+03;1.919456944e-02
1.002916077e+03;1.589532942e-02
1.003159546e+03;1.951384917e-02
1.003403076e+03;1.850279234e-02
1.003646606e+03;1.884867996e-02
1.003890137e+03;1.719905995e-02
1.004133667e+03;1.743852161e-02
1.004377258e+03;1.621461101e-02
1.004620789e+03;1.637425087e-02
1.004864380e+03;1.701281406e-02
1.005107971e+03;1.467141788e-02
1.005351562e+03;1.546962094e-02
1.005595154e+03;1.602836326e-02
1.005838745e+03;1.440534927e-02
1.006082336e+03;1.632103696e-02
1.006325989e+03;1.632103696e-02
1.006569641e+03;1.544301398e-02
1.006813293e+03;1.493748557e-02
1.007056946e+03;1.578890160e-02
1.007300598e+03;1.509712543e-02
1.007544312e+03;1.818351075e-02
1.007787964e+03;1.429892238e-02
1.008031677e+03;1.863582619e-02
1.008275391e+03;1.730548777e-02
1.008519104e+03;1.536319312e-02
1.008762817e+03;1.499069855e-02
1.009006531e+03;1.565586776e-02
1.009250305e+03;1.491087861e-02
1.009494019e+03;1.501730550e-02
1.009737793e+03;1.280894317e-02
1.009981567e+03;1.517694630e-02
1.010225342e+03;1.304840483e-02
1.010469177e+03;1.368696708e-02
1.010712952e+03;1.291537005e-02
1.010956787e+03;1.419249550e-02
1.011200623e+03;1.565586776e-02
1.011444397e+03;1.453838404e-02
1.011688293e+03;1.735870168e-02
1.011932129e+03;1.679995842e-02
1.012175964e+03;1.435213629e-02
1.012419861e+03;1.557604782e-02
1.012663696e+03;1.560265478e-02
1.012907593e+03;1.576229557e-02
1.013151489e+03;1.350071933e-02
1.013395447e+03;1.459159702e-02
1.013639343e+03;1.536319312e-02
1.013883240e+03;1.230341475e-02
1.014127197e+03;1.419249550e-02
1.014371155e+03;1.110611018e-02
1.014615112e+03;1.427231543e-02
1.014859070e+03;1.384660788e-02
1.015103027e+03;1.057397481e-02
1.015347046e+03;1.523015928e-02
1.015591003e+03;1.121253707e-02
1.015835022e+03;1.315483171e-02
1.016079041e+03;1.209056098e-02
1.016323059e+03;1.538980007e-02
1.016567078e+03;1.485766470e-02
1.016811157e+03;1.517694630e-02
1.017055176e+03;1.352732629e-02
1.017299255e+03;1.219698787e-02
1.017543335e+03;1.267590933e-02
1.017787415e+03;1.256948244e-02
1.018031494e+03;1.283555012e-02
1.018275574e+03;1.225020085e-02
1.018519714e+03;1.025469322e-02
1.018763855e+03;7.434375584e-03
1.019007935e+03;1.128570526e-03
1.019252075e+03;9.689299623e-04
1.019496216e+03;-2.815883490e-04
1.019740417e+03;-3.348018799e-04
1.019984558e+03;2.505471057e-04
1.020228760e+03;9.157164022e-04
[EndOfFile]
