#Thorlabs FTS
[SpectrumHeader]
#Date;20251031
#Time;17185971
#GMTTime;20185971
#Instrument;0
#InstrModel;CCS200
#Series;0
#InterferometerSerial;M00311012
#Type;emission
#ChannelIndex;0
#XAxisUnit;nm_air
#YAxisUnit;intensity
#Average;1
#RollingAverage;0
#SpectrumSmooth;0
#SSmoothParam1;0
#SSmoothParam2;0
#SSmoothParam3;0
#SSmoothParam4;0
#IntegrationTime;20.000000
#TriggerMode;0
#AirMeasureOpt;0
#AirTemp;0.00
#AirPressure;0.00
#AirRelHum;0.00
#WnrMin;9799.037109
#WnrMax;50982.906250
#Length;3648
#Resolution;0.0000000000e+00
#ADC;0
#InstrStatus;0
#RefLaserLocked;0
#ChannelIndex;0
#AttenuationFilter;0
#Stitched;0
#ExcitationWavelength_nm;0
#SoftwareVersion;3.310000
#FirmwareVersion;
#Motor_FirmwareVersion;
#ReconstructionAlgorithms_SoftwareVersion;
#Sensor_FirmwareVersion;
#InstrSeriesIdentifier;MUN_CCS_SERIES
#RefGainIndex;0
#RefSignalInPerecent;0.0
#BBRefGainIndex;0
#BBRefSignalInPerecent;0.0
#AutogainStatus;0
#Name;
#Comment;""
#ExtComment;""
#Source;
[Data]
1.960870056e+02;2.161007142e-03
1.962940979e+02;4.019962216e-04
1.965012054e+02;2.027748851e-03
1.967083282e+02;-3.709025914e-04
1.969154510e+02;3.920018207e-03
1.971225891e+02;3.493591445e-03
1.973297424e+02;4.346445203e-03
1.975368958e+02;1.174894976e-03
1.977440643e+02;2.134355484e-03
1.979512482e+02;1.308153383e-03
1.981584320e+02;6.152096903e-04
1.983656311e+02;1.014984911e-03
1.985728455e+02;1.627973630e-03
1.987800751e+02;-4.775093112e-04
1.989873047e+02;-8.239811868e-04
1.991945496e+02;-2.209868748e-03
1.994018097e+02;-1.117149717e-03
1.996090698e+02;-5.308126565e-04
1.998163452e+02;-1.543576596e-03
2.000236359e+02;-3.709025914e-04
2.002309418e+02;7.484680973e-04
2.004382477e+02;1.148243318e-03
2.006455688e+02;9.350298787e-04
2.008528900e+02;1.041636569e-03
2.010602417e+02;7.751197554e-04
2.012675934e+02;1.921142102e-03
2.014749451e+02;1.947793760e-03
2.016823273e+02;1.681276946e-03
2.018897095e+02;1.761232037e-03
2.020971069e+02;1.014984911e-03
2.023045044e+02;1.281501725e-03
2.025119171e+02;-1.310374355e-04
2.027193451e+02;2.953894727e-04
2.029267883e+02;2.420861128e-04
2.031342316e+02;8.550747880e-04
2.033416901e+02;-4.242059367e-04
2.035491638e+02;2.154344402e-04
2.037566376e+02;6.152096903e-04
2.039641418e+02;-6.640710635e-04
2.041716309e+02;5.619063159e-04
2.043791504e+02;1.734580379e-03
2.045866699e+02;2.687377855e-04
2.047942047e+02;-5.041609984e-04
2.050017548e+02;5.352545995e-04
2.052093048e+02;3.093816107e-03
2.054168701e+02;1.121591660e-03
2.056244507e+02;1.414760132e-03
2.058320312e+02;1.414760132e-03
2.060396423e+02;2.374220639e-03
2.062472534e+02;3.466939786e-03
2.064548645e+02;2.800647635e-03
2.066624908e+02;2.214310691e-03
2.068701324e+02;1.707928604e-03
2.070777893e+02;5.885579740e-04
2.072854462e+02;6.152096903e-04
2.074931335e+02;-1.043857555e-04
2.077008057e+02;7.484680973e-04
2.079085083e+02;-7.440261543e-04
2.081162109e+02;5.352545995e-04
2.083239288e+02;1.361456816e-03
2.085316467e+02;5.352545995e-04
2.087393951e+02;1.468063565e-03
2.089471436e+02;3.486928472e-04
2.091548920e+02;2.154344402e-04
2.093626709e+02;1.334805042e-03
2.095704498e+02;1.707928604e-03
2.097782440e+02;3.040512791e-03
2.099860382e+02;1.707928604e-03
2.101938629e+02;1.734580379e-03
2.104016724e+02;1.707928604e-03
2.106095123e+02;1.388108474e-03
2.108173523e+02;3.040512791e-03
2.110252075e+02;2.320917323e-03
2.112330780e+02;1.228198409e-03
2.114409637e+02;4.286478797e-04
2.116488495e+02;-1.310374355e-04
2.118567505e+02;6.152096903e-04
2.120646515e+02;-3.442509042e-04
2.122725677e+02;1.707928604e-03
2.124804993e+02;-2.129913541e-03
2.126884460e+02;1.361456816e-03
2.128963928e+02;-1.730138436e-03
2.131043549e+02;6.418613484e-04
2.133123322e+02;5.086029414e-04
2.135203094e+02;2.773995977e-03
2.137283173e+02;-8.772845613e-04
2.139363098e+02;2.953894727e-04
2.141443329e+02;5.552433868e-05
2.143523560e+02;8.017714717e-04
2.145603943e+02;2.267614007e-03
2.147684479e+02;1.894490444e-03
2.149765015e+02;1.621310657e-04
2.151845703e+02;3.386984579e-03
2.153926544e+02;2.294265665e-03
2.156007538e+02;1.041636569e-03
2.158088531e+02;7.751197554e-04
2.160169678e+02;1.947793760e-03
2.162250824e+02;-3.442509042e-04
2.164332123e+02;1.761232037e-03
2.166413574e+02;-8.772845613e-04
2.168495178e+02;8.817265043e-04
2.170576782e+02;-1.436969847e-03
2.172658691e+02;2.134355484e-03
2.174740448e+02;5.086029414e-04
2.176822510e+02;3.753445344e-04
2.178904572e+02;-6.374194054e-04
2.180986786e+02;1.601321972e-03
2.183069000e+02;-1.310374355e-04
2.185151520e+02;1.841187011e-03
2.187234039e+02;9.350298787e-04
2.189316559e+02;1.921142102e-03
2.191399384e+02;1.468063565e-03
2.193482208e+02;3.680153051e-03
2.195565186e+02;2.427524189e-03
2.197648163e+02;2.933906158e-03
2.199731293e+02;-6.907227798e-04
2.201814575e+02;4.552995670e-04
2.203898010e+02;-2.129913541e-03
2.205981445e+02;1.014984911e-03
2.208065033e+02;-2.822857350e-03
2.210148773e+02;-1.436969847e-03
2.212232513e+02;2.134355484e-03
2.214316406e+02;-1.197104692e-03
2.216400452e+02;-9.572395938e-04
2.218484650e+02;5.352545995e-04
2.220568848e+02;2.420861128e-04
2.222653198e+02;3.253726289e-03
2.224737549e+02;1.068288228e-03
2.226822205e+02;2.214310691e-03
2.228906860e+02;2.420861128e-04
2.230991516e+02;2.667389112e-03
2.233076477e+02;1.867838786e-03
2.235161438e+02;2.880602609e-03
2.237246552e+02;3.753445344e-04
2.239331665e+02;1.201546635e-03
2.241416931e+02;5.352545995e-04
2.243502350e+02;1.814535353e-03
2.245587921e+02;2.154344402e-04
2.247673492e+02;-1.310374355e-04
2.249759216e+02;-9.838913102e-04
2.251845093e+02;-2.376441698e-04
2.253930969e+02;-9.572395938e-04
2.256017151e+02;9.350298787e-04
2.258103180e+02;2.953894727e-04
2.260189514e+02;1.574670197e-03
2.262275848e+02;1.201546635e-03
2.264362335e+02;5.619063159e-04
2.266448975e+02;1.548018539e-03
2.268535614e+02;1.414760132e-03
2.270622406e+02;1.334805042e-03
2.272709351e+02;1.707928604e-03
2.274796295e+02;9.616815369e-04
2.276883392e+02;4.106580280e-03
2.278970642e+02;9.883332532e-04
2.281058044e+02;1.574670197e-03
2.283145447e+02;1.148243318e-03
2.285233002e+02;-1.310374355e-04
2.287320557e+02;-1.063846285e-03
2.289408417e+02;2.001097193e-03
2.291496277e+02;8.817265043e-04
2.293584137e+02;1.354793931e-04
2.295672302e+02;-7.706778124e-04
2.297760468e+02;1.121591660e-03
2.299848785e+02;1.361456816e-03
2.301937103e+02;-4.775093112e-04
2.304025726e+02;2.161007142e-03
2.306114197e+02;1.334805042e-03
2.308202972e+02;1.388108474e-03
2.310291748e+02;1.974445535e-03
2.312380676e+02;1.601321972e-03
2.314469757e+02;2.214310691e-03
2.316558990e+02;3.573546419e-03
2.318648224e+02;2.827299293e-03
2.320737610e+02;3.486928472e-04
2.322826996e+02;1.148243318e-03
2.324916534e+02;1.281501725e-03
2.327006226e+02;1.574670197e-03
2.329096069e+02;-1.090498059e-03
2.331185913e+02;8.817265043e-04
2.333275909e+02;-2.642958425e-04
2.335366058e+02;1.361456816e-03
2.337456207e+02;3.220411600e-04
2.339546661e+02;1.601321972e-03
2.341636963e+02;1.014984911e-03
2.343727570e+02;1.414760132e-03
2.345818176e+02;-8.506328450e-04
2.347908936e+02;9.616815369e-04
2.349999847e+02;1.441411790e-03
2.352090759e+02;1.574670197e-03
2.354181824e+02;2.987209475e-03
2.356273041e+02;2.880602609e-03
2.358364258e+02;1.654625288e-03
2.360455627e+02;3.013861133e-03
2.362547150e+02;-5.041609984e-04
2.364638824e+02;6.951647229e-04
2.366730499e+02;2.420861128e-04
2.368822327e+02;1.281501725e-03
2.370914154e+02;3.753445344e-04
2.373006287e+02;-5.041609984e-04
2.375098419e+02;-1.143801375e-03
2.377190552e+02;1.068288228e-03
2.379282990e+02;1.887827530e-04
2.381375427e+02;1.867838786e-03
2.383468018e+02;-1.250408124e-03
2.385560608e+02;2.827299293e-03
2.387653503e+02;1.354793931e-04
2.389746246e+02;1.354793931e-04
2.391839294e+02;7.751197554e-04
2.393932343e+02;3.440288128e-03
2.396025543e+02;5.552433868e-05
2.398118896e+02;3.386984579e-03
2.400212402e+02;-2.109924826e-04
2.402305908e+02;2.694041003e-03
2.404399414e+02;5.352545995e-04
2.406493225e+02;2.001097193e-03
2.408587036e+02;8.017714717e-04
2.410681000e+02;-6.640710635e-04
2.412775116e+02;-1.037194626e-03
2.414869232e+02;2.161007142e-03
2.416963501e+02;-1.250408124e-03
2.419057922e+02;8.550747880e-04
2.421152344e+02;8.284231299e-04
2.423246918e+02;9.083781624e-04
2.425341644e+02;3.753445344e-04
2.427436371e+02;1.361456816e-03
2.429531403e+02;-3.975542495e-04
2.431626434e+02;1.761232037e-03
2.433721466e+02;3.786759917e-03
2.435816650e+02;2.267614007e-03
2.437911987e+02;1.388108474e-03
2.440007477e+02;3.307029605e-03
2.442103119e+02;-1.970003592e-03
2.444198761e+02;1.921142102e-03
2.446294403e+02;-5.841160310e-04
2.448390350e+02;1.308153383e-03
2.450486298e+02;2.420861128e-04
2.452582397e+02;8.284231299e-04
2.454678650e+02;1.354793931e-04
2.456774902e+02;2.154344402e-04
2.458871307e+02;6.951647229e-04
2.460967865e+02;7.484680973e-04
2.463064423e+02;2.747344319e-03
2.465161133e+02;6.685130647e-04
2.467257996e+02;1.308153383e-03
2.469354858e+02;2.587434137e-03
2.471451874e+02;8.017714717e-04
2.473549042e+02;5.086029414e-04
2.475646362e+02;7.484680973e-04
2.477743683e+02;1.574670197e-03
2.479841156e+02;1.654625288e-03
2.481938782e+02;2.614085795e-03
2.484036407e+02;7.484680973e-04
2.486134186e+02;2.347568981e-03
2.488232117e+02;6.951647229e-04
2.490330048e+02;1.574670197e-03
2.492428284e+02;-1.223756466e-03
2.494526367e+02;-8.239811868e-04
2.496624756e+02;-7.973295287e-04
2.498723145e+02;-3.975542495e-04
2.500821686e+02;-1.010542968e-03
2.502920380e+02;1.361456816e-03
2.505019073e+02;1.041636569e-03
2.507117920e+02;2.400872298e-03
2.509216919e+02;3.753445344e-04
2.511315918e+02;2.427524189e-03
2.513415222e+02;9.616815369e-04
2.515514374e+02;7.218163810e-04
2.517613831e+02;-2.909475297e-04
2.519713287e+02;1.281501725e-03
2.521812897e+02;2.107703825e-03
2.523912659e+02;-7.440261543e-04
2.526012421e+02;2.161007142e-03
2.528112335e+02;1.681276946e-03
2.530212402e+02;1.254850067e-03
2.532312469e+02;1.947793760e-03
2.534412689e+02;1.867838786e-03
2.536513062e+02;-1.330363099e-03
2.538613586e+02;-1.863396843e-03
2.540714111e+02;1.621310657e-04
2.542814789e+02;6.152096903e-04
2.544915466e+02;1.521366881e-03
2.547016449e+02;-2.642958425e-04
2.549117432e+02;7.218163810e-04
2.551218567e+02;6.152096903e-04
2.553319702e+02;9.350298787e-04
2.555420990e+02;2.154344402e-04
2.557522430e+02;4.266490228e-03
2.559623871e+02;1.894490444e-03
2.561725464e+02;1.734580379e-03
2.563827209e+02;8.817265043e-04
2.565928955e+02;3.013861133e-03
2.568031006e+02;-1.277059782e-03
2.570133057e+02;6.152096903e-04
2.572235107e+02;-2.129913541e-03
2.574337463e+02;5.086029414e-04
2.576439819e+02;-5.108239202e-05
2.578542480e+02;-3.975542495e-04
2.580644836e+02;3.220411600e-04
2.582747498e+02;5.885579740e-04
2.584850464e+02;-9.305879357e-04
2.586953430e+02;1.787883695e-03
2.589056396e+02;-1.090498059e-03
2.591159363e+02;7.751197554e-04
2.593262634e+02;-5.041609984e-04
2.595365906e+02;2.374220639e-03
2.597469482e+02;1.654625288e-03
2.599573059e+02;3.520243103e-03
2.601676636e+02;7.484680973e-04
2.603780212e+02;2.187659033e-03
2.605884094e+02;-2.642958425e-04
2.607988281e+02;-2.109924826e-04
2.610092163e+02;-1.043857555e-04
2.612196350e+02;-7.973295287e-04
2.614300842e+02;3.486928472e-04
2.616405029e+02;-6.907227798e-04
2.618509521e+02;-2.503037220e-03
2.620614319e+02;1.121591660e-03
2.622718811e+02;-4.508576239e-04
2.624823608e+02;3.200422972e-03
2.626928711e+02;1.468063565e-03
2.629033508e+02;1.707928604e-03
2.631138916e+02;-2.529688878e-03
2.633244019e+02;2.953894727e-04
2.635349426e+02;9.083781624e-04
2.637454834e+02;1.148243318e-03
2.639560242e+02;2.240962349e-03
2.641665955e+02;2.454175847e-03
2.643771973e+02;1.548018539e-03
2.645877686e+02;1.494715223e-03
2.647983704e+02;-2.642958425e-04
2.650089722e+02;2.107703825e-03
2.652196045e+02;8.017714717e-04
2.654302368e+02;4.019962216e-04
2.656408691e+02;-2.263172064e-03
2.658515320e+02;2.853950951e-03
2.660621948e+02;6.685130647e-04
2.662728577e+02;3.220411600e-04
2.664835510e+02;3.753445344e-04
2.666942444e+02;1.494715223e-03
2.669049377e+02;-3.442509042e-04
2.671156616e+02;2.827299293e-03
2.673263855e+02;4.019962216e-04
2.675371094e+02;1.228198409e-03
2.677478638e+02;9.083781624e-04
2.679586182e+02;1.414760132e-03
2.681694031e+02;1.388108474e-03
2.683801575e+02;8.817265043e-04
2.685909729e+02;2.420861128e-04
2.688017578e+02;5.619063159e-04
2.690125732e+02;7.751197554e-04
2.692233887e+02;-2.443070844e-05
2.694342346e+02;3.486928472e-04
2.696450806e+02;1.894490444e-03
2.698559265e+02;-1.117149717e-03
2.700667725e+02;1.094940002e-03
2.702776489e+02;1.441411790e-03
2.704885559e+02;1.654625288e-03
2.706994324e+02;-5.108239202e-05
2.709103394e+02;2.953894727e-04
2.711212769e+02;1.621310657e-04
2.713321838e+02;1.414760132e-03
2.715431213e+02;2.374220639e-03
2.717540894e+02;2.294265665e-03
2.719650269e+02;-9.838913102e-04
2.721760254e+02;3.200422972e-03
2.723869934e+02;2.161007142e-03
2.725979919e+02;2.853950951e-03
2.728089905e+02;8.550747880e-04
2.730199890e+02;1.201546635e-03
2.732310181e+02;2.953894727e-04
2.734420471e+02;1.468063565e-03
2.736531067e+02;1.361456816e-03
2.738641663e+02;8.284231299e-04
2.740752258e+02;-2.556340536e-03
2.742862854e+02;-7.773407560e-05
2.744973755e+02;5.619063159e-04
2.747084961e+02;4.819512542e-04
2.749195862e+02;1.281501725e-03
2.751307068e+02;1.228198409e-03
2.753418274e+02;8.817265043e-04
2.755529785e+02;3.173771081e-03
2.757641296e+02;1.654625288e-03
2.759752808e+02;-5.108239202e-05
2.761864624e+02;1.334805042e-03
2.763976440e+02;1.121591660e-03
2.766088562e+02;3.486928472e-04
2.768200378e+02;1.887827530e-04
2.770312500e+02;-5.041609984e-04
2.772424927e+02;-8.239811868e-04
2.774537354e+02;-2.289823722e-03
2.776649780e+02;2.267614007e-03
2.778762207e+02;-2.023306908e-03
2.780874939e+02;-5.574643728e-04
2.782987671e+02;-1.650183345e-03
2.785100708e+02;1.761232037e-03
2.787213745e+02;-6.907227798e-04
2.789326782e+02;1.707928604e-03
2.791439819e+02;1.414760132e-03
2.793553162e+02;6.152096903e-04
2.795666504e+02;1.681276946e-03
2.797780151e+02;2.694041003e-03
2.799893799e+02;2.400872298e-03
2.802007446e+02;2.933906158e-03
2.804121399e+02;3.753445344e-04
2.806235352e+02;1.841187011e-03
2.808349304e+02;1.574670197e-03
2.810463562e+02;7.218163810e-04
2.812577820e+02;-9.039362194e-04
2.814692078e+02;1.414760132e-03
2.816806641e+02;-4.242059367e-04
2.818921204e+02;-1.037194626e-03
2.821036072e+02;1.354793931e-04
2.823150635e+02;-7.973295287e-04
2.825265808e+02;5.619063159e-04
2.827380676e+02;-1.330363099e-03
2.829495850e+02;1.494715223e-03
2.831611023e+02;2.240962349e-03
2.833726501e+02;8.284231299e-04
2.835841675e+02;1.841187011e-03
2.837957458e+02;2.880602609e-03
2.840072937e+02;1.867838786e-03
2.842188721e+02;-1.310374355e-04
2.844304504e+02;-9.305879357e-04
2.846420593e+02;-1.043857555e-04
2.848536682e+02;7.218163810e-04
2.850652771e+02;-1.863396843e-03
2.852769165e+02;5.619063159e-04
2.854885559e+02;-3.709025914e-04
2.857001953e+02;1.174894976e-03
2.859118652e+02;-1.223756466e-03
2.861235352e+02;9.350298787e-04
2.863352051e+02;-3.709025914e-04
2.865469055e+02;1.361456816e-03
2.867586060e+02;-5.841160310e-04
2.869703064e+02;1.201546635e-03
2.871820374e+02;2.154344402e-04
2.873937683e+02;2.694041003e-03
2.876055298e+02;4.552995670e-04
2.878172913e+02;3.440288128e-03
2.880290527e+02;1.841187011e-03
2.882408142e+02;9.616815369e-04
2.884526062e+02;-1.277059782e-03
2.886643982e+02;2.214310691e-03
2.888762207e+02;5.552433868e-05
2.890880432e+02;4.286478797e-04
2.892998657e+02;-8.506328450e-04
2.895116882e+02;8.550747880e-04
2.897235413e+02;3.220411600e-04
2.899354248e+02;1.441411790e-03
2.901472778e+02;1.601321972e-03
2.903591614e+02;-9.305879357e-04
2.905710754e+02;1.014984911e-03
2.907829590e+02;1.574670197e-03
2.909948730e+02;-5.308126565e-04
2.912068176e+02;1.814535353e-03
2.914187317e+02;4.106580280e-03
2.916306763e+02;3.173771081e-03
2.918426514e+02;5.352545995e-04
2.920546265e+02;4.506355152e-03
2.922666016e+02;1.068288228e-03
2.924785767e+02;1.088277058e-04
2.926905823e+02;4.552995670e-04
2.929025879e+02;2.987209475e-03
2.931146240e+02;-2.049958566e-03
2.933266296e+02;1.281501725e-03
2.935386963e+02;-1.843408099e-04
2.937507324e+02;8.217601862e-05
2.939627991e+02;-2.909475297e-04
2.941748657e+02;-2.443070844e-05
2.943869629e+02;-1.843408099e-04
2.945990601e+02;1.041636569e-03
2.948111572e+02;1.014984911e-03
2.950232849e+02;-2.109924826e-04
2.952354126e+02;2.420861128e-04
2.954475403e+02;2.001097193e-03
2.956596680e+02;9.616815369e-04
2.958718262e+02;2.960557817e-03
2.960840149e+02;1.707928604e-03
2.962962036e+02;-2.909475297e-04
2.965083923e+02;1.761232037e-03
2.967205811e+02;7.484680973e-04
2.969328003e+02;-6.640710635e-04
2.971450195e+02;6.951647229e-04
2.973572388e+02;-1.063846285e-03
2.975694885e+02;1.574670197e-03
2.977817383e+02;-3.175992169e-04
2.979940186e+02;2.507479163e-03
2.982062683e+02;-9.838913102e-04
2.984185791e+02;-2.443070844e-05
2.986308594e+02;4.552995670e-04
2.988431702e+02;8.550747880e-04
2.990554810e+02;2.320917323e-03
2.992678223e+02;1.441411790e-03
2.994801636e+02;6.418613484e-04
2.996925049e+02;1.947793760e-03
2.999048462e+02;1.361456816e-03
3.001172180e+02;1.334805042e-03
3.003296204e+02;2.800647635e-03
3.005419922e+02;4.819512542e-04
3.007543945e+02;7.218163810e-04
3.009668274e+02;1.088277058e-04
3.011792297e+02;5.619063159e-04
3.013916626e+02;1.887827530e-04
3.016041260e+02;-8.239811868e-04
3.018165588e+02;-1.310374355e-04
3.020290222e+02;8.550747880e-04
3.022415161e+02;1.894490444e-03
3.024539795e+02;8.550747880e-04
3.026665039e+02;9.616815369e-04
3.028789978e+02;-2.109924826e-04
3.030915222e+02;-7.773407560e-05
3.033040466e+02;2.687377855e-04
3.035165710e+02;2.347568981e-03
3.037291260e+02;7.751197554e-04
3.039416809e+02;4.346445203e-03
3.041542664e+02;3.220411600e-04
3.043668518e+02;2.054400509e-03
3.045794373e+02;2.454175847e-03
3.047920532e+02;1.601321972e-03
3.050046387e+02;-8.506328450e-04
3.052172852e+02;5.352545995e-04
3.054299011e+02;9.350298787e-04
3.056425476e+02;1.148243318e-03
3.058552246e+02;2.953894727e-04
3.060678711e+02;-7.773407560e-05
3.062805481e+02;-7.440261543e-04
3.064932556e+02;-9.305879357e-04
3.067059326e+02;1.068288228e-03
3.069186401e+02;-4.775093112e-04
3.071313782e+02;7.218163810e-04
3.073440857e+02;1.627973630e-03
3.075568237e+02;1.468063565e-03
3.077695923e+02;2.400872298e-03
3.079823608e+02;-1.063846285e-03
3.081951294e+02;2.800647635e-03
3.084078979e+02;2.720692661e-03
3.086206970e+02;6.685130647e-04
3.088334961e+02;2.560782479e-03
3.090463257e+02;1.707928604e-03
3.092591248e+02;1.621310657e-04
3.094719849e+02;8.550747880e-04
3.096848145e+02;-2.742902376e-03
3.098976746e+02;2.747344319e-03
3.101105347e+02;-6.640710635e-04
3.103234253e+02;1.354793931e-04
3.105363159e+02;-7.173744380e-04
3.107492065e+02;6.951647229e-04
3.109621277e+02;1.068288228e-03
3.111750183e+02;1.254850067e-03
3.113879700e+02;1.068288228e-03
3.116008911e+02;4.286478797e-04
3.118138428e+02;1.228198409e-03
3.120268250e+02;3.946669865e-03
3.122397766e+02;4.266490228e-03
3.124527588e+02;1.814535353e-03
3.126657715e+02;1.548018539e-03
3.128787842e+02;3.040512791e-03
3.130917969e+02;-1.037194626e-03
3.133048096e+02;4.286478797e-04
3.135178528e+02;-2.909475297e-04
3.137308960e+02;3.753445344e-04
3.139439392e+02;7.218163810e-04
3.141570129e+02;-1.890048501e-03
3.143700867e+02;3.486928472e-04
3.145831909e+02;1.361456816e-03
3.147962952e+02;-5.041609984e-04
3.150093994e+02;4.819512542e-04
3.152225037e+02;-5.308126565e-04
3.154356384e+02;1.947793760e-03
3.156487732e+02;2.081052167e-03
3.158619385e+02;2.027748851e-03
3.160751038e+02;3.227074631e-03
3.162882690e+02;2.161007142e-03
3.165014648e+02;1.761232037e-03
3.167146606e+02;2.054400509e-03
3.169278564e+02;1.228198409e-03
3.171410828e+02;1.921142102e-03
3.173543091e+02;2.134355484e-03
3.175675354e+02;-5.574643728e-04
3.177807922e+02;-2.956115874e-03
3.179940491e+02;-5.108239202e-05
3.182073059e+02;-3.442509042e-04
3.184205933e+02;1.068288228e-03
3.186338806e+02;-2.642958425e-04
3.188471680e+02;1.621310657e-04
3.190604858e+02;9.616815369e-04
3.192738037e+02;3.753445344e-04
3.194871521e+02;5.352545995e-04
3.197004700e+02;2.187659033e-03
3.199138184e+02;1.388108474e-03
3.201271973e+02;3.120467765e-03
3.203405762e+02;1.867838786e-03
3.205539551e+02;3.653501393e-03
3.207673340e+02;2.454175847e-03
3.209807434e+02;7.484680973e-04
3.211941833e+02;-6.907227798e-04
3.214075928e+02;-3.975542495e-04
3.216210327e+02;-4.508576239e-04
3.218344727e+02;1.521366881e-03
3.220479431e+02;-1.310374355e-04
3.222614136e+02;-1.843408099e-04
3.224748840e+02;1.621310657e-04
3.226883850e+02;-1.543576596e-03
3.229018860e+02;7.484680973e-04
3.231153870e+02;1.734580379e-03
3.233289185e+02;9.883332532e-04
3.235424500e+02;3.307029605e-03
3.237559814e+02;1.621310657e-04
3.239695435e+02;2.614085795e-03
3.241831055e+02;1.947793760e-03
3.243966675e+02;1.548018539e-03
3.246102600e+02;1.654625288e-03
3.248238525e+02;2.374220639e-03
3.250374451e+02;2.347568981e-03
3.252510681e+02;1.361456816e-03
3.254646912e+02;1.601321972e-03
3.256783447e+02;1.867838786e-03
3.258919983e+02;1.088277058e-04
3.261056519e+02;-1.596880029e-03
3.263193054e+02;-7.173744380e-04
3.265329895e+02;-1.570228254e-03
3.267466736e+02;-4.242059367e-04
3.269603882e+02;3.753445344e-04
3.271741028e+02;1.361456816e-03
3.273878174e+02;2.107703825e-03
3.276015625e+02;-2.909475297e-04
3.278152771e+02;5.086029414e-04
3.280290527e+02;1.681276946e-03
3.282427979e+02;3.493591445e-03
3.284565735e+02;3.360332921e-03
3.286703796e+02;1.621310657e-04
3.288841553e+02;3.280377947e-03
3.290979614e+02;2.694041003e-03
3.293117981e+02;1.014984911e-03
3.295256042e+02;2.420861128e-04
3.297394409e+02;-2.423082246e-03
3.299533081e+02;2.294265665e-03
3.301671448e+02;8.217601862e-05
3.303810425e+02;3.753445344e-04
3.305949097e+02;-1.303711440e-03
3.308088074e+02;-8.506328450e-04
3.310227051e+02;1.894490444e-03
3.312366028e+02;-2.642958425e-04
3.314505310e+02;2.667389112e-03
3.316644592e+02;1.841187011e-03
3.318784180e+02;-5.108239202e-05
3.320923767e+02;6.685130647e-04
3.323063354e+02;1.787883695e-03
3.325202942e+02;1.947793760e-03
3.327342834e+02;1.974445535e-03
3.329482727e+02;7.484680973e-04
3.331622925e+02;1.228198409e-03
3.333763123e+02;5.279254168e-03
3.335903320e+02;3.220411600e-04
3.338043823e+02;1.121591660e-03
3.340184326e+02;4.819512542e-04
3.342324829e+02;-7.440261543e-04
3.344465332e+02;1.068288228e-03
3.346606140e+02;2.420861128e-04
3.348747253e+02;9.616815369e-04
3.350888062e+02;-2.443070844e-05
3.353029175e+02;1.354793931e-04
3.355170593e+02;-2.909475297e-04
3.357311707e+02;1.354793931e-04
3.359453125e+02;-4.775093112e-04
3.361594849e+02;1.921142102e-03
3.363736572e+02;2.134355484e-03
3.365878296e+02;8.817265043e-04
3.368020020e+02;2.587434137e-03
3.370162048e+02;9.616815369e-04
3.372304077e+02;2.454175847e-03
3.374446106e+02;2.054400509e-03
3.376588440e+02;-4.775093112e-04
3.378730774e+02;-9.838913102e-04
3.380873413e+02;3.753445344e-04
3.383016052e+02;-1.436969847e-03
3.385158691e+02;2.220973556e-06
3.387301331e+02;-2.023306908e-03
3.389444275e+02;1.334805042e-03
3.391587524e+02;2.560782479e-03
3.393730469e+02;2.773995977e-03
3.395873718e+02;5.885579740e-04
3.398016968e+02;6.685130647e-04
3.400160522e+02;-5.574643728e-04
3.402304077e+02;1.707928604e-03
3.404447632e+02;-1.410318189e-03
3.406591492e+02;1.254850067e-03
3.408735352e+02;1.174894976e-03
3.410879211e+02;4.026624840e-03
3.413023376e+02;2.240962349e-03
3.415167542e+02;4.079928622e-03
3.417311707e+02;1.148243318e-03
3.419456177e+02;1.361456816e-03
3.421600647e+02;2.687377855e-04
3.423745117e+02;5.619063159e-04
3.425889893e+02;-5.841160310e-04
3.428034668e+02;2.081052167e-03
3.430179443e+02;4.286478797e-04
3.432324524e+02;-1.277059782e-03
3.434469604e+02;9.083781624e-04
3.436614990e+02;5.552433868e-05
3.438760376e+02;3.486928472e-04
3.440905762e+02;2.267614007e-03
3.443051147e+02;7.751197554e-04
3.445196838e+02;4.552995670e-04
3.447342529e+02;2.107703825e-03
3.449488525e+02;1.334805042e-03
3.451634521e+02;1.974445535e-03
3.453780518e+02;2.240962349e-03
3.455926514e+02;-9.572395938e-04
3.458072815e+02;1.361456816e-03
3.460219116e+02;2.220973556e-06
3.462365723e+02;1.308153383e-03
3.464512329e+02;-1.143801375e-03
3.466658936e+02;-2.909475297e-04
3.468805847e+02;4.286478797e-04
3.470952759e+02;-3.442509042e-04
3.473099670e+02;-5.308126565e-04
3.475246887e+02;3.220411600e-04
3.477394104e+02;1.707928604e-03
3.479541321e+02;1.921142102e-03
3.481688843e+02;6.951647229e-04
3.483836365e+02;3.893366549e-03
3.485983887e+02;1.414760132e-03
3.488131714e+02;1.681276946e-03
3.490279541e+02;2.560782479e-03
3.492427673e+02;1.494715223e-03
3.494575500e+02;4.319793545e-03
3.496723633e+02;1.494715223e-03
3.498872070e+02;-7.440261543e-04
3.501020508e+02;3.760108259e-03
3.503168945e+02;-1.010542968e-03
3.505317383e+02;-1.223756466e-03
3.507466125e+02;-1.490273280e-03
3.509614868e+02;-3.975542495e-04
3.511763916e+02;-1.170453033e-03
3.513912964e+02;2.614085795e-03
3.516062012e+02;-1.843408099e-04
3.518211060e+02;-2.909475297e-04
3.520360413e+02;1.894490444e-03
3.522509766e+02;2.081052167e-03
3.524659424e+02;1.887827530e-04
3.526809082e+02;2.747344319e-03
3.528958740e+02;1.627973630e-03
3.531108704e+02;9.083781624e-04
3.533258667e+02;6.951647229e-04
3.535408630e+02;3.200422972e-03
3.537558899e+02;1.574670197e-03
3.539709167e+02;3.893366549e-03
3.541859436e+02;6.418613484e-04
3.544010010e+02;-9.305879357e-04
3.546160583e+02;-8.239811868e-04
3.548311157e+02;1.388108474e-03
3.550462036e+02;1.734580379e-03
3.552612915e+02;1.734580379e-03
3.554763794e+02;5.619063159e-04
3.556914978e+02;-1.570228254e-03
3.559066162e+02;-1.330363099e-03
3.561217651e+02;1.014984911e-03
3.563368835e+02;8.284231299e-04
3.565520325e+02;5.352545995e-04
3.567672119e+02;-2.376441698e-04
3.569823914e+02;2.933906158e-03
3.571975708e+02;1.627973630e-03
3.574127502e+02;1.814535353e-03
3.576279602e+02;2.640737453e-03
3.578431702e+02;1.654625288e-03
3.580584106e+02;9.883332532e-04
3.582736511e+02;4.286478797e-04
3.584888916e+02;3.486928472e-04
3.587041626e+02;2.480827505e-03
3.589194031e+02;-1.650183345e-03
3.591347046e+02;2.154344402e-04
3.593499756e+02;-1.596880029e-03
3.595652771e+02;1.787883695e-03
3.597806091e+02;-3.442509042e-04
3.599959106e+02;-8.239811868e-04
3.602112427e+02;-2.049958566e-03
3.604265747e+02;-1.843408099e-04
3.606419373e+02;1.894490444e-03
3.608572998e+02;1.254850067e-03
3.610726624e+02;5.885579740e-04
3.612880554e+02;4.213186912e-03
3.615034485e+02;1.228198409e-03
3.617188416e+02;1.601321972e-03
3.619342651e+02;1.174894976e-03
3.621496887e+02;2.454175847e-03
3.623651428e+02;5.086029414e-04
3.625805664e+02;1.494715223e-03
3.627960510e+02;-1.170453033e-03
3.630115051e+02;1.228198409e-03
3.632269897e+02;-1.010542968e-03
3.634424744e+02;1.094940002e-03
3.636579590e+02;1.621310657e-04
3.638734741e+02;1.014984911e-03
3.640889893e+02;-1.117149717e-03
3.643045349e+02;5.885579740e-04
3.645200806e+02;1.621310657e-04
3.647356262e+02;2.853950951e-03
3.649511719e+02;1.867838786e-03
3.651667480e+02;2.480827505e-03
3.653823242e+02;5.552433868e-05
3.655979309e+02;1.094940002e-03
3.658135376e+02;1.574670197e-03
3.660291443e+02;1.441411790e-03
3.662447815e+02;-5.108239202e-05
3.664604187e+02;2.507479163e-03
3.666760559e+02;2.220973556e-06
3.668917236e+02;2.887265691e-05
3.671073914e+02;-1.117149717e-03
3.673230591e+02;-9.572395938e-04
3.675387268e+02;-1.570228254e-03
3.677544250e+02;-1.090498059e-03
3.679701538e+02;-6.640710635e-04
3.681858826e+02;7.484680973e-04
3.684016113e+02;2.534130821e-03
3.686173401e+02;8.550747880e-04
3.688330994e+02;-5.108239202e-05
3.690488586e+02;2.953894727e-04
3.692646179e+02;2.560782479e-03
3.694804077e+02;1.281501725e-03
3.696961975e+02;2.027748851e-03
3.699119873e+02;7.484680973e-04
3.701278076e+02;3.653501393e-03
3.703436279e+02;3.333681263e-03
3.705594788e+02;-3.709025914e-04
3.707752991e+02;2.560782479e-03
3.709911804e+02;1.254850067e-03
3.712070312e+02;-2.109924826e-04
3.714229126e+02;-7.173744380e-04
3.716387939e+02;2.953894727e-04
3.718547058e+02;-2.103261882e-03
3.720706177e+02;5.086029414e-04
3.722865295e+02;1.621310657e-04
3.725024414e+02;-5.574643728e-04
3.727183838e+02;-5.308126565e-04
3.729343262e+02;1.121591660e-03
3.731502991e+02;1.388108474e-03
3.733662720e+02;3.733456600e-03
3.735822449e+02;2.161007142e-03
3.737982483e+02;2.827299293e-03
3.740142517e+02;2.107703825e-03
3.742302551e+02;1.974445535e-03
3.744462891e+02;1.761232037e-03
3.746623230e+02;2.187659033e-03
3.748783569e+02;2.687377855e-04
3.750944214e+02;1.388108474e-03
3.753104858e+02;8.550747880e-04
3.755265503e+02;2.687377855e-04
3.757426453e+02;4.019962216e-04
3.759587402e+02;-1.410318189e-03
3.761748352e+02;-1.170453033e-03
3.763909607e+02;1.068288228e-03
3.766070862e+02;-8.772845613e-04
3.768232117e+02;1.621310657e-04
3.770393677e+02;9.616815369e-04
3.772555237e+02;1.814535353e-03
3.774717102e+02;6.951647229e-04
3.776878662e+02;1.867838786e-03
3.779040833e+02;2.587434137e-03
3.781202698e+02;2.054400509e-03
3.783364868e+02;8.284231299e-04
3.785527039e+02;1.548018539e-03
3.787689514e+02;-6.907227798e-04
3.789851685e+02;4.373096861e-03
3.792014465e+02;1.068288228e-03
3.794176941e+02;7.484680973e-04
3.796339722e+02;-1.170453033e-03
3.798502502e+02;-4.242059367e-04
3.800665588e+02;-6.907227798e-04
3.802828674e+02;-2.909475297e-04
3.804991760e+02;-2.909475297e-04
3.807154846e+02;1.334805042e-03
3.809318237e+02;-5.841160310e-04
3.811481934e+02;2.454175847e-03
3.813645325e+02;2.560782479e-03
3.815809021e+02;1.414760132e-03
3.817973022e+02;1.361456816e-03
3.820136719e+02;3.520243103e-03
3.822300720e+02;8.550747880e-04
3.824465027e+02;2.187659033e-03
3.826629028e+02;3.220411600e-04
3.828793335e+02;3.626849735e-03
3.830957947e+02;5.552433868e-05
3.833122253e+02;3.227074631e-03
3.835286865e+02;2.154344402e-04
3.837451782e+02;-3.175992169e-04
3.839616394e+02;-3.175992169e-04
3.841781616e+02;2.747344319e-03
3.843946533e+02;5.352545995e-04
3.846111755e+02;8.217601862e-05
3.848276978e+02;-1.010542968e-03
3.850442200e+02;-2.443070844e-05
3.852607727e+02;1.887827530e-04
3.854773254e+02;4.026624840e-03
3.856939087e+02;1.707928604e-03
3.859104614e+02;2.747344319e-03
3.861270752e+02;2.107703825e-03
3.863436584e+02;1.068288228e-03
3.865602722e+02;2.081052167e-03
3.867768860e+02;1.441411790e-03
3.869935303e+02;2.027748851e-03
3.872101746e+02;4.552995670e-04
3.874268188e+02;1.734580379e-03
3.876434631e+02;8.017714717e-04
3.878601379e+02;5.885579740e-04
3.880768127e+02;1.814535353e-03
3.882935181e+02;-8.239811868e-04
3.885102234e+02;-7.706778124e-04
3.887269287e+02;-1.063846285e-03
3.889436646e+02;9.883332532e-04
3.891604004e+02;1.681276946e-03
3.893771362e+02;3.753445344e-04
3.895939026e+02;-8.239811868e-04
3.898106689e+02;4.819512542e-04
3.900274353e+02;-2.642958425e-04
3.902442322e+02;1.521366881e-03
3.904610291e+02;1.354793931e-04
3.906778259e+02;2.134355484e-03
3.908946533e+02;4.286478797e-04
3.911114807e+02;3.440288128e-03
3.913283081e+02;4.819512542e-04
3.915451660e+02;1.574670197e-03
3.917620239e+02;-1.410318189e-03
3.919788818e+02;8.550747880e-04
3.921957703e+02;5.619063159e-04
3.924126587e+02;9.350298787e-04
3.926295776e+02;1.014984911e-03
3.928464661e+02;2.187659033e-03
3.930634155e+02;-1.576891227e-04
3.932803345e+02;1.814535353e-03
3.934972839e+02;3.753445344e-04
3.937142334e+02;2.320917323e-03
3.939311829e+02;4.552995670e-04
3.941481628e+02;1.921142102e-03
3.943651428e+02;3.386984579e-03
3.945821533e+02;1.068288228e-03
3.947991638e+02;2.427524189e-03
3.950161743e+02;3.840063233e-03
3.952332153e+02;2.427524189e-03
3.954502258e+02;3.227074631e-03
3.956672974e+02;6.418613484e-04
3.958843384e+02;2.880602609e-03
3.961014099e+02;-9.039362194e-04
3.963184814e+02;4.819512542e-04
3.965355835e+02;1.574670197e-03
3.967526855e+02;1.414760132e-03
3.969697876e+02;-1.596880029e-03
3.971869202e+02;1.088277058e-04
3.974040527e+02;9.616815369e-04
3.976211853e+02;6.685130647e-04
3.978383484e+02;-1.810093410e-03
3.980555115e+02;2.587434137e-03
3.982726746e+02;-4.775093112e-04
3.984898682e+02;1.601321972e-03
3.987070618e+02;8.017714717e-04
3.989242554e+02;1.414760132e-03
3.991414795e+02;1.574670197e-03
3.993587036e+02;3.253726289e-03
3.995759277e+02;1.707928604e-03
3.997931824e+02;1.947793760e-03
4.000104370e+02;2.027748851e-03
4.002276917e+02;1.947793760e-03
4.004449768e+02;2.614085795e-03
4.006622620e+02;-5.108239202e-05
4.008795776e+02;-1.043857555e-04
4.010968933e+02;-7.706778124e-04
4.013142090e+02;-3.175992169e-04
4.015315247e+02;-1.650183345e-03
4.017488708e+02;1.621310657e-04
4.019662170e+02;1.088277058e-04
4.021835938e+02;-5.108239202e-05
4.024009399e+02;2.374220639e-03
4.026183472e+02;3.753445344e-04
4.028357239e+02;2.427524189e-03
4.030531311e+02;4.286478797e-04
4.032705383e+02;3.307029605e-03
4.034879761e+02;3.093816107e-03
4.037054138e+02;2.374220639e-03
4.039228516e+02;8.550747880e-04
4.041402893e+02;1.388108474e-03
4.043577576e+02;2.480827505e-03
4.045752563e+02;1.228198409e-03
4.047927246e+02;8.550747880e-04
4.050102234e+02;-4.242059367e-04
4.052277222e+02;4.019962216e-04
4.054452515e+02;-4.775093112e-04
4.056627808e+02;-8.772845613e-04
4.058803101e+02;1.334805042e-03
4.060978699e+02;9.083781624e-04
4.063154297e+02;-2.443070844e-05
4.065329895e+02;1.354793931e-04
4.067505798e+02;4.019962216e-04
4.069681702e+02;1.707928604e-03
4.071857605e+02;1.041636569e-03
4.074033813e+02;2.240962349e-03
4.076210022e+02;1.228198409e-03
4.078386230e+02;2.640737453e-03
4.080562744e+02;1.468063565e-03
4.082739258e+02;1.228198409e-03
4.084915771e+02;-9.039362194e-04
4.087092590e+02;5.885579740e-04
4.089269409e+02;-1.596880029e-03
4.091446533e+02;-1.170453033e-03
4.093623352e+02;2.953894727e-04
4.095800781e+02;-1.223756466e-03
4.097977905e+02;-1.970003592e-03
4.100155334e+02;8.817265043e-04
4.102332764e+02;-1.843408099e-04
4.104510193e+02;1.068288228e-03
4.106687927e+02;-1.310374355e-04
4.108865662e+02;1.388108474e-03
4.111043701e+02;5.086029414e-04
4.113221741e+02;9.883332532e-04
4.115399780e+02;1.761232037e-03
4.117577820e+02;2.320917323e-03
4.119756165e+02;2.454175847e-03
4.121934509e+02;2.267614007e-03
4.124113159e+02;4.819512542e-04
4.126291809e+02;1.361456816e-03
4.128470459e+02;-1.303711440e-03
4.130649414e+02;2.400872298e-03
4.132828369e+02;-7.973295287e-04
4.135007324e+02;-6.374194054e-04
4.137186279e+02;-4.775093112e-04
4.139365540e+02;1.734580379e-03
4.141545105e+02;-2.129913541e-03
4.143724365e+02;-3.709025914e-04
4.145903931e+02;-4.242059367e-04
4.148083801e+02;1.121591660e-03
4.150263367e+02;6.152096903e-04
4.152443237e+02;8.550747880e-04
4.154623413e+02;8.817265043e-04
4.156803284e+02;4.053276498e-03
4.158983459e+02;2.400872298e-03
4.161163940e+02;1.921142102e-03
4.163344116e+02;4.799523856e-03
4.165524597e+02;2.587434137e-03
4.167705383e+02;3.333681263e-03
4.169885864e+02;2.480827505e-03
4.172066650e+02;3.626849735e-03
4.174247742e+02;-4.242059367e-04
4.176428833e+02;9.616815369e-04
4.178609924e+02;3.440288128e-03
4.180791016e+02;-3.975542495e-04
4.182972412e+02;1.088277058e-04
4.185153809e+02;1.621310657e-04
4.187335205e+02;6.951647229e-04
4.189516907e+02;1.494715223e-03
4.191698608e+02;1.441411790e-03
4.193880615e+02;5.885579740e-04
4.196062622e+02;2.827299293e-03
4.198244629e+02;1.814535353e-03
4.200426636e+02;4.506355152e-03
4.202608948e+02;4.319793545e-03
4.204791260e+02;7.544646971e-03
4.206973877e+02;4.533006810e-03
4.209156494e+02;4.879478831e-03
4.211339111e+02;5.145995878e-03
4.213521729e+02;3.813411575e-03
4.215704651e+02;2.587434137e-03
4.217887573e+02;2.107703825e-03
4.220070801e+02;-9.305879357e-04
4.222254028e+02;1.627973630e-03
4.224437256e+02;-2.909475297e-04
4.226620789e+02;1.707928604e-03
4.228804321e+02;5.352545995e-04
4.230987854e+02;-9.039362194e-04
4.233171692e+02;-4.242059367e-04
4.235355225e+02;2.374220639e-03
4.237539368e+02;1.947793760e-03
4.239723206e+02;1.228198409e-03
4.241907349e+02;9.083781624e-04
4.244091797e+02;3.733456600e-03
4.246275940e+02;1.254850067e-03
4.248460388e+02;4.552995670e-04
4.250645142e+02;1.334805042e-03
4.252829590e+02;1.841187011e-03
4.255014343e+02;-6.907227798e-04
4.257199402e+02;1.681276946e-03
4.259384155e+02;8.550747880e-04
4.261569214e+02;1.814535353e-03
4.263754578e+02;-1.197104692e-03
4.265939941e+02;2.240962349e-03
4.268125305e+02;1.787883695e-03
4.270310669e+02;1.041636569e-03
4.272496338e+02;2.720692661e-03
4.274682007e+02;3.307029605e-03
4.276867676e+02;5.885579740e-04
4.279053650e+02;3.760108259e-03
4.281239624e+02;1.201546635e-03
4.283425903e+02;2.987209475e-03
4.285611877e+02;3.200422972e-03
4.287798157e+02;3.973321524e-03
4.289984741e+02;2.827299293e-03
4.292171326e+02;2.374220639e-03
4.294357910e+02;3.120467765e-03
4.296544495e+02;-1.143801375e-03
4.298731384e+02;1.068288228e-03
4.300918274e+02;7.484680973e-04
4.303105469e+02;-1.783441752e-03
4.305292664e+02;8.817265043e-04
4.307479858e+02;2.081052167e-03
4.309667053e+02;2.154344402e-04
4.311854553e+02;3.486928472e-04
4.314042358e+02;1.281501725e-03
4.316229858e+02;1.414760132e-03
4.318417664e+02;2.027748851e-03
4.320605469e+02;9.350298787e-04
4.322793579e+02;2.667389112e-03
4.324981689e+02;2.507479163e-03
4.327169800e+02;1.974445535e-03
4.329358215e+02;-1.043857555e-04
4.331546631e+02;3.386984579e-03
4.333735046e+02;3.253726289e-03
4.335923462e+02;2.267614007e-03
4.338112183e+02;1.887827530e-04
4.340301208e+02;2.347568981e-03
4.342489929e+02;6.418613484e-04
4.344678955e+02;2.161007142e-03
4.346868286e+02;-1.310374355e-04
4.349057312e+02;1.787883695e-03
4.351246643e+02;1.148243318e-03
4.353436279e+02;1.094940002e-03
4.355625610e+02;-3.442509042e-04
4.357815247e+02;4.019962216e-04
4.360005188e+02;1.088277058e-04
4.362194824e+02;2.933906158e-03
4.364384766e+02;1.627973630e-03
4.366575012e+02;1.841187011e-03
4.368765259e+02;4.959433805e-03
4.370955505e+02;2.933906158e-03
4.373145752e+02;5.086029414e-04
4.375336304e+02;1.228198409e-03
4.377526855e+02;1.334805042e-03
4.379717407e+02;1.228198409e-03
4.381908264e+02;2.560782479e-03
4.384099121e+02;5.086029414e-04
4.386290283e+02;-5.841160310e-04
4.388481140e+02;1.601321972e-03
4.390672607e+02;-1.890048501e-03
4.392863770e+02;5.619063159e-04
4.395055237e+02;-6.907227798e-04
4.397246704e+02;-7.440261543e-04
4.399438171e+02;2.694041003e-03
4.401629944e+02;5.619063159e-04
4.403821716e+02;-9.039362194e-04
4.406013794e+02;1.867838786e-03
4.408205872e+02;1.281501725e-03
4.410397949e+02;2.827299293e-03
4.412590332e+02;3.333681263e-03
4.414782410e+02;2.480827505e-03
4.416975098e+02;-4.242059367e-04
4.419167480e+02;4.079928622e-03
4.421360168e+02;8.550747880e-04
4.423552856e+02;1.228198409e-03
4.425745850e+02;-8.506328450e-04
4.427938843e+02;1.574670197e-03
4.430131836e+02;-1.703486661e-03
4.432325134e+02;7.484680973e-04
4.434518433e+02;-8.772845613e-04
4.436711731e+02;-1.310374355e-04
4.438905029e+02;-3.975542495e-04
4.441098633e+02;1.707928604e-03
4.443292542e+02;-8.506328450e-04
4.445486145e+02;1.841187011e-03
4.447680054e+02;2.154344402e-04
4.449874268e+02;1.681276946e-03
4.452068176e+02;-2.236520406e-03
4.454262390e+02;3.093816107e-03
4.456456909e+02;2.587434137e-03
4.458651123e+02;3.013861133e-03
4.460845642e+02;1.441411790e-03
4.463040466e+02;3.386984579e-03
4.465234985e+02;-4.242059367e-04
4.467429810e+02;5.552433868e-05
4.469624939e+02;1.887827530e-04
4.471819763e+02;-2.443070844e-05
4.474014893e+02;2.887265691e-05
4.476210327e+02;2.187659033e-03
4.478405457e+02;1.521366881e-03
4.480601196e+02;-2.909475297e-04
4.482796631e+02;6.685130647e-04
4.484992371e+02;1.654625288e-03
4.487188110e+02;7.484680973e-04
4.489383850e+02;8.017714717e-04
4.491579895e+02;1.841187011e-03
4.493775940e+02;1.334805042e-03
4.495972290e+02;1.548018539e-03
4.498168335e+02;4.053276498e-03
4.500364685e+02;1.228198409e-03
4.502561340e+02;1.228198409e-03
4.504757996e+02;1.281501725e-03
4.506954651e+02;3.220411600e-04
4.509151306e+02;-1.836745068e-03
4.511348267e+02;2.214310691e-03
4.513545227e+02;-4.508576239e-04
4.515742493e+02;4.552995670e-04
4.517939758e+02;-1.596880029e-03
4.520137024e+02;1.894490444e-03
4.522334290e+02;8.284231299e-04
4.524531860e+02;3.626849735e-03
4.526729431e+02;2.161007142e-03
4.528927307e+02;2.427524189e-03
4.531125183e+02;1.734580379e-03
4.533323059e+02;2.240962349e-03
4.535521240e+02;7.484680973e-04
4.537719421e+02;1.414760132e-03
4.539917603e+02;2.187659033e-03
4.542115784e+02;2.907254267e-03
4.544314270e+02;2.953894727e-04
4.546513062e+02;2.214310691e-03
4.548711548e+02;-5.308126565e-04
4.550910339e+02;2.154344402e-04
4.553109131e+02;-1.223756466e-03
4.555308228e+02;6.951647229e-04
4.557507324e+02;-1.576891227e-04
4.559706421e+02;3.486928472e-04
4.561905823e+02;-4.242059367e-04
4.564105225e+02;-6.374194054e-04
4.566304626e+02;-2.109924826e-04
4.568504333e+02;7.484680973e-04
4.570704041e+02;9.616815369e-04
4.572903748e+02;1.841187011e-03
4.575103760e+02;-5.308126565e-04
4.577303772e+02;3.200422972e-03
4.579503784e+02;3.220411600e-04
4.581704102e+02;2.800647635e-03
4.583904419e+02;-3.975542495e-04
4.586104736e+02;2.667389112e-03
4.588305359e+02;1.548018539e-03
4.590505981e+02;1.174894976e-03
4.592706604e+02;2.220973556e-06
4.594907532e+02;1.707928604e-03
4.597108459e+02;1.281501725e-03
4.599309692e+02;-6.107677473e-04
4.601510620e+02;1.354793931e-04
4.603711853e+02;2.001097193e-03
4.605913391e+02;1.354793931e-04
4.608114929e+02;1.867838786e-03
4.610316467e+02;-1.170453033e-03
4.612518005e+02;2.187659033e-03
4.614719849e+02;1.388108474e-03
4.616921692e+02;5.086029414e-04
4.619123535e+02;-2.909475297e-04
4.621325684e+02;1.574670197e-03
4.623527832e+02;9.350298787e-04
4.625730286e+02;2.454175847e-03
4.627932739e+02;9.883332532e-04
4.630135193e+02;2.887265691e-05
4.632337646e+02;8.550747880e-04
4.634540405e+02;-2.376441698e-04
4.636743164e+02;5.086029414e-04
4.638946228e+02;-9.305879357e-04
4.641149292e+02;2.220973556e-06
4.643352356e+02;4.819512542e-04
4.645555420e+02;1.281501725e-03
4.647758789e+02;4.286478797e-04
4.649962158e+02;5.552433868e-05
4.652165833e+02;-5.574643728e-04
4.654369507e+02;2.694041003e-03
4.656573181e+02;1.254850067e-03
4.658777161e+02;1.121591660e-03
4.660980835e+02;1.707928604e-03
4.663185120e+02;2.400872298e-03
4.665389099e+02;2.960557817e-03
4.667593384e+02;8.550747880e-04
4.669797668e+02;8.817265043e-04
4.672002258e+02;2.694041003e-03
4.674206848e+02;9.616815369e-04
4.676411438e+02;1.947793760e-03
4.678616333e+02;-9.305879357e-04
4.680821228e+02;2.887265691e-05
4.683026123e+02;-8.239811868e-04
4.685231323e+02;-7.773407560e-05
4.687436523e+02;-4.242059367e-04
4.689641724e+02;4.552995670e-04
4.691847229e+02;1.761232037e-03
4.694052734e+02;6.152096903e-04
4.696258240e+02;-1.043857555e-04
4.698464050e+02;1.921142102e-03
4.700669861e+02;1.014984911e-03
4.702875671e+02;4.266490228e-03
4.705081787e+02;2.187659033e-03
4.707287903e+02;3.120467765e-03
4.709494019e+02;1.228198409e-03
4.711700439e+02;2.187659033e-03
4.713906860e+02;1.521366881e-03
4.716113281e+02;2.027748851e-03
4.718320007e+02;9.616815369e-04
4.720526733e+02;5.619063159e-04
4.722733459e+02;-2.503037220e-03
4.724940491e+02;7.484680973e-04
4.727147522e+02;-6.374194054e-04
4.729354553e+02;1.354793931e-04
4.731561890e+02;1.068288228e-03
4.733769226e+02;1.654625288e-03
4.735976868e+02;1.887827530e-04
4.738184204e+02;2.347568981e-03
4.740391846e+02;1.361456816e-03
4.742599792e+02;2.134355484e-03
4.744807739e+02;5.352545995e-04
4.747015686e+02;8.217601862e-05
4.749223633e+02;3.520243103e-03
4.751431885e+02;2.907254267e-03
4.753640137e+02;1.068288228e-03
4.755848694e+02;2.027748851e-03
4.758056946e+02;5.352545995e-04
4.760265503e+02;3.147119423e-03
4.762474365e+02;-1.043857555e-04
4.764683228e+02;-6.907227798e-04
4.766892090e+02;-1.570228254e-03
4.769100952e+02;5.552433868e-05
4.771310120e+02;2.220973556e-06
4.773519287e+02;8.284231299e-04
4.775728760e+02;-6.107677473e-04
4.777938232e+02;1.174894976e-03
4.780147705e+02;4.819512542e-04
4.782357178e+02;1.974445535e-03
4.784566956e+02;1.361456816e-03
4.786777039e+02;3.227074631e-03
4.788986816e+02;1.361456816e-03
4.791196899e+02;2.400872298e-03
4.793406982e+02;1.654625288e-03
4.795617371e+02;2.161007142e-03
4.797827759e+02;1.361456816e-03
4.800038147e+02;1.228198409e-03
4.802248535e+02;-2.642958425e-04
4.804459229e+02;-7.440261543e-04
4.806670227e+02;1.281501725e-03
4.808880920e+02;-6.640710635e-04
4.811091919e+02;4.019962216e-04
4.813302917e+02;1.361456816e-03
4.815514221e+02;6.418613484e-04
4.817725525e+02;1.887827530e-04
4.819936829e+02;1.494715223e-03
4.822148438e+02;8.550747880e-04
4.824360046e+02;8.017714717e-04
4.826571655e+02;4.819512542e-04
4.828783569e+02;1.201546635e-03
4.830995483e+02;7.751197554e-04
4.833207397e+02;6.951647229e-04
4.835419617e+02;2.687377855e-04
4.837631836e+02;1.867838786e-03
4.839844055e+02;3.307029605e-03
4.842056580e+02;6.418613484e-04
4.844269104e+02;4.552995670e-04
4.846481628e+02;7.751197554e-04
4.848694458e+02;4.819512542e-04
4.850907288e+02;1.068288228e-03
4.853120117e+02;-5.574643728e-04
4.855333252e+02;1.068288228e-03
4.857546387e+02;2.374220639e-03
4.859759521e+02;-1.436969847e-03
4.861972961e+02;1.014984911e-03
4.864186401e+02;-6.640710635e-04
4.866399841e+02;9.350298787e-04
4.868613586e+02;-4.508576239e-04
4.870827332e+02;2.480827505e-03
4.873041077e+02;8.550747880e-04
4.875255127e+02;1.441411790e-03
4.877469177e+02;4.186535254e-03
4.879683228e+02;-1.310374355e-04
4.881897583e+02;3.706804942e-03
4.884111938e+02;9.883332532e-04
4.886326599e+02;3.486928472e-04
4.888540955e+02;7.751197554e-04
4.890755615e+02;-2.909475297e-04
4.892970581e+02;7.218163810e-04
4.895185547e+02;-1.843408099e-04
4.897400513e+02;3.307029605e-03
4.899615479e+02;2.107703825e-03
4.901830750e+02;4.552995670e-04
4.904046021e+02;1.121591660e-03
4.906261597e+02;1.041636569e-03
4.908476868e+02;5.885579740e-04
4.910692749e+02;8.817265043e-04
4.912908325e+02;2.587434137e-03
4.915124207e+02;3.040512791e-03
4.917340088e+02;1.334805042e-03
4.919555969e+02;-3.175992169e-04
4.921772156e+02;2.640737453e-03
4.923988342e+02;9.883332532e-04
4.926204834e+02;1.887827530e-04
4.928421326e+02;-1.090498059e-03
4.930637817e+02;-1.383666531e-03
4.932854309e+02;1.894490444e-03
4.935071106e+02;7.751197554e-04
4.937287903e+02;1.887827530e-04
4.939505005e+02;1.707928604e-03
4.941722107e+02;1.627973630e-03
4.943939209e+02;4.819512542e-04
4.946156616e+02;-1.117149717e-03
4.948373718e+02;1.814535353e-03
4.950591431e+02;1.734580379e-03
4.952808838e+02;9.350298787e-04
4.955026550e+02;1.388108474e-03
4.957244263e+02;6.152096903e-04
4.959462280e+02;9.883332532e-04
4.961680298e+02;1.548018539e-03
4.963898315e+02;1.681276946e-03
4.966116638e+02;1.548018539e-03
4.968334961e+02;-8.772845613e-04
4.970553284e+02;-6.107677473e-04
4.972771606e+02;9.883332532e-04
4.974990234e+02;-7.173744380e-04
4.977209167e+02;1.014984911e-03
4.979427795e+02;-2.369778696e-03
4.981646729e+02;-2.109924826e-04
4.983865662e+02;-2.909475297e-04
4.986084900e+02;1.041636569e-03
4.988304138e+02;8.217601862e-05
4.990523376e+02;2.953894727e-04
4.992742920e+02;8.550747880e-04
4.994962463e+02;6.951647229e-04
4.997182007e+02;5.885579740e-04
4.999401855e+02;7.751197554e-04
5.001621704e+02;1.921142102e-03
5.003841553e+02;1.521366881e-03
5.006061707e+02;1.354793931e-04
5.008281860e+02;-2.909475297e-04
5.010502014e+02;1.621310657e-04
5.012722473e+02;5.352545995e-04
5.014942932e+02;9.616815369e-04
5.017163391e+02;-6.640710635e-04
5.019384155e+02;-1.223756466e-03
5.021604919e+02;-4.775093112e-04
5.023825684e+02;2.420861128e-04
5.026046753e+02;1.921142102e-03
5.028267822e+02;1.521366881e-03
5.030488892e+02;2.347568981e-03
5.032710266e+02;5.885579740e-04
5.034931641e+02;3.413636237e-03
5.037153015e+02;2.887265691e-05
5.039374695e+02;2.081052167e-03
5.041596375e+02;-6.374194054e-04
5.043818054e+02;2.134355484e-03
5.046040039e+02;3.680153051e-03
5.048262024e+02;9.616815369e-04
5.050484314e+02;1.734580379e-03
5.052706299e+02;2.347568981e-03
5.054928589e+02;-3.175992169e-04
5.057151184e+02;-2.109924826e-04
5.059373779e+02;-1.970003592e-03
5.061596375e+02;-3.175992169e-04
5.063818970e+02;7.484680973e-04
5.066041870e+02;-1.310374355e-04
5.068264771e+02;-2.236520406e-03
5.070487671e+02;2.320917323e-03
5.072710876e+02;1.654625288e-03
5.074934082e+02;3.893366549e-03
5.077157593e+02;1.094940002e-03
5.079380798e+02;2.427524189e-03
5.081604614e+02;6.951647229e-04
5.083828125e+02;4.373096861e-03
5.086051941e+02;1.601321972e-03
5.088275757e+02;9.616815369e-04
5.090499573e+02;2.687377855e-04
5.092723694e+02;2.827299293e-03
5.094947815e+02;8.017714717e-04
5.097172241e+02;1.894490444e-03
5.099396667e+02;-7.440261543e-04
5.101621094e+02;-4.775093112e-04
5.103845520e+02;1.121591660e-03
5.106070251e+02;1.468063565e-03
5.108294983e+02;8.817265043e-04
5.110520020e+02;1.681276946e-03
5.112745056e+02;3.486928472e-04
5.114970093e+02;3.333681263e-03
5.117195129e+02;-1.843408099e-04
5.119420471e+02;7.218163810e-04
5.121646118e+02;2.107703825e-03
5.123871460e+02;1.041636569e-03
5.126096802e+02;2.933906158e-03
5.128322754e+02;2.480827505e-03
5.130548706e+02;1.094940002e-03
5.132774658e+02;2.027748851e-03
5.135000610e+02;-3.975542495e-04
5.137226562e+02;3.946669865e-03
5.139452515e+02;-1.970003592e-03
5.141679077e+02;-2.443070844e-05
5.143905640e+02;9.350298787e-04
5.146132202e+02;1.894490444e-03
5.148358765e+02;2.887265691e-05
5.150585327e+02;1.088277058e-04
5.152812500e+02;-1.836745068e-03
5.155039062e+02;5.619063159e-04
5.157266235e+02;-5.108239202e-05
5.159493408e+02;1.921142102e-03
5.161720581e+02;-3.975542495e-04
5.163947754e+02;4.506355152e-03
5.166175537e+02;-7.773407560e-05
5.168402710e+02;2.454175847e-03
5.170630493e+02;7.218163810e-04
5.172858276e+02;3.946669865e-03
5.175086060e+02;2.907254267e-03
5.177314453e+02;1.068288228e-03
5.179542236e+02;6.951647229e-04
5.181770630e+02;1.228198409e-03
5.183999023e+02;2.953894727e-04
5.186227417e+02;6.951647229e-04
5.188455811e+02;5.352545995e-04
5.190684204e+02;9.083781624e-04
5.192912598e+02;-5.841160310e-04
5.195141602e+02;-1.410318189e-03
5.197370605e+02;4.819512542e-04
5.199599609e+02;1.621310657e-04
5.201828613e+02;2.800647635e-03
5.204057617e+02;1.308153383e-03
5.206287231e+02;7.218163810e-04
5.208516235e+02;1.974445535e-03
5.210745850e+02;1.947793760e-03
5.212975464e+02;1.148243318e-03
5.215205078e+02;9.883332532e-04
5.217435303e+02;-1.310374355e-04
5.219664917e+02;5.086029414e-04
5.221895142e+02;-5.308126565e-04
5.224125366e+02;4.286478797e-04
5.226355591e+02;-1.463621622e-03
5.228585815e+02;-5.308126565e-04
5.230816040e+02;-1.117149717e-03
5.233046875e+02;-1.576891227e-04
5.235277100e+02;-7.440261543e-04
5.237507935e+02;2.480827505e-03
5.239738770e+02;-4.242059367e-04
5.241969604e+02;1.894490444e-03
5.244201050e+02;2.220973556e-06
5.246431885e+02;1.174894976e-03
5.248663330e+02;8.550747880e-04
5.250894775e+02;1.947793760e-03
5.253126221e+02;1.894490444e-03
5.255357666e+02;7.484680973e-04
5.257589111e+02;1.014984911e-03
5.259821167e+02;3.200422972e-03
5.262053223e+02;4.019962216e-04
5.264285278e+02;2.154344402e-04
5.266517334e+02;1.014984911e-03
5.268749390e+02;5.086029414e-04
5.270981445e+02;2.687377855e-04
5.273214111e+02;1.088277058e-04
5.275446167e+02;3.220411600e-04
5.277678833e+02;-2.909475297e-04
5.279911499e+02;4.819512542e-04
5.282144165e+02;8.217601862e-05
5.284377441e+02;2.220973556e-06
5.286610107e+02;2.953894727e-04
5.288843384e+02;2.454175847e-03
5.291076660e+02;2.800647635e-03
5.293309937e+02;1.361456816e-03
5.295543213e+02;1.621310657e-04
5.297777100e+02;9.883332532e-04
5.300010376e+02;2.694041003e-03
5.302244263e+02;2.161007142e-03
5.304478149e+02;1.148243318e-03
5.306712036e+02;-1.576891227e-04
5.308945923e+02;1.281501725e-03
5.311179810e+02;9.083781624e-04
5.313414307e+02;7.484680973e-04
5.315648804e+02;-4.182093311e-03
5.317883301e+02;8.550747880e-04
5.320117798e+02;-3.975542495e-04
5.322352295e+02;1.334805042e-03
5.324586792e+02;-8.772845613e-04
5.326821899e+02;1.148243318e-03
5.329057007e+02;3.486928472e-04
5.331291504e+02;2.987209475e-03
5.333527222e+02;1.548018539e-03
5.335762329e+02;3.440288128e-03
5.337997437e+02;2.454175847e-03
5.340233154e+02;3.200422972e-03
5.342468262e+02;-2.109924826e-04
5.344703979e+02;9.883332532e-04
5.346939697e+02;1.887827530e-04
5.349176025e+02;1.308153383e-03
5.351411743e+02;-4.242059367e-04
5.353648071e+02;-2.982767532e-03
5.355883789e+02;8.217601862e-05
5.358120117e+02;4.019962216e-04
5.360356445e+02;-5.574643728e-04
5.362593384e+02;5.552433868e-05
5.364829712e+02;1.014984911e-03
5.367066650e+02;-1.037194626e-03
5.369302979e+02;-1.303711440e-03
5.371539917e+02;1.414760132e-03
5.373776855e+02;1.148243318e-03
5.376014404e+02;2.880602609e-03
5.378251343e+02;3.040512791e-03
5.380488892e+02;1.201546635e-03
5.382726440e+02;1.281501725e-03
5.384963379e+02;2.560782479e-03
5.387201538e+02;6.152096903e-04
5.389439087e+02;2.720692661e-03
5.391676636e+02;1.441411790e-03
5.393914795e+02;2.853950951e-03
5.396152954e+02;2.687377855e-04
5.398391113e+02;-5.841160310e-04
5.400629272e+02;-3.975542495e-04
5.402867432e+02;1.148243318e-03
5.405105591e+02;-1.010542968e-03
5.407344360e+02;-2.376441698e-04
5.409583130e+02;6.418613484e-04
5.411821899e+02;-6.374194054e-04
5.414060669e+02;2.687377855e-04
5.416299438e+02;3.227074631e-03
5.418538818e+02;1.388108474e-03
5.420777588e+02;1.308153383e-03
5.423016968e+02;6.685130647e-04
5.425256348e+02;2.400872298e-03
5.427495728e+02;3.760108259e-03
5.429735107e+02;1.761232037e-03
5.431975098e+02;6.685130647e-04
5.434214478e+02;2.987209475e-03
5.436454468e+02;-9.838913102e-04
5.438694458e+02;4.552995670e-04
5.440934448e+02;-3.709025914e-04
5.443174438e+02;1.621310657e-04
5.445415039e+02;-1.090498059e-03
5.447655640e+02;2.687377855e-04
5.449895630e+02;-1.143801375e-03
5.452136230e+02;2.907254267e-03
5.454376831e+02;1.414760132e-03
5.456618042e+02;2.001097193e-03
5.458858643e+02;1.254850067e-03
5.461099854e+02;1.388108474e-03
5.463341064e+02;1.681276946e-03
5.465582275e+02;8.817265043e-04
5.467823486e+02;5.885579740e-04
5.470064697e+02;2.720692661e-03
5.472306519e+02;1.867838786e-03
5.474547729e+02;1.734580379e-03
5.476789551e+02;8.217601862e-05
5.479031372e+02;1.308153383e-03
5.481273193e+02;-1.576891227e-04
5.483515015e+02;-1.063846285e-03
5.485757446e+02;-5.041609984e-04
5.487999878e+02;-1.463621622e-03
5.490241699e+02;-1.623531687e-03
5.492484131e+02;1.148243318e-03
5.494726562e+02;1.654625288e-03
5.496969604e+02;4.552995670e-04
5.499212036e+02;-1.143801375e-03
5.501455078e+02;1.281501725e-03
5.503698120e+02;2.853950951e-03
5.505941162e+02;2.960557817e-03
5.508184204e+02;2.267614007e-03
5.510427246e+02;2.427524189e-03
5.512670898e+02;2.880602609e-03
5.514913940e+02;1.654625288e-03
5.517157593e+02;-6.107677473e-04
5.519401245e+02;1.894490444e-03
5.521644897e+02;1.867838786e-03
5.523889160e+02;1.174894976e-03
5.526132812e+02;1.867838786e-03
5.528377075e+02;2.887265691e-05
5.530621338e+02;1.354793931e-04
5.532865601e+02;6.418613484e-04
5.535109863e+02;1.281501725e-03
5.537354126e+02;1.414760132e-03
5.539598999e+02;-6.374194054e-04
5.541843262e+02;1.414760132e-03
5.544088135e+02;2.374220639e-03
5.546333008e+02;3.733456600e-03
5.548577881e+02;-1.010542968e-03
5.550823364e+02;3.520243103e-03
5.553068237e+02;2.800647635e-03
5.555313721e+02;2.134355484e-03
5.557559204e+02;5.885579740e-04
5.559804688e+02;2.240962349e-03
5.562050171e+02;4.819512542e-04
5.564295654e+02;-1.843408099e-04
5.566541748e+02;-1.570228254e-03
5.568787231e+02;3.147119423e-03
5.571033325e+02;7.751197554e-04
5.573279419e+02;1.654625288e-03
5.575525513e+02;1.887827530e-04
5.577772217e+02;1.548018539e-03
5.580018311e+02;4.286478797e-04
5.582265015e+02;5.552433868e-05
5.584511719e+02;-5.108239202e-05
5.586758423e+02;2.267614007e-03
5.589005127e+02;1.088277058e-04
5.591251831e+02;3.093816107e-03
5.593499146e+02;2.347568981e-03
5.595745850e+02;2.587434137e-03
5.597993164e+02;8.017714717e-04
5.600240479e+02;2.054400509e-03
5.602488403e+02;1.014984911e-03
5.604735718e+02;4.019962216e-04
5.606983032e+02;-2.909475297e-04
5.609230957e+02;-1.143801375e-03
5.611478882e+02;-7.173744380e-04
5.613726807e+02;-6.640710635e-04
5.615974731e+02;9.350298787e-04
5.618223267e+02;1.654625288e-03
5.620471191e+02;1.521366881e-03
5.622719727e+02;3.546894761e-03
5.624968262e+02;2.027748851e-03
5.627216797e+02;1.014984911e-03
5.629465332e+02;5.352545995e-04
5.631713867e+02;1.494715223e-03
5.633963013e+02;1.361456816e-03
5.636211548e+02;2.001097193e-03
5.638460693e+02;1.707928604e-03
5.640709839e+02;3.466939786e-03
5.642958984e+02;6.951647229e-04
5.645208740e+02;1.707928604e-03
5.647457886e+02;-2.109924826e-04
5.649707642e+02;1.627973630e-03
5.651957397e+02;3.220411600e-04
5.654207153e+02;1.734580379e-03
5.656456909e+02;-1.490273280e-03
5.658707275e+02;-6.107677473e-04
5.660957031e+02;4.019962216e-04
5.663207397e+02;5.619063159e-04
5.665457764e+02;2.161007142e-03
5.667708130e+02;-5.574643728e-04
5.669958496e+02;-8.239811868e-04
5.672208862e+02;1.121591660e-03
5.674459839e+02;-3.175992169e-04
5.676710205e+02;8.817265043e-04
5.678961182e+02;1.148243318e-03
5.681212158e+02;2.773995977e-03
5.683463745e+02;1.787883695e-03
5.685714722e+02;2.240962349e-03
5.687966309e+02;9.883332532e-04
5.690217285e+02;8.550747880e-04
5.692468872e+02;-4.242059367e-04
5.694720459e+02;8.817265043e-04
5.696972046e+02;-1.037194626e-03
5.699224243e+02;2.134355484e-03
5.701475830e+02;-2.209868748e-03
5.703728027e+02;-2.209868748e-03
5.705980225e+02;5.619063159e-04
5.708232422e+02;1.494715223e-03
5.710484619e+02;-2.642958425e-04
5.712736816e+02;5.086029414e-04
5.714989624e+02;2.953894727e-04
5.717242432e+02;2.107703825e-03
5.719495239e+02;2.054400509e-03
5.721748047e+02;1.361456816e-03
5.724000854e+02;2.187659033e-03
5.726253662e+02;1.887827530e-04
5.728507080e+02;2.081052167e-03
5.730760498e+02;1.974445535e-03
5.733013306e+02;4.286478797e-04
5.735266724e+02;7.484680973e-04
5.737520752e+02;-1.730138436e-03
5.739774170e+02;7.218163810e-04
5.742028198e+02;-2.076610224e-03
5.744281616e+02;6.418613484e-04
5.746535645e+02;2.887265691e-05
5.748789673e+02;-9.039362194e-04
5.751043701e+02;1.094940002e-03
5.753298340e+02;-5.308126565e-04
5.755552368e+02;-1.576891227e-04
5.757807007e+02;7.484680973e-04
5.760061646e+02;3.866714891e-03
5.762316284e+02;3.920018207e-03
5.764570923e+02;1.468063565e-03
5.766826172e+02;2.161007142e-03
5.769080811e+02;2.534130821e-03
5.771336060e+02;4.819512542e-04
5.773591309e+02;-7.173744380e-04
5.775846558e+02;2.187659033e-03
5.778101807e+02;-6.907227798e-04
5.780357666e+02;4.286478797e-04
5.782612915e+02;-1.756790094e-03
5.784868774e+02;1.887827530e-04
5.787124634e+02;1.174894976e-03
5.789380493e+02;2.134355484e-03
5.791636353e+02;-3.709025914e-04
5.793892212e+02;-7.973295287e-04
5.796148682e+02;1.254850067e-03
5.798405151e+02;-7.706778124e-04
5.800661621e+02;1.814535353e-03
5.802918091e+02;1.494715223e-03
5.805174561e+02;2.107703825e-03
5.807431030e+02;-1.043857555e-04
5.809688110e+02;3.067164449e-03
5.811944580e+02;1.707928604e-03
5.814201660e+02;1.734580379e-03
5.816458740e+02;1.354793931e-04
5.818716431e+02;5.552433868e-05
5.820973511e+02;-3.709025914e-04
5.823231201e+02;-1.010542968e-03
5.825488281e+02;1.354793931e-04
5.827745972e+02;8.017714717e-04
5.830003662e+02;-1.916700159e-03
5.832261963e+02;2.134355484e-03
5.834519653e+02;2.687377855e-04
5.836777344e+02;-5.308126565e-04
5.839035645e+02;2.187659033e-03
5.841293945e+02;4.286478797e-04
5.843552246e+02;1.041636569e-03
5.845810547e+02;2.614085795e-03
5.848069458e+02;1.621310657e-04
5.850327759e+02;3.946669865e-03
5.852586670e+02;2.667389112e-03
5.854845581e+02;1.174894976e-03
5.857104492e+02;1.894490444e-03
5.859363403e+02;3.893366549e-03
5.861622925e+02;3.753445344e-04
5.863881836e+02;8.217601862e-05
5.866141357e+02;-1.330363099e-03
5.868400879e+02;5.885579740e-04
5.870660400e+02;-5.108239202e-05
5.872919922e+02;-1.043857555e-04
5.875180054e+02;-4.242059367e-04
5.877439575e+02;1.228198409e-03
5.879699707e+02;1.974445535e-03
5.881959839e+02;1.947793760e-03
5.884219971e+02;1.468063565e-03
5.886480103e+02;1.201546635e-03
5.888740234e+02;1.201546635e-03
5.891000977e+02;1.867838786e-03
5.893261719e+02;1.787883695e-03
5.895522461e+02;4.559658468e-03
5.897783203e+02;2.214310691e-03
5.900043945e+02;2.107703825e-03
5.902304688e+02;2.001097193e-03
5.904566040e+02;1.308153383e-03
5.906827393e+02;1.254850067e-03
5.909088135e+02;7.484680973e-04
5.911350098e+02;-1.277059782e-03
5.913611450e+02;-1.043857555e-04
5.915872803e+02;-2.109924826e-04
5.918134766e+02;-1.843408099e-04
5.920396118e+02;-2.642958425e-04
5.922658081e+02;5.885579740e-04
5.924920044e+02;1.334805042e-03
5.927182617e+02;2.507479163e-03
5.929444580e+02;2.454175847e-03
5.931707153e+02;1.707928604e-03
5.933969116e+02;2.960557817e-03
5.936231689e+02;1.094940002e-03
5.938494263e+02;4.213186912e-03
5.940757446e+02;1.921142102e-03
5.943020020e+02;2.187659033e-03
5.945282593e+02;4.239838570e-03
5.947545776e+02;1.201546635e-03
5.949808960e+02;-1.063846285e-03
5.952072144e+02;-1.890048501e-03
5.954335327e+02;1.254850067e-03
5.956599121e+02;-2.642958425e-04
5.958862305e+02;-2.909475297e-04
5.961126099e+02;5.552433868e-05
5.963389893e+02;-2.423082246e-03
5.965653687e+02;1.707928604e-03
5.967917480e+02;1.094940002e-03
5.970181885e+02;2.267614007e-03
5.972445679e+02;7.484680973e-04
5.974710083e+02;1.621310657e-04
5.976974487e+02;3.280377947e-03
5.979238892e+02;-2.909475297e-04
5.981503296e+02;3.013861133e-03
5.983768311e+02;1.974445535e-03
5.986032715e+02;3.360332921e-03
5.988297729e+02;1.014984911e-03
5.990562744e+02;1.068288228e-03
5.992827759e+02;-2.876160666e-03
5.995092773e+02;-4.775093112e-04
5.997357788e+02;1.921142102e-03
5.999623413e+02;-1.843408099e-04
6.001889038e+02;2.640737453e-03
6.004154663e+02;1.281501725e-03
6.006420288e+02;1.654625288e-03
6.008685913e+02;5.352545995e-04
6.010951538e+02;-5.574643728e-04
6.013217773e+02;5.086029414e-04
6.015484009e+02;1.121591660e-03
6.017749634e+02;2.614085795e-03
6.020015869e+02;2.294265665e-03
6.022282715e+02;2.107703825e-03
6.024548950e+02;3.093816107e-03
6.026815796e+02;3.093816107e-03
6.029082031e+02;-1.197104692e-03
6.031348877e+02;1.548018539e-03
6.033615723e+02;-9.572395938e-04
6.035883179e+02;1.574670197e-03
6.038150024e+02;-1.730138436e-03
6.040416870e+02;2.027748851e-03
6.042684326e+02;-6.374194054e-04
6.044951782e+02;3.946669865e-03
6.047219238e+02;4.239838570e-03
6.049486694e+02;1.841187011e-03
6.051754761e+02;2.220973556e-06
6.054022217e+02;4.399748519e-03
6.056290283e+02;2.187659033e-03
6.058558350e+02;3.040512791e-03
6.060826416e+02;3.493591445e-03
6.063094482e+02;2.154344402e-04
6.065363159e+02;1.921142102e-03
6.067631226e+02;2.880602609e-03
6.069899902e+02;2.134355484e-03
6.072168579e+02;3.653501393e-03
6.074437256e+02;4.552995670e-04
6.076705933e+02;5.619063159e-04
6.078974609e+02;1.601321972e-03
6.081243896e+02;-4.508576239e-04
6.083513184e+02;-2.263172064e-03
6.085781860e+02;8.217601862e-05
6.088051147e+02;2.880602609e-03
6.090321045e+02;2.154344402e-04
6.092590332e+02;1.354793931e-04
6.094860229e+02;1.894490444e-03
6.097129517e+02;1.361456816e-03
6.099399414e+02;1.441411790e-03
6.101669312e+02;1.814535353e-03
6.103939209e+02;2.294265665e-03
6.106209717e+02;4.772872198e-03
6.108479614e+02;2.534130821e-03
6.110750122e+02;3.573546419e-03
6.113020630e+02;3.920018207e-03
6.115291138e+02;2.887265691e-05
6.117561646e+02;1.974445535e-03
6.119832764e+02;6.951647229e-04
6.122103271e+02;9.883332532e-04
6.124374390e+02;8.817265043e-04
6.126645508e+02;1.974445535e-03
6.128916626e+02;8.217601862e-05
6.131187744e+02;2.220973556e-06
6.133458862e+02;3.486928472e-04
6.135730591e+02;5.086029414e-04
6.138002319e+02;2.220973556e-06
6.140273438e+02;8.817265043e-04
6.142545166e+02;1.308153383e-03
6.144817505e+02;-3.975542495e-04
6.147089233e+02;1.441411790e-03
6.149361572e+02;2.507479163e-03
6.151633301e+02;1.201546635e-03
6.153905640e+02;2.587434137e-03
6.156177979e+02;2.107703825e-03
6.158450317e+02;1.947793760e-03
6.160723267e+02;2.161007142e-03
6.162995605e+02;8.817265043e-04
6.165268555e+02;1.174894976e-03
6.167541504e+02;5.086029414e-04
6.169814453e+02;-1.383666531e-03
6.172087402e+02;5.086029414e-04
6.174360352e+02;5.885579740e-04
6.176633911e+02;1.681276946e-03
6.178907471e+02;1.621310657e-04
6.181180420e+02;1.654625288e-03
6.183453979e+02;9.350298787e-04
6.185728149e+02;2.773995977e-03
6.188001709e+02;1.548018539e-03
6.190275879e+02;1.947793760e-03
6.192549438e+02;5.885579740e-04
6.194823608e+02;2.773995977e-03
6.197097778e+02;1.894490444e-03
6.199371948e+02;1.814535353e-03
6.201646729e+02;2.687377855e-04
6.203920898e+02;1.814535353e-03
6.206195679e+02;1.088277058e-04
6.208470459e+02;3.220411600e-04
6.210745239e+02;-1.037194626e-03
6.213020020e+02;-1.010542968e-03
6.215294800e+02;-1.383666531e-03
6.217570190e+02;2.107703825e-03
6.219844971e+02;-5.108239202e-05
6.222120361e+02;-5.108239202e-05
6.224395752e+02;-3.975542495e-04
6.226671143e+02;1.574670197e-03
6.228947144e+02;9.616815369e-04
6.231222534e+02;2.640737453e-03
6.233498535e+02;1.814535353e-03
6.235774536e+02;3.466939786e-03
6.238050537e+02;1.468063565e-03
6.240326538e+02;3.147119423e-03
6.242602539e+02;1.867838786e-03
6.244879150e+02;2.773995977e-03
6.247155762e+02;1.388108474e-03
6.249431763e+02;-1.037194626e-03
6.251708374e+02;2.953894727e-04
6.253985596e+02;7.751197554e-04
6.256262207e+02;-6.907227798e-04
6.258538818e+02;9.883332532e-04
6.260816040e+02;-1.277059782e-03
6.263093262e+02;1.068288228e-03
6.265370483e+02;4.819512542e-04
6.267647705e+02;-1.043857555e-04
6.269924927e+02;1.707928604e-03
6.272202759e+02;2.887265691e-05
6.274480591e+02;7.484680973e-04
6.276757812e+02;5.885579740e-04
6.279035645e+02;2.154344402e-04
6.281314087e+02;1.841187011e-03
6.283591919e+02;2.187659033e-03
6.285869751e+02;3.600198077e-03
6.288148193e+02;2.427524189e-03
6.290426636e+02;2.667389112e-03
6.292705078e+02;1.228198409e-03
6.294983521e+02;1.121591660e-03
6.297261963e+02;5.552433868e-05
6.299541016e+02;3.220411600e-04
6.301819458e+02;-9.572395938e-04
6.304098511e+02;-2.103261882e-03
6.306377563e+02;-1.303711440e-03
6.308656616e+02;-2.109924826e-04
6.310936279e+02;-1.576891227e-04
6.313215332e+02;1.548018539e-03
6.315494995e+02;2.107703825e-03
6.317774658e+02;2.687377855e-04
6.320054321e+02;2.240962349e-03
6.322333984e+02;2.507479163e-03
6.324613647e+02;1.894490444e-03
6.326893921e+02;3.973321524e-03
6.329173584e+02;2.161007142e-03
6.331453857e+02;3.040512791e-03
6.333734131e+02;1.707928604e-03
6.336014404e+02;1.388108474e-03
6.338294678e+02;-3.975542495e-04
6.340575562e+02;2.187659033e-03
6.342855835e+02;8.217601862e-05
6.345136719e+02;2.154344402e-04
6.347417603e+02;8.284231299e-04
6.349698486e+02;-5.308126565e-04
6.351979980e+02;8.817265043e-04
6.354260864e+02;2.687377855e-04
6.356542358e+02;8.284231299e-04
6.358823853e+02;-5.108239202e-05
6.361105347e+02;2.480827505e-03
6.363386841e+02;2.507479163e-03
6.365668335e+02;2.687377855e-04
6.367949829e+02;8.217601862e-05
6.370231934e+02;2.880602609e-03
6.372514038e+02;7.484680973e-04
6.374796143e+02;2.054400509e-03
6.377078247e+02;2.081052167e-03
6.379360352e+02;3.227074631e-03
6.381643066e+02;5.552433868e-05
6.383925171e+02;7.751197554e-04
6.386207886e+02;-9.305879357e-04
6.388490601e+02;1.787883695e-03
6.390773315e+02;6.951647229e-04
6.393056030e+02;-5.841160310e-04
6.395339355e+02;1.414760132e-03
6.397622070e+02;8.284231299e-04
6.399905396e+02;9.946293430e-04
6.402188721e+02;1.087803175e-04
6.404472046e+02;2.373341005e-03
6.406755371e+02;1.956990222e-03
6.409039307e+02;1.049943618e-03
6.411323242e+02;3.410292091e-03
6.413606567e+02;2.616926329e-03
6.415890503e+02;7.449434488e-04
6.418174438e+02;2.326896880e-03
6.420458984e+02;3.036219161e-03
6.422742920e+02;2.755121328e-03
6.425027466e+02;1.267342479e-03
6.427311401e+02;1.067611855e-03
6.429595947e+02;2.133937785e-03
6.431880493e+02;2.028029645e-03
6.434165649e+02;8.070108597e-04
6.436450195e+02;4.096083809e-03
6.438735352e+02;4.392944684e-04
6.441019897e+02;6.456297124e-04
6.443305054e+02;1.776444260e-03
6.445590210e+02;3.446977644e-04
6.447875977e+02;1.791102812e-03
6.450161133e+02;2.320695668e-03
6.452446899e+02;2.495053690e-03
6.454732056e+02;1.873632194e-03
6.457017822e+02;3.202466760e-03
6.459303589e+02;-4.973112373e-04
6.461589966e+02;2.794509754e-03
6.463875732e+02;1.475786557e-03
6.466162109e+02;8.906528819e-04
6.468447876e+02;3.708256700e-04
6.470734253e+02;-2.364961983e-05
6.473020630e+02;-5.477070226e-04
6.475307617e+02;8.744051447e-04
6.477593994e+02;-1.768871560e-03
6.479880981e+02;1.129606506e-03
6.482167358e+02;-6.932802498e-04
6.484454346e+02;1.185468165e-03
6.486741333e+02;-1.808675443e-04
6.489028320e+02;6.696248311e-04
6.491315918e+02;2.692673588e-04
6.493602905e+02;2.942680381e-03
6.495890503e+02;1.494715223e-03
6.498178101e+02;1.814535353e-03
6.500465698e+02;2.214310691e-03
6.502753296e+02;2.054400509e-03
6.505041504e+02;2.560782479e-03
6.507329102e+02;2.347568981e-03
6.509617310e+02;7.484680973e-04
6.511905518e+02;8.284231299e-04
6.514193726e+02;-9.572395938e-04
6.516481934e+02;2.687377855e-04
6.518770142e+02;-8.506328450e-04
6.521058960e+02;-1.143801375e-03
6.523347778e+02;1.088277058e-04
6.525636597e+02;1.761232037e-03
6.527925415e+02;4.019962216e-04
6.530214233e+02;2.187659033e-03
6.532503052e+02;5.885579740e-04
6.534792480e+02;2.880602609e-03
6.537081299e+02;1.921142102e-03
6.539370728e+02;2.214310691e-03
6.541660156e+02;9.083781624e-04
6.543949585e+02;4.019962216e-04
6.546239624e+02;1.494715223e-03
6.548529053e+02;4.819512542e-04
6.550819092e+02;1.654625288e-03
6.553109131e+02;-2.109924826e-04
6.555399170e+02;1.814535353e-03
6.557689209e+02;6.951647229e-04
6.559979248e+02;-1.703486661e-03
6.562269897e+02;-8.506328450e-04
6.564560547e+02;2.953894727e-04
6.566851196e+02;-6.374194054e-04
6.569141846e+02;5.885579740e-04
6.571432495e+02;2.220973556e-06
6.573723145e+02;-2.423082246e-03
6.576014404e+02;2.267614007e-03
6.578305054e+02;2.800647635e-03
6.580596313e+02;1.281501725e-03
6.582887573e+02;1.281501725e-03
6.585178833e+02;3.307029605e-03
6.587470703e+02;1.174894976e-03
6.589761963e+02;1.974445535e-03
6.592053833e+02;1.068288228e-03
6.594345703e+02;3.466939786e-03
6.596637573e+02;-1.010542968e-03
6.598929443e+02;2.220973556e-06
6.601221313e+02;-7.773407560e-05
6.603513794e+02;7.484680973e-04
6.605805664e+02;-1.410318189e-03
6.608098145e+02;-4.242059367e-04
6.610390625e+02;3.220411600e-04
6.612683105e+02;5.352545995e-04
6.614975586e+02;8.550747880e-04
6.617268677e+02;6.418613484e-04
6.619561768e+02;6.152096903e-04
6.621854248e+02;1.468063565e-03
6.624147339e+02;1.841187011e-03
6.626441040e+02;2.640737453e-03
6.628734131e+02;2.161007142e-03
6.631027222e+02;2.027748851e-03
6.633320923e+02;1.921142102e-03
6.635614624e+02;6.418613484e-04
6.637908325e+02;1.254850067e-03
6.640202026e+02;1.121591660e-03
6.642495728e+02;9.883332532e-04
6.644790039e+02;1.121591660e-03
6.647083740e+02;2.220973556e-06
6.649378052e+02;-6.640710635e-04
6.651672363e+02;-7.440261543e-04
6.653966675e+02;9.616815369e-04
6.656260986e+02;-5.308126565e-04
6.658555908e+02;4.552995670e-04
6.660850220e+02;1.601321972e-03
6.663145142e+02;1.228198409e-03
6.665440063e+02;9.616815369e-04
6.667734985e+02;1.228198409e-03
6.670030518e+02;5.086029414e-04
6.672325439e+02;9.616815369e-04
6.674620972e+02;2.134355484e-03
6.676915894e+02;3.786759917e-03
6.679211426e+02;1.761232037e-03
6.681506958e+02;2.161007142e-03
6.683803101e+02;3.227074631e-03
6.686098633e+02;2.134355484e-03
6.688394775e+02;2.907254267e-03
6.690690308e+02;5.252602510e-03
6.692986450e+02;5.012737121e-03
6.695282593e+02;2.534130821e-03
6.697579346e+02;1.921142102e-03
6.699875488e+02;2.240962349e-03
6.702172241e+02;-7.173744380e-04
6.704468384e+02;2.614085795e-03
6.706765137e+02;1.201546635e-03
6.709061890e+02;3.386984579e-03
6.711359253e+02;1.601321972e-03
6.713656006e+02;8.017714717e-04
6.715953369e+02;2.347568981e-03
6.718250122e+02;1.201546635e-03
6.720547485e+02;2.187659033e-03
6.722844849e+02;1.814535353e-03
6.725142822e+02;5.885579740e-04
6.727440186e+02;2.534130821e-03
6.729738159e+02;3.753445344e-04
6.732035522e+02;-6.107677473e-04
6.734333496e+02;2.420861128e-04
6.736631470e+02;-5.841160310e-04
6.738929443e+02;1.148243318e-03
6.741228027e+02;2.154344402e-04
6.743526001e+02;-7.773407560e-05
6.745824585e+02;9.883332532e-04
6.748123169e+02;9.350298787e-04
6.750421753e+02;3.220411600e-04
6.752720337e+02;1.281501725e-03
6.755019531e+02;5.619063159e-04
6.757318115e+02;9.616815369e-04
6.759617310e+02;1.974445535e-03
6.761916504e+02;3.920018207e-03
6.764215698e+02;5.145995878e-03
6.766514893e+02;8.024377748e-03
6.768814087e+02;7.837815210e-03
6.771113892e+02;3.600198077e-03
6.773413696e+02;2.640737453e-03
6.775712891e+02;8.550747880e-04
6.778012695e+02;-4.508576239e-04
6.780313110e+02;-3.175992169e-04
6.782612915e+02;2.987209475e-03
6.784912720e+02;1.281501725e-03
6.787213135e+02;1.814535353e-03
6.789513550e+02;-5.041609984e-04
6.791813965e+02;1.761232037e-03
6.794114380e+02;5.885579740e-04
6.796415405e+02;1.228198409e-03
6.798715820e+02;8.817265043e-04
6.801016846e+02;9.883332532e-04
6.803317871e+02;1.254850067e-03
6.805618896e+02;1.388108474e-03
6.807919922e+02;1.414760132e-03
6.810220947e+02;2.400872298e-03
6.812522583e+02;2.294265665e-03
6.814823608e+02;2.214310691e-03
6.817125244e+02;-7.773407560e-05
6.819426880e+02;-9.838913102e-04
6.821728516e+02;1.354793931e-04
6.824030151e+02;1.201546635e-03
6.826332397e+02;-1.170453033e-03
6.828634644e+02;-3.975542495e-04
6.830936279e+02;4.286478797e-04
6.833238525e+02;1.354793931e-04
6.835540771e+02;3.220411600e-04
6.837843628e+02;1.148243318e-03
6.840145874e+02;2.987209475e-03
6.842448730e+02;2.587434137e-03
6.844751587e+02;8.217601862e-05
6.847054443e+02;3.973321524e-03
6.849357300e+02;1.947793760e-03
6.851660156e+02;2.240962349e-03
6.853963623e+02;1.627973630e-03
6.856266479e+02;3.573546419e-03
6.858569946e+02;2.220973556e-06
6.860873413e+02;1.681276946e-03
6.863176880e+02;-6.640710635e-04
6.865480347e+02;2.154344402e-04
6.867784424e+02;1.068288228e-03
6.870087891e+02;6.418613484e-04
6.872391968e+02;8.017714717e-04
6.874696045e+02;-8.239811868e-04
6.877000122e+02;-5.574643728e-04
6.879304199e+02;8.817265043e-04
6.881608887e+02;1.974445535e-03
6.883912964e+02;3.706804942e-03
6.886217651e+02;5.625726189e-03
6.888522339e+02;3.893366549e-03
6.890827026e+02;3.760108259e-03
6.893131714e+02;1.947793760e-03
6.895437012e+02;3.973321524e-03
6.897741699e+02;2.320917323e-03
6.900046997e+02;3.093816107e-03
6.902352295e+02;2.001097193e-03
6.904657593e+02;2.081052167e-03
6.906962891e+02;-5.041609984e-04
6.909268799e+02;1.361456816e-03
6.911574097e+02;-2.109924826e-04
6.913880005e+02;1.887827530e-04
6.916185913e+02;1.521366881e-03
6.918491821e+02;2.454175847e-03
6.920797729e+02;3.147119423e-03
6.923104248e+02;-5.308126565e-04
6.925410156e+02;1.468063565e-03
6.927716675e+02;1.521366881e-03
6.930023193e+02;3.013861133e-03
6.932329712e+02;5.885579740e-04
6.934636230e+02;1.281501725e-03
6.936942749e+02;1.654625288e-03
6.939249878e+02;1.354793931e-04
6.941557007e+02;2.161007142e-03
6.943864136e+02;1.094940002e-03
6.946171265e+02;1.921142102e-03
6.948478394e+02;1.174894976e-03
6.950785522e+02;1.548018539e-03
6.953093262e+02;-4.242059367e-04
6.955400391e+02;2.587434137e-03
6.957708130e+02;1.621310657e-04
6.960015869e+02;2.800647635e-03
6.962323608e+02;1.841187011e-03
6.964631958e+02;2.587434137e-03
6.966939697e+02;3.733456600e-03
6.969248047e+02;5.972197745e-03
6.971556396e+02;4.639613908e-03
6.973864746e+02;3.563551977e-02
6.976173096e+02;1.323811263e-01
6.978481445e+02;2.209180146e-01
6.980790405e+02;1.887227893e-01
6.983099365e+02;1.201480031e-01
6.985407715e+02;8.518099785e-02
6.987716675e+02;6.743098050e-02
6.990025635e+02;6.039493531e-02
6.992335205e+02;5.210626125e-02
6.994644165e+02;4.352441803e-02
6.996953735e+02;3.198423982e-02
6.999263306e+02;1.839188114e-02
7.001572876e+02;1.122257952e-02
7.003882446e+02;5.145995878e-03
7.006192017e+02;3.733456600e-03
7.008502197e+02;3.893366549e-03
7.010811768e+02;3.920018207e-03
7.013121948e+02;4.819512542e-04
7.015432129e+02;2.987209475e-03
7.017742310e+02;2.480827505e-03
7.020052490e+02;3.760108259e-03
7.022363281e+02;1.494715223e-03
7.024674072e+02;3.440288128e-03
7.026984253e+02;2.081052167e-03
7.029295044e+02;1.814535353e-03
7.031605835e+02;2.154344402e-04
7.033917236e+02;8.017714717e-04
7.036228027e+02;6.951647229e-04
7.038539429e+02;5.352545995e-04
7.040850220e+02;3.147119423e-03
7.043161621e+02;1.894490444e-03
7.045473022e+02;5.812287796e-03
7.047785034e+02;2.747344319e-03
7.050096436e+02;1.947793760e-03
7.052408447e+02;4.533006810e-03
7.054719849e+02;1.654625288e-03
7.057031860e+02;2.907254267e-03
7.059343872e+02;3.413636237e-03
7.061656494e+02;3.493591445e-03
7.063968506e+02;4.053276498e-03
7.066281128e+02;3.173771081e-03
7.068593140e+02;2.267614007e-03
7.070905762e+02;3.386984579e-03
7.073218384e+02;4.692917224e-03
7.075531616e+02;1.889826357e-02
7.077844238e+02;9.152410179e-02
7.080157471e+02;1.796612144e-01
7.082470093e+02;1.676946133e-01
7.084783325e+02;1.118326783e-01
7.087096558e+02;7.993061841e-02
7.089409790e+02;6.028832495e-02
7.091723633e+02;5.138666555e-02
7.094036865e+02;4.371098056e-02
7.096350708e+02;4.205857590e-02
7.098664551e+02;3.536900505e-02
7.100978394e+02;2.638738602e-02
7.103292236e+02;1.665952243e-02
7.105606689e+02;8.370849304e-03
7.107920532e+02;5.865591113e-03
7.110234985e+02;5.492467433e-03
7.112549438e+02;2.320917323e-03
7.114863892e+02;1.654625288e-03
7.117178345e+02;2.880602609e-03
7.119492798e+02;2.507479163e-03
7.121807861e+02;2.320917323e-03
7.124122314e+02;2.427524189e-03
7.126437378e+02;2.154344402e-04
7.128752441e+02;2.614085795e-03
7.131067505e+02;1.841187011e-03
7.133383179e+02;8.550747880e-04
7.135698242e+02;2.320917323e-03
7.138013916e+02;1.094940002e-03
7.140329590e+02;2.853950951e-03
7.142645264e+02;2.240962349e-03
7.144960938e+02;4.719568882e-03
7.147276611e+02;1.814535353e-03
7.149592896e+02;4.719568882e-03
7.151908569e+02;3.866714891e-03
7.154224854e+02;3.706804942e-03
7.156541138e+02;8.184287697e-03
7.158857422e+02;2.286936529e-02
7.161173706e+02;2.761336416e-02
7.163490601e+02;2.097709477e-02
7.165806885e+02;1.442078128e-02
7.168123779e+02;1.130253449e-02
7.170440674e+02;8.424152620e-03
7.172757568e+02;8.957186714e-03
7.175075073e+02;9.596826509e-03
7.177391968e+02;8.210939355e-03
7.179709473e+02;4.799523856e-03
7.182026367e+02;5.625726189e-03
7.184343872e+02;1.388108474e-03
7.186661377e+02;4.159883596e-03
7.188979492e+02;-3.175992169e-04
7.191296997e+02;2.507479163e-03
7.193615112e+02;1.334805042e-03
7.195933228e+02;4.506355152e-03
7.198250732e+02;1.468063565e-03
7.200569458e+02;1.734580379e-03
7.202887573e+02;8.550747880e-04
7.205205688e+02;2.214310691e-03
7.207524414e+02;-1.410318189e-03
7.209842529e+02;3.067164449e-03
7.212161255e+02;-1.010542968e-03
7.214479980e+02;5.086029414e-04
7.216799316e+02;-5.841160310e-04
7.219118042e+02;1.867838786e-03
7.221437378e+02;-3.175992169e-04
7.223756104e+02;3.067164449e-03
7.226075439e+02;8.550747880e-04
7.228394775e+02;2.240962349e-03
7.230714111e+02;1.174894976e-03
7.233034058e+02;4.239838570e-03
7.235353394e+02;2.960557817e-03
7.237673340e+02;1.627973630e-03
7.239993286e+02;2.294265665e-03
7.242313232e+02;2.027748851e-03
7.244633179e+02;2.267614007e-03
7.246953735e+02;3.520243103e-03
7.249273682e+02;2.720692661e-03
7.251594238e+02;2.154344402e-04
7.253914795e+02;2.427524189e-03
7.256235352e+02;2.560782479e-03
7.258555908e+02;8.550747880e-04
7.260876465e+02;9.616815369e-04
7.263197632e+02;1.121591660e-03
7.265518188e+02;7.751197554e-04
7.267839355e+02;4.286478797e-04
7.270160522e+02;2.267614007e-03
7.272481689e+02;2.953894727e-04
7.274803467e+02;2.800647635e-03
7.277124634e+02;2.427524189e-03
7.279446411e+02;2.694041003e-03
7.281768188e+02;6.611838005e-03
7.284089355e+02;2.577439882e-02
7.286411743e+02;4.845498130e-02
7.288733521e+02;4.688252881e-02
7.291055298e+02;3.182433173e-02
7.293377686e+02;2.422860079e-02
7.295700073e+02;1.945794933e-02
7.298022461e+02;1.585997269e-02
7.300344849e+02;1.399435382e-02
7.302667236e+02;1.378114056e-02
7.304990234e+02;1.108932123e-02
7.307312622e+02;1.223534346e-02
7.309635620e+02;7.997726090e-03
7.311958618e+02;6.318669766e-03
7.314281616e+02;3.200422972e-03
7.316604614e+02;3.626849735e-03
7.318928223e+02;1.388108474e-03
7.321251221e+02;2.747344319e-03
7.323574829e+02;9.616815369e-04
7.325898438e+02;2.187659033e-03
7.328222046e+02;1.228198409e-03
7.330545654e+02;3.999973182e-03
7.332869873e+02;2.427524189e-03
7.335193481e+02;3.120467765e-03
7.337517700e+02;2.240962349e-03
7.339841919e+02;1.148243318e-03
7.342166138e+02;2.953894727e-04
7.344490356e+02;3.486928472e-04
7.346815186e+02;8.217601862e-05
7.349139404e+02;2.220973556e-06
7.351464233e+02;7.751197554e-04
7.353789062e+02;8.284231299e-04
7.356113892e+02;-1.436969847e-03
7.358438721e+02;1.094940002e-03
7.360763550e+02;1.121591660e-03
7.363088989e+02;3.920018207e-03
7.365414429e+02;1.707928604e-03
7.367739258e+02;4.986085463e-03
7.370065308e+02;4.559658468e-03
7.372390747e+02;4.053276498e-03
7.374716187e+02;3.493591445e-03
7.377042236e+02;2.587434137e-03
7.379367676e+02;4.106580280e-03
7.381693726e+02;2.640737453e-03
7.384019775e+02;1.814535353e-03
7.386345825e+02;5.199299194e-03
7.388672485e+02;6.292018108e-03
7.390998535e+02;1.012986060e-02
7.393325195e+02;3.078491427e-02
7.395651855e+02;1.007189304e-01
7.397978516e+02;1.855778843e-01
7.400305176e+02;1.738244891e-01
7.402631836e+02;1.251318753e-01
7.404959106e+02;9.565510601e-02
7.407285767e+02;7.510666549e-02
7.409613037e+02;6.993623823e-02
7.411940308e+02;6.172751635e-02
7.414267578e+02;5.301241577e-02
7.416594849e+02;4.829506949e-02
7.418922729e+02;4.610963166e-02
7.421250000e+02;4.395084456e-02
7.423577881e+02;3.739453107e-02
7.425905762e+02;2.100374736e-02
7.428233643e+02;1.540689357e-02
7.430562134e+02;1.002325397e-02
7.432890015e+02;3.307029605e-03
7.435218506e+02;1.121591660e-03
7.437546387e+02;3.386984579e-03
7.439874878e+02;8.550747880e-04
7.442203369e+02;2.347568981e-03
7.444532471e+02;2.694041003e-03
7.446860962e+02;4.552995670e-04
7.449190063e+02;2.374220639e-03
7.451518555e+02;5.732332822e-03
7.453847656e+02;6.951647229e-04
7.456176758e+02;4.053276498e-03
7.458506470e+02;2.667389112e-03
7.460835571e+02;2.694041003e-03
7.463164673e+02;3.626849735e-03
7.465494385e+02;4.293141887e-03
7.467824097e+02;1.814535353e-03
7.470153809e+02;2.907254267e-03
7.472483521e+02;2.987209475e-03
7.474813843e+02;5.352545995e-04
7.477143555e+02;3.546894761e-03
7.479473877e+02;5.885579740e-04
7.481804199e+02;1.494715223e-03
7.484134521e+02;1.627973630e-03
7.486464844e+02;1.148243318e-03
7.488795166e+02;2.773995977e-03
7.491126099e+02;2.054400509e-03
7.493457031e+02;2.773995977e-03
7.495787354e+02;4.373096861e-03
7.498118286e+02;4.986085463e-03
7.500449829e+02;5.252602510e-03
7.502780762e+02;6.665141787e-03
7.505111694e+02;6.052152719e-03
7.507443237e+02;8.104332723e-03
7.509774780e+02;7.891119458e-03
7.512106323e+02;1.807206124e-02
7.514437866e+02;5.810288712e-02
7.516769409e+02;1.492249966e-01
7.519101562e+02;2.132956386e-01
7.521433105e+02;1.804341078e-01
7.523765259e+02;1.477058381e-01
7.526097412e+02;1.769960374e-01
7.528429565e+02;2.469300628e-01
7.530762329e+02;1.963451654e-01
7.533094482e+02;1.605519503e-01
7.535427246e+02;1.346465200e-01
7.537759399e+02;1.179625690e-01
7.540092163e+02;1.071419865e-01
7.542425537e+02;9.576171637e-02
7.544758301e+02;8.166297525e-02
7.547091064e+02;6.337992102e-02
7.549424438e+02;5.732998997e-02
7.551757812e+02;5.016068742e-02
7.554090576e+02;4.091255367e-02
7.556424561e+02;3.006531857e-02
7.558757935e+02;1.913812943e-02
7.561091309e+02;1.343466900e-02
7.563425293e+02;8.690669201e-03
7.565759277e+02;8.024377748e-03
7.568092651e+02;3.493591445e-03
7.570426636e+02;1.468063565e-03
7.572761230e+02;1.921142102e-03
7.575095215e+02;3.866714891e-03
7.577429810e+02;1.361456816e-03
7.579763794e+02;4.586310592e-03
7.582098389e+02;4.159883596e-03
7.584432983e+02;3.173771081e-03
7.586767578e+02;1.627973630e-03
7.589102783e+02;2.694041003e-03
7.591437378e+02;2.427524189e-03
7.593772583e+02;4.479703493e-03
7.596107788e+02;4.319793545e-03
7.598442993e+02;5.945546087e-03
7.600778198e+02;3.067164449e-03
7.603113403e+02;2.800647635e-03
7.605449219e+02;-6.107677473e-04
7.607785034e+02;2.614085795e-03
7.610120239e+02;6.951647229e-04
7.612456055e+02;3.600198077e-03
7.614792480e+02;1.548018539e-03
7.617128296e+02;2.534130821e-03
7.619464111e+02;1.174894976e-03
7.621800537e+02;4.319793545e-03
7.624136963e+02;4.106580280e-03
7.626473389e+02;6.531883031e-03
7.628809814e+02;4.959433805e-03
7.631146240e+02;6.185411476e-03
7.633483276e+02;6.398624741e-03
7.635819702e+02;6.718445104e-03
7.638156738e+02;1.068954542e-02
7.640493774e+02;2.270945534e-02
7.642830811e+02;6.569861621e-02
7.645167847e+02;2.028748244e-01
7.647505493e+02;3.586272597e-01
7.649842529e+02;3.592402637e-01
7.652180176e+02;2.828565240e-01
7.654517822e+02;2.203316838e-01
7.656855469e+02;1.702265143e-01
7.659193726e+02;1.534359604e-01
7.661531372e+02;1.317681372e-01
7.663869019e+02;1.250252575e-01
7.666207275e+02;1.157238260e-01
7.668545532e+02;1.028244123e-01
7.670883789e+02;9.165735543e-02
7.673222046e+02;9.306989610e-02
7.675560913e+02;8.981838822e-02
7.677899170e+02;7.513331622e-02
7.680238037e+02;5.223951861e-02
7.682576904e+02;3.776765615e-02
7.684915771e+02;2.049736492e-02
7.687254639e+02;1.186221931e-02
7.689594116e+02;8.051029406e-03
7.691932983e+02;4.373096861e-03
7.694272461e+02;3.893366549e-03
7.696611938e+02;4.852827173e-03
7.698951416e+02;2.534130821e-03
7.701290894e+02;3.493591445e-03
7.703630371e+02;2.694041003e-03
7.705970459e+02;2.747344319e-03
7.708309937e+02;2.880602609e-03
7.710650024e+02;4.133231938e-03
7.712990112e+02;3.413636237e-03
7.715330200e+02;4.453051835e-03
7.717670898e+02;2.667389112e-03
7.720010986e+02;6.185411476e-03
7.722351685e+02;3.200422972e-03
7.724692383e+02;7.171523757e-03
7.727033081e+02;6.238714792e-03
7.729373779e+02;1.092941035e-02
7.731714478e+02;2.867943048e-02
7.734055176e+02;7.934428006e-02
7.736396484e+02;1.376581639e-01
7.738737793e+02;1.572204977e-01
7.741079102e+02;1.242790148e-01
7.743420410e+02;1.024246365e-01
7.745761719e+02;7.771852612e-02
7.748103638e+02;7.070913166e-02
7.750444946e+02;5.914230272e-02
7.752786865e+02;5.322563276e-02
7.755128784e+02;5.101354048e-02
7.757470703e+02;4.720235243e-02
7.759812622e+02;4.192531854e-02
7.762155151e+02;3.947336227e-02
7.764497070e+02;4.237839580e-02
7.766839600e+02;3.864715993e-02
7.769182129e+02;3.329017386e-02
7.771524658e+02;2.265615202e-02
7.773867188e+02;1.748572476e-02
7.776209717e+02;1.031642221e-02
7.778552856e+02;4.879478831e-03
7.780895996e+02;5.199299194e-03
7.783239136e+02;2.880602609e-03
7.785582275e+02;2.027748851e-03
7.787925415e+02;6.951647229e-04
7.790268555e+02;1.441411790e-03
7.792612305e+02;2.187659033e-03
7.794955444e+02;2.687377855e-04
7.797299194e+02;1.734580379e-03
7.799642944e+02;9.883332532e-04
7.801986694e+02;-5.308126565e-04
7.804331055e+02;1.787883695e-03
7.806674805e+02;1.761232037e-03
7.809019165e+02;4.772872198e-03
7.811363525e+02;3.280377947e-03
7.813707886e+02;4.053276498e-03
7.816052246e+02;5.885579740e-04
7.818396606e+02;1.281501725e-03
7.820741577e+02;2.587434137e-03
7.823085938e+02;3.120467765e-03
7.825430908e+02;4.019962216e-04
7.827775879e+02;2.953894727e-04
7.830120850e+02;7.218163810e-04
7.832465820e+02;3.486928472e-04
7.834811401e+02;-1.063846285e-03
7.837156372e+02;3.227074631e-03
7.839501953e+02;-1.117149717e-03
7.841847534e+02;2.534130821e-03
7.844193115e+02;5.552433868e-05
7.846539307e+02;1.254850067e-03
7.848884888e+02;1.088277058e-04
7.851231079e+02;-9.305879357e-04
7.853576660e+02;3.573546419e-03
7.855922852e+02;2.800647635e-03
7.858269043e+02;-1.650183345e-03
7.860615845e+02;2.320917323e-03
7.862962036e+02;2.720692661e-03
7.865308228e+02;1.308153383e-03
7.867655029e+02;3.040512791e-03
7.870001831e+02;2.887265691e-05
7.872348633e+02;1.334805042e-03
7.874695435e+02;1.921142102e-03
7.877042847e+02;-9.039362194e-04
7.879389648e+02;1.887827530e-04
7.881737061e+02;4.286478797e-04
7.884084473e+02;-1.330363099e-03
7.886431885e+02;2.420861128e-04
7.888779297e+02;2.887265691e-05
7.891126709e+02;7.218163810e-04
7.893474731e+02;1.094940002e-03
7.895822144e+02;4.286478797e-04
7.898170166e+02;2.720692661e-03
7.900518188e+02;1.761232037e-03
7.902866211e+02;1.494715223e-03
7.905214844e+02;2.880602609e-03
7.907562866e+02;3.466939786e-03
7.909911499e+02;2.827299293e-03
7.912260132e+02;2.907254267e-03
7.914608765e+02;3.307029605e-03
7.916957397e+02;5.086029414e-04
7.919306030e+02;-3.709025914e-04
7.921655273e+02;1.468063565e-03
7.924003906e+02;1.814535353e-03
7.926353149e+02;2.154344402e-04
7.928702393e+02;2.887265691e-05
7.931051636e+02;9.883332532e-04
7.933400879e+02;4.286478797e-04
7.935750732e+02;2.054400509e-03
7.938099976e+02;-9.572395938e-04
7.940449829e+02;3.466939786e-03
7.942799683e+02;3.893366549e-03
7.945149536e+02;3.413636237e-03
7.947499390e+02;1.254850067e-03
7.949849854e+02;4.746220540e-03
7.952199707e+02;4.453051835e-03
7.954550171e+02;1.015651226e-02
7.956900635e+02;2.233633026e-02
7.959251099e+02;5.183974281e-02
7.961601562e+02;8.230261505e-02
7.963952026e+02;8.078347147e-02
7.966303101e+02;7.196176052e-02
7.968654175e+02;5.946212634e-02
7.971004639e+02;4.704244062e-02
7.973355713e+02;4.133898020e-02
7.975707397e+02;3.694145381e-02
7.978058472e+02;3.464940935e-02
7.980410156e+02;3.257057816e-02
7.982761230e+02;3.081156686e-02
7.985112915e+02;2.753340825e-02
7.987464600e+02;2.926576883e-02
7.989816284e+02;2.417529747e-02
7.992167969e+02;2.492154390e-02
7.994520264e+02;2.505480312e-02
7.996872559e+02;2.108370140e-02
7.999224243e+02;1.967116259e-02
8.001576538e+02;1.951125264e-02
8.003928833e+02;1.140914112e-02
8.006281738e+02;8.051029406e-03
8.008634033e+02;8.077681065e-03
8.010986938e+02;9.063793346e-03
8.013339844e+02;1.274172496e-02
8.015692749e+02;2.620082535e-02
8.018045654e+02;5.074702576e-02
8.020398560e+02;7.508000731e-02
8.022751465e+02;8.126319945e-02
8.025104980e+02;1.014118716e-01
8.027458496e+02;1.343799978e-01
8.029812012e+02;1.500778496e-01
8.032165527e+02;1.325410306e-01
8.034519043e+02;1.133518293e-01
8.036872559e+02;9.693439305e-02
8.039226685e+02;8.456800878e-02
8.041580811e+02;7.977070659e-02
8.043934326e+02;7.004284114e-02
8.046288452e+02;6.290019304e-02
8.048643188e+02;5.780972168e-02
8.050997314e+02;5.546437204e-02
8.053352051e+02;5.685025826e-02
8.055706177e+02;5.154657364e-02
8.058060913e+02;4.453718290e-02
8.060415649e+02;4.099250957e-02
8.062770386e+02;3.776765615e-02
8.065125732e+02;3.376990184e-02
8.067480469e+02;2.550788037e-02
8.069835815e+02;2.071057819e-02
8.072191162e+02;1.194217429e-02
8.074546509e+02;8.610714227e-03
8.076901855e+02;5.652377848e-03
8.079257202e+02;5.758984480e-03
8.081613159e+02;2.187659033e-03
8.083968506e+02;3.013861133e-03
8.086324463e+02;3.227074631e-03
8.088680420e+02;4.719568882e-03
8.091036377e+02;4.133231938e-03
8.093392334e+02;2.400872298e-03
8.095748901e+02;5.945546087e-03
8.098104858e+02;3.093816107e-03
8.100461426e+02;3.253726289e-03
8.102817993e+02;6.105456036e-03
8.105174561e+02;4.586310592e-03
8.107531128e+02;4.986085463e-03
8.109888306e+02;1.034307387e-02
8.112244873e+02;2.406869084e-02
8.114602051e+02;5.301241577e-02
8.116959229e+02;8.574068546e-02
8.119316406e+02;9.682778269e-02
8.121673584e+02;9.794715047e-02
8.124031372e+02;1.179359183e-01
8.126388550e+02;1.734247208e-01
8.128746338e+02;2.460772097e-01
8.131104126e+02;2.233433276e-01
8.133461914e+02;2.026083171e-01
8.135819702e+02;1.743575335e-01
8.138177490e+02;1.560744792e-01
8.140535889e+02;1.388308406e-01
8.142894287e+02;1.257981658e-01
8.145252075e+02;1.112996489e-01
8.147610474e+02;1.066356003e-01
8.149969482e+02;9.826697409e-02
8.152327881e+02;9.469565004e-02
8.154686279e+02;9.203048050e-02
8.157045288e+02;8.128985018e-02
8.159404297e+02;7.153533399e-02
8.161763306e+02;6.599178910e-02
8.164122314e+02;6.409952044e-02
8.166481323e+02;5.442495644e-02
8.168840942e+02;4.730895907e-02
8.171199951e+02;3.310361132e-02
8.173559570e+02;2.422860079e-02
8.175919189e+02;1.436747797e-02
8.178278809e+02;1.143579278e-02
8.180638428e+02;6.078804377e-03
8.182998657e+02;5.599074066e-03
8.185358276e+02;3.307029605e-03
8.187718506e+02;2.614085795e-03
8.190078735e+02;1.468063565e-03
8.192438965e+02;3.147119423e-03
8.194799194e+02;5.352545995e-04
8.197160034e+02;1.334805042e-03
8.199520264e+02;2.267614007e-03
8.201881104e+02;3.093816107e-03
8.204241943e+02;1.707928604e-03
8.206602783e+02;3.200422972e-03
8.208963623e+02;3.753445344e-04
8.211325073e+02;1.707928604e-03
8.213685913e+02;1.414760132e-03
8.216047363e+02;3.546894761e-03
8.218408813e+02;2.853950951e-03
8.220770264e+02;2.853950951e-03
8.223131714e+02;1.654625288e-03
8.225493164e+02;1.468063565e-03
8.227855225e+02;1.707928604e-03
8.230216675e+02;3.520243103e-03
8.232578735e+02;4.552995670e-04
8.234940796e+02;-5.108239202e-05
8.237302856e+02;1.354793931e-04
8.239665527e+02;6.685130647e-04
8.242027588e+02;-2.263172064e-03
8.244390259e+02;1.014984911e-03
8.246752930e+02;1.228198409e-03
8.249115601e+02;3.093816107e-03
8.251478271e+02;-2.642958425e-04
8.253840942e+02;-1.043857555e-04
8.256203613e+02;1.867838786e-03
8.258566895e+02;6.152096903e-04
8.260930176e+02;3.840063233e-03
8.263293457e+02;3.973321524e-03
8.265656738e+02;1.787883695e-03
8.268020020e+02;5.652377848e-03
8.270383301e+02;7.304782048e-03
8.272747192e+02;2.198985964e-02
8.275111084e+02;3.360999376e-02
8.277474976e+02;4.560324922e-02
8.279838867e+02;4.011300206e-02
8.282202759e+02;3.507583588e-02
8.284566650e+02;3.091817349e-02
8.286931152e+02;2.609421872e-02
8.289295044e+02;2.358895913e-02
8.291659546e+02;2.294931933e-02
8.294024048e+02;2.137687057e-02
8.296388550e+02;2.036410570e-02
8.298753662e+02;1.799210720e-02
8.301118164e+02;1.913812943e-02
8.303483276e+02;1.567341015e-02
8.305848389e+02;1.799210720e-02
8.308213501e+02;1.689938828e-02
8.310578613e+02;1.407430973e-02
8.312943726e+02;1.348797232e-02
8.315309448e+02;1.287498325e-02
8.317674561e+02;1.218204014e-02
8.320040283e+02;9.143748321e-03
8.322406006e+02;1.036972553e-02
8.324771729e+02;6.958310027e-03
8.327138062e+02;4.826175515e-03
8.329503784e+02;2.161007142e-03
8.331870117e+02;2.907254267e-03
8.334235840e+02;1.121591660e-03
8.336602173e+02;-1.250408124e-03
8.338968506e+02;1.254850067e-03
8.341335449e+02;-5.308126565e-04
8.343701782e+02;1.867838786e-03
8.346068726e+02;3.486928472e-04
8.348435059e+02;3.546894761e-03
8.350802002e+02;1.574670197e-03
8.353168945e+02;2.747344319e-03
8.355535889e+02;9.883332532e-04
8.357903442e+02;1.841187011e-03
8.360270386e+02;3.626849735e-03
8.362637939e+02;1.361456816e-03
8.365005493e+02;1.281501725e-03
8.367373047e+02;2.880602609e-03
8.369740601e+02;-1.043857555e-04
8.372108765e+02;1.014984911e-03
8.374476318e+02;1.121591660e-03
8.376844482e+02;8.550747880e-04
8.379212646e+02;2.027748851e-03
8.381580200e+02;2.400872298e-03
8.383948975e+02;8.284231299e-04
8.386317139e+02;1.548018539e-03
8.388685303e+02;3.013861133e-03
8.391054077e+02;3.040512791e-03
8.393422852e+02;2.240962349e-03
8.395791626e+02;4.373096861e-03
8.398160400e+02;1.947793760e-03
8.400529175e+02;4.639613908e-03
8.402898560e+02;2.507479163e-03
8.405267334e+02;4.932782147e-03
8.407636719e+02;3.227074631e-03
8.410006104e+02;6.851703394e-03
8.412375488e+02;6.745096762e-03
8.414744873e+02;1.559345517e-02
8.417114868e+02;2.934572287e-02
8.419484253e+02;4.904131591e-02
8.421854248e+02;5.916895717e-02
8.424224243e+02;5.772976577e-02
8.426594238e+02;4.925452918e-02
8.428964233e+02;5.261264369e-02
8.431334839e+02;5.826279894e-02
8.433704834e+02;7.731875032e-02
8.436075439e+02;9.810706228e-02
8.438446045e+02;1.119659394e-01
8.440816650e+02;1.011720076e-01
8.443187256e+02;9.264346957e-02
8.445557861e+02;8.411493152e-02
8.447929077e+02;7.822491229e-02
8.450299683e+02;7.316108793e-02
8.452670898e+02;6.716445833e-02
8.455042114e+02;6.066145003e-02
8.457413330e+02;5.807623640e-02
8.459785156e+02;5.386527255e-02
8.462156372e+02;4.997412488e-02
8.464528198e+02;4.944109172e-02
8.466899414e+02;4.733560979e-02
8.469271240e+02;4.123237357e-02
8.471643677e+02;3.771435097e-02
8.474015503e+02;3.227740899e-02
8.476387329e+02;3.019857779e-02
8.478759766e+02;2.628077939e-02
8.481132202e+02;2.854617313e-02
8.483504639e+02;2.612086944e-02
8.485877075e+02;1.993767917e-02
8.488249512e+02;1.474060118e-02
8.490621948e+02;1.095606294e-02
8.492994995e+02;8.317545988e-03
8.495368042e+02;7.784512360e-03
8.497740479e+02;4.079928622e-03
8.500113525e+02;3.706804942e-03
8.502487183e+02;2.347568981e-03
8.504860229e+02;3.653501393e-03
8.507233887e+02;-6.374194054e-04
8.509606934e+02;1.548018539e-03
8.511980591e+02;-3.175992169e-04
8.514354248e+02;3.120467765e-03
8.516727905e+02;1.014984911e-03
8.519102173e+02;3.013861133e-03
8.521475830e+02;2.827299293e-03
8.523850098e+02;6.105456036e-03
8.526224365e+02;3.760108259e-03
8.528598633e+02;9.730084799e-03
8.530972900e+02;1.983107254e-02
8.533347168e+02;2.865277976e-02
8.535721436e+02;3.696810454e-02
8.538096313e+02;3.003866784e-02
8.540471191e+02;2.574774623e-02
8.542846069e+02;2.580104955e-02
8.545220947e+02;2.012424171e-02
8.547595825e+02;1.980442181e-02
8.549971313e+02;1.684608497e-02
8.552346191e+02;1.687273569e-02
8.554721680e+02;1.266176999e-02
8.557097168e+02;1.468729787e-02
8.559472656e+02;1.444743294e-02
8.561848145e+02;1.399435382e-02
8.564224243e+02;1.175561268e-02
8.566599731e+02;1.236860175e-02
8.568975830e+02;1.119592786e-02
8.571351929e+02;1.130253449e-02
8.573728027e+02;1.100936625e-02
8.576104126e+02;1.186221931e-02
8.578480225e+02;1.162235439e-02
8.580856934e+02;1.351462398e-02
8.583233032e+02;8.637365885e-03
8.585609741e+02;9.117096663e-03
8.587986450e+02;3.360332921e-03
8.590363159e+02;3.706804942e-03
8.592740479e+02;3.413636237e-03
8.595117188e+02;7.484680973e-04
8.597494507e+02;-4.508576239e-04
8.599871826e+02;8.217601862e-05
8.602249146e+02;-5.841160310e-04
8.604626465e+02;1.494715223e-03
8.607003784e+02;-6.374194054e-04
8.609381714e+02;-5.108239202e-05
8.611759033e+02;6.685130647e-04
8.614136963e+02;1.867838786e-03
8.616514893e+02;3.706804942e-03
8.618892822e+02;3.466939786e-03
8.621270752e+02;2.027748851e-03
8.623649292e+02;2.933906158e-03
8.626027222e+02;2.427524189e-03
8.628405762e+02;3.413636237e-03
8.630784302e+02;7.484680973e-04
8.633162842e+02;-3.442509042e-04
8.635541382e+02;4.819512542e-04
8.637919922e+02;1.414760132e-03
8.640299072e+02;-1.570228254e-03
8.642678223e+02;9.883332532e-04
8.645057373e+02;-1.170453033e-03
8.647436523e+02;-1.576891227e-04
8.649815674e+02;-6.107677473e-04
8.652194824e+02;1.174894976e-03
8.654574585e+02;6.418613484e-04
8.656953735e+02;2.347568981e-03
8.659333496e+02;-3.709025914e-04
8.661713257e+02;3.753445344e-04
8.664093018e+02;1.354793931e-04
8.666472778e+02;3.173771081e-03
8.668853149e+02;3.440288128e-03
8.671233521e+02;2.560782479e-03
8.673613281e+02;2.027748851e-03
8.675993652e+02;2.720692661e-03
8.678374023e+02;5.066040438e-03
8.680755005e+02;6.185411476e-03
8.683135376e+02;6.745096762e-03
8.685516357e+02;6.531883031e-03
8.687896729e+02;3.546894761e-03
8.690277710e+02;3.653501393e-03
8.692658691e+02;2.027748851e-03
8.695040283e+02;5.519119091e-03
8.697421265e+02;4.612962250e-03
8.699802856e+02;4.133231938e-03
8.702183838e+02;2.480827505e-03
8.704565430e+02;6.185411476e-03
8.706947021e+02;3.733456600e-03
8.709328613e+02;5.012737121e-03
8.711710815e+02;5.012737121e-03
8.714092407e+02;4.373096861e-03
8.716474609e+02;3.040512791e-03
8.718856812e+02;4.586310592e-03
8.721239014e+02;5.119344220e-03
8.723621216e+02;2.587434137e-03
8.726003418e+02;1.228198409e-03
8.728386230e+02;1.841187011e-03
8.730768433e+02;5.352545995e-04
8.733151245e+02;2.534130821e-03
8.735534058e+02;2.027748851e-03
8.737916870e+02;-2.376441698e-04
8.740299683e+02;2.427524189e-03
8.742683105e+02;-2.642958425e-04
8.745066528e+02;3.013861133e-03
8.747449341e+02;2.154344402e-04
8.749832764e+02;1.601321972e-03
8.752216187e+02;3.753445344e-04
8.754600220e+02;2.880602609e-03
8.756983643e+02;1.014984911e-03
8.759367065e+02;2.427524189e-03
8.761751099e+02;2.953894727e-04
8.764135132e+02;3.253726289e-03
8.766519165e+02;2.694041003e-03
8.768903198e+02;3.220411600e-04
8.771287842e+02;1.068288228e-03
8.773671875e+02;6.152096903e-04
8.776056519e+02;1.121591660e-03
8.778441162e+02;-5.308126565e-04
8.780825806e+02;-3.442509042e-04
8.783210449e+02;8.817265043e-04
8.785595093e+02;2.800647635e-03
8.787980347e+02;7.218163810e-04
8.790364990e+02;2.887265691e-05
8.792750244e+02;5.885579740e-04
8.795135498e+02;-1.043857555e-04
8.797520752e+02;2.560782479e-03
8.799906616e+02;2.587434137e-03
8.802291870e+02;1.254850067e-03
8.804677734e+02;1.334805042e-03
8.807062988e+02;1.414760132e-03
8.809448853e+02;5.352545995e-04
8.811834717e+02;-8.239811868e-04
8.814221191e+02;1.088277058e-04
8.816607056e+02;-1.623531687e-03
8.818993530e+02;-6.640710635e-04
8.821379395e+02;1.068288228e-03
8.823765869e+02;-3.975542495e-04
8.826152344e+02;1.707928604e-03
8.828539429e+02;-1.783441752e-03
8.830925903e+02;1.921142102e-03
8.833312988e+02;1.088277058e-04
8.835699463e+02;3.733456600e-03
8.838086548e+02;1.148243318e-03
8.840473633e+02;1.174894976e-03
8.842860718e+02;1.201546635e-03
8.845248413e+02;1.308153383e-03
8.847635498e+02;2.667389112e-03
8.850023193e+02;3.973321524e-03
8.852410889e+02;1.494715223e-03
8.854798584e+02;3.520243103e-03
8.857186279e+02;-2.909475297e-04
8.859573975e+02;1.281501725e-03
8.861961670e+02;-1.730138436e-03
8.864349976e+02;1.121591660e-03
8.866738281e+02;1.254850067e-03
8.869126587e+02;9.616815369e-04
8.871514893e+02;4.286478797e-04
8.873903198e+02;4.819512542e-04
8.876292114e+02;-2.236520406e-03
8.878680420e+02;1.201546635e-03
8.881069336e+02;1.121591660e-03
8.883458252e+02;2.214310691e-03
8.885847168e+02;1.014984911e-03
8.888236084e+02;4.286478797e-04
8.890625000e+02;2.507479163e-03
8.893014526e+02;1.088277058e-04
8.895404053e+02;2.427524189e-03
8.897793579e+02;3.600198077e-03
8.900183105e+02;-2.909475297e-04
8.902572632e+02;2.720692661e-03
8.904962158e+02;-7.773407560e-05
8.907352295e+02;-1.843408099e-04
8.909741821e+02;-4.775093112e-04
8.912131958e+02;5.086029414e-04
8.914522095e+02;-2.209868748e-03
8.916912231e+02;-3.709025914e-04
8.919302368e+02;-1.623531687e-03
8.921693115e+02;1.308153383e-03
8.924083862e+02;4.286478797e-04
8.926473999e+02;1.841187011e-03
8.928864746e+02;1.361456816e-03
8.931255493e+02;8.550747880e-04
8.933646851e+02;5.086029414e-04
8.936037598e+02;3.733456600e-03
8.938428955e+02;2.507479163e-03
8.940819702e+02;3.840063233e-03
8.943211060e+02;1.414760132e-03
8.945602417e+02;9.083781624e-04
8.947994385e+02;1.281501725e-03
8.950385742e+02;-2.642958425e-04
8.952777100e+02;-1.890048501e-03
8.955169067e+02;1.148243318e-03
8.957561035e+02;-6.374194054e-04
8.959953003e+02;4.019962216e-04
8.962344971e+02;3.220411600e-04
8.964737549e+02;8.550747880e-04
8.967129517e+02;-1.310374355e-04
8.969522095e+02;-1.576891227e-04
8.971914673e+02;4.819512542e-04
8.974307251e+02;1.094940002e-03
8.976699829e+02;2.747344319e-03
8.979092407e+02;2.747344319e-03
8.981484985e+02;3.253726289e-03
8.983878174e+02;2.400872298e-03
8.986271362e+02;4.819512542e-04
8.988664551e+02;2.773995977e-03
8.991057739e+02;1.148243318e-03
8.993450928e+02;1.308153383e-03
8.995844727e+02;1.354793931e-04
8.998237915e+02;4.552995670e-04
9.000631714e+02;6.951647229e-04
9.003025513e+02;5.352545995e-04
9.005419312e+02;-3.975542495e-04
9.007813110e+02;-1.843408099e-04
9.010206909e+02;1.334805042e-03
9.012601318e+02;6.152096903e-04
9.014995728e+02;-5.108239202e-05
9.017390137e+02;1.894490444e-03
9.019784546e+02;-1.043857555e-04
9.022178955e+02;1.601321972e-03
9.024573364e+02;2.614085795e-03
9.026968384e+02;1.308153383e-03
9.029362793e+02;8.550747880e-04
9.031757812e+02;3.040512791e-03
9.034152832e+02;1.414760132e-03
9.036547852e+02;1.974445535e-03
9.038943481e+02;1.894490444e-03
9.041338501e+02;2.220973556e-06
9.043734131e+02;9.083781624e-04
9.046129150e+02;-7.440261543e-04
9.048524780e+02;-1.836745068e-03
9.050920410e+02;-8.239811868e-04
9.053316650e+02;-4.048834555e-03
9.055712280e+02;3.220411600e-04
9.058108521e+02;1.094940002e-03
9.060504150e+02;4.019962216e-04
9.062900391e+02;-1.843408099e-04
9.065296631e+02;2.907254267e-03
9.067693481e+02;3.333681263e-03
9.070089722e+02;4.286478797e-04
9.072486572e+02;2.154344402e-04
9.074882812e+02;2.640737453e-03
9.077279663e+02;2.374220639e-03
9.079676514e+02;2.081052167e-03
9.082073364e+02;5.885579740e-04
9.084470825e+02;1.867838786e-03
9.086867676e+02;-1.843408099e-04
9.089265137e+02;1.148243318e-03
9.091662598e+02;-5.308126565e-04
9.094060059e+02;1.354793931e-04
9.096457520e+02;-1.143801375e-03
9.098854980e+02;2.187659033e-03
9.101252441e+02;4.019962216e-04
9.103650513e+02;1.681276946e-03
9.106048584e+02;1.228198409e-03
9.108446655e+02;1.887827530e-04
9.110844727e+02;1.574670197e-03
9.113242798e+02;2.720692661e-03
9.115641479e+02;1.414760132e-03
9.118039551e+02;2.933906158e-03
9.120438232e+02;3.333681263e-03
9.122836914e+02;3.120467765e-03
9.125235596e+02;3.413636237e-03
9.127634277e+02;9.143748321e-03
9.130032959e+02;1.202213019e-02
9.132432251e+02;2.108370140e-02
9.134831543e+02;3.006531857e-02
9.137230225e+02;3.254392371e-02
9.139629517e+02;2.817304991e-02
9.142029419e+02;2.713363431e-02
9.144428711e+02;2.524136379e-02
9.146828003e+02;2.508145384e-02
9.149227905e+02;1.593992673e-02
9.151627808e+02;2.137687057e-02
9.154027710e+02;2.092379145e-02
9.156427612e+02;1.940464601e-02
9.158827515e+02;1.684608497e-02
9.161228027e+02;1.852514036e-02
9.163627930e+02;1.740576886e-02
9.166028442e+02;1.908482611e-02
9.168428955e+02;1.945794933e-02
9.170829468e+02;1.484720781e-02
9.173229980e+02;1.484720781e-02
9.175631104e+02;1.692603901e-02
9.178031616e+02;1.295493823e-02
9.180432739e+02;1.351462398e-02
9.182833862e+02;1.034307387e-02
9.185234985e+02;1.380779222e-02
9.187636108e+02;8.397500962e-03
9.190037231e+02;1.087610703e-02
9.192438965e+02;9.037141688e-03
9.194840698e+02;9.223703295e-03
9.197241821e+02;6.851703394e-03
9.199643555e+02;1.028977055e-02
9.202045898e+02;9.596826509e-03
9.204447632e+02;5.599074066e-03
9.206849365e+02;6.212063134e-03
9.209251709e+02;5.465815775e-03
9.211654053e+02;6.212063134e-03
9.214056396e+02;4.159883596e-03
9.216458740e+02;3.333681263e-03
9.218861084e+02;3.520243103e-03
9.221264038e+02;5.086029414e-04
9.223666382e+02;8.284231299e-04
9.226069336e+02;1.627973630e-03
9.228472290e+02;9.883332532e-04
9.230875244e+02;1.121591660e-03
9.233278198e+02;5.998849403e-03
9.235681763e+02;7.038265001e-03
9.238084717e+02;9.943298995e-03
9.240488281e+02;9.010490030e-03
9.242891846e+02;8.930535056e-03
9.245295410e+02;5.252602510e-03
9.247698975e+02;7.731209043e-03
9.250102539e+02;7.624601945e-03
9.252506714e+02;8.157636039e-03
9.254910278e+02;6.878355052e-03
9.257314453e+02;7.731209043e-03
9.259718628e+02;6.984961685e-03
9.262122803e+02;5.572422408e-03
9.264527588e+02;7.464691997e-03
9.266931763e+02;5.012737121e-03
9.269336548e+02;4.746220540e-03
9.271741333e+02;7.464691997e-03
9.274146118e+02;3.013861133e-03
9.276550903e+02;3.307029605e-03
9.278955688e+02;5.545770749e-03
9.281360474e+02;6.611838005e-03
9.283765869e+02;1.814535353e-03
9.286171265e+02;2.747344319e-03
9.288576660e+02;4.533006810e-03
9.290982056e+02;4.772872198e-03
9.293387451e+02;2.587434137e-03
9.295792847e+02;2.320917323e-03
9.298198853e+02;4.932782147e-03
9.300604248e+02;4.186535254e-03
9.303010254e+02;4.266490228e-03
9.305416260e+02;4.612962250e-03
9.307822266e+02;4.133231938e-03
9.310228882e+02;4.959433805e-03
9.312634888e+02;1.494715223e-03
9.315041504e+02;1.654625288e-03
9.317448120e+02;6.685130647e-04
9.319854736e+02;3.147119423e-03
9.322261353e+02;-6.107677473e-04
9.324667969e+02;1.548018539e-03
9.327075195e+02;-6.640710635e-04
9.329481812e+02;2.887265691e-05
9.331889038e+02;-1.576891227e-04
9.334296265e+02;-1.250408124e-03
9.336703491e+02;-3.442509042e-04
9.339110718e+02;1.148243318e-03
9.341518555e+02;-1.703486661e-03
9.343925781e+02;1.947793760e-03
9.346333618e+02;5.619063159e-04
9.348741455e+02;2.880602609e-03
9.351149292e+02;2.640737453e-03
9.353557129e+02;1.228198409e-03
9.355964966e+02;1.894490444e-03
9.358373413e+02;-7.706778124e-04
9.360781250e+02;1.334805042e-03
9.363189697e+02;4.819512542e-04
9.365598145e+02;1.041636569e-03
9.368006592e+02;1.354793931e-04
9.370415649e+02;6.685130647e-04
9.372824097e+02;1.621310657e-04
9.375233154e+02;1.281501725e-03
9.377642212e+02;-2.076610224e-03
9.380051270e+02;1.681276946e-03
9.382460327e+02;1.228198409e-03
9.384869385e+02;2.667389112e-03
9.387278442e+02;-3.709025914e-04
9.389688110e+02;1.867838786e-03
9.392097778e+02;2.534130821e-03
9.394507446e+02;3.120467765e-03
9.396917114e+02;-5.841160310e-04
9.399326782e+02;2.880602609e-03
9.401736450e+02;2.907254267e-03
9.404146729e+02;2.134355484e-03
9.406556396e+02;1.654625288e-03
9.408966675e+02;1.254850067e-03
9.411376953e+02;-3.442509042e-04
9.413787842e+02;-1.410318189e-03
9.416198120e+02;-5.308126565e-04
9.418608398e+02;2.347568981e-03
9.421019287e+02;1.361456816e-03
9.423430176e+02;-5.108239202e-05
9.425841064e+02;6.418613484e-04
9.428251953e+02;8.550747880e-04
9.430662842e+02;-5.574643728e-04
9.433074341e+02;9.616815369e-04
9.435485229e+02;2.667389112e-03
9.437896729e+02;1.088277058e-04
9.440308228e+02;1.414760132e-03
9.442719727e+02;-1.843408099e-04
9.445131226e+02;2.987209475e-03
9.447543335e+02;1.761232037e-03
9.449954834e+02;3.753445344e-04
9.452366943e+02;2.667389112e-03
9.454779053e+02;-8.239811868e-04
9.457191162e+02;8.217601862e-05
9.459603271e+02;-1.436969847e-03
9.462015381e+02;1.521366881e-03
9.464428101e+02;-4.775093112e-04
9.466840820e+02;2.887265691e-05
9.469252930e+02;-1.250408124e-03
9.471665649e+02;9.616815369e-04
9.474078979e+02;1.468063565e-03
9.476491699e+02;1.494715223e-03
9.478904419e+02;9.616815369e-04
9.481317749e+02;6.152096903e-04
9.483731079e+02;1.121591660e-03
9.486144409e+02;3.413636237e-03
9.488557739e+02;7.484680973e-04
9.490971069e+02;2.720692661e-03
9.493384399e+02;8.017714717e-04
9.495798340e+02;3.147119423e-03
9.498212280e+02;1.281501725e-03
9.500626221e+02;4.019962216e-04
9.503040161e+02;5.552433868e-05
9.505454102e+02;1.681276946e-03
9.507868042e+02;1.621310657e-04
9.510282593e+02;-6.107677473e-04
9.512697144e+02;-2.103261882e-03
9.515111084e+02;3.120467765e-03
9.517525635e+02;6.418613484e-04
9.519940796e+02;1.734580379e-03
9.522355347e+02;8.550747880e-04
9.524769897e+02;1.308153383e-03
9.527185059e+02;4.552995670e-04
9.529600220e+02;-9.305879357e-04
9.532015381e+02;1.174894976e-03
9.534430542e+02;1.121591660e-03
9.536845703e+02;1.707928604e-03
9.539261475e+02;2.800647635e-03
9.541676636e+02;1.281501725e-03
9.544092407e+02;1.414760132e-03
9.546508179e+02;-2.769554034e-03
9.548923950e+02;-3.442509042e-04
9.551339722e+02;2.220973556e-06
9.553756104e+02;4.552995670e-04
9.556171875e+02;-1.623531687e-03
9.558588257e+02;9.616815369e-04
9.561004639e+02;4.552995670e-04
9.563421021e+02;-4.775093112e-04
9.565837402e+02;-9.039362194e-04
9.568253784e+02;5.086029414e-04
9.570670776e+02;-1.303711440e-03
9.573087158e+02;9.616815369e-04
9.575504150e+02;1.887827530e-04
9.577921143e+02;1.228198409e-03
9.580338135e+02;9.883332532e-04
9.582755737e+02;1.761232037e-03
9.585172729e+02;-6.107677473e-04
9.587590332e+02;3.680153051e-03
9.590007324e+02;4.819512542e-04
9.592424927e+02;4.552995670e-04
9.594843140e+02;2.154344402e-04
9.597260742e+02;2.134355484e-03
9.599678345e+02;-1.117149717e-03
9.602096558e+02;-5.308126565e-04
9.604514160e+02;9.083781624e-04
9.606932373e+02;-2.443070844e-05
9.609350586e+02;2.081052167e-03
9.611769409e+02;-8.239811868e-04
9.614187622e+02;-2.109924826e-04
9.616605835e+02;6.418613484e-04
9.619024658e+02;-2.642958425e-04
9.621443481e+02;1.627973630e-03
9.623862305e+02;1.201546635e-03
9.626281128e+02;2.134355484e-03
9.628699951e+02;3.227074631e-03
9.631119385e+02;3.600198077e-03
9.633538818e+02;-5.041609984e-04
9.635957642e+02;4.286478797e-04
9.638377075e+02;1.068288228e-03
9.640796509e+02;2.853950951e-03
9.643216553e+02;8.217601862e-05
9.645635986e+02;4.552995670e-04
9.648056030e+02;-9.305879357e-04
9.650475464e+02;-2.443070844e-05
9.652895508e+02;-1.863396843e-03
9.655315552e+02;4.552995670e-04
9.657735596e+02;5.619063159e-04
9.660156250e+02;2.374220639e-03
9.662576294e+02;-2.909475297e-04
9.664996948e+02;4.026624840e-03
9.667417603e+02;4.799523856e-03
9.669838257e+02;4.133231938e-03
9.672258911e+02;6.745096762e-03
9.674679565e+02;5.305905826e-03
9.677100830e+02;5.705681164e-03
9.679522095e+02;6.265366450e-03
9.681942749e+02;5.172647536e-03
9.684364014e+02;4.373096861e-03
9.686785278e+02;2.427524189e-03
9.689207153e+02;5.545770749e-03
9.691628418e+02;2.161007142e-03
9.694050293e+02;1.521366881e-03
9.696471558e+02;3.840063233e-03
9.698893433e+02;2.694041003e-03
9.701315308e+02;2.827299293e-03
9.703737793e+02;2.694041003e-03
9.706159668e+02;3.733456600e-03
9.708582153e+02;3.413636237e-03
9.711004028e+02;3.280377947e-03
9.713426514e+02;4.053276498e-03
9.715848999e+02;3.253726289e-03
9.718271484e+02;2.880602609e-03
9.720694580e+02;3.013861133e-03
9.723117065e+02;4.666265566e-03
9.725540161e+02;4.319793545e-03
9.727963257e+02;4.266490228e-03
9.730386353e+02;3.013861133e-03
9.732809448e+02;1.707928604e-03
9.735232544e+02;2.560782479e-03
9.737655640e+02;2.687377855e-04
9.740079346e+02;4.019962216e-04
9.742503052e+02;2.773995977e-03
9.744926758e+02;2.134355484e-03
9.747350464e+02;1.627973630e-03
9.749774170e+02;1.621310657e-04
9.752197876e+02;1.654625288e-03
9.754622192e+02;1.281501725e-03
9.757046509e+02;2.827299293e-03
9.759470825e+02;2.294265665e-03
9.761895142e+02;4.053276498e-03
9.764319458e+02;2.427524189e-03
9.766743774e+02;3.626849735e-03
9.769168701e+02;8.217601862e-05
9.771593018e+02;2.187659033e-03
9.774017944e+02;2.267614007e-03
9.776442871e+02;1.281501725e-03
9.778867798e+02;1.354793931e-04
9.781292725e+02;-1.043857555e-04
9.783718262e+02;1.174894976e-03
9.786143799e+02;-3.442509042e-04
9.788568726e+02;2.773995977e-03
9.790994263e+02;2.154344402e-04
9.793419800e+02;-7.173744380e-04
9.795845947e+02;1.014984911e-03
9.798271484e+02;2.027748851e-03
9.800697021e+02;8.550747880e-04
9.803123169e+02;1.574670197e-03
9.805549316e+02;-2.443070844e-05
9.807975464e+02;2.320917323e-03
9.810401611e+02;2.107703825e-03
9.812828369e+02;2.027748851e-03
9.815254517e+02;3.600198077e-03
9.817681274e+02;1.654625288e-03
9.820108032e+02;3.040512791e-03
9.822534790e+02;1.947793760e-03
9.824961548e+02;4.133231938e-03
9.827388306e+02;4.019962216e-04
9.829815674e+02;8.550747880e-04
9.832242432e+02;1.841187011e-03
9.834669800e+02;6.685130647e-04
9.837097168e+02;8.217601862e-05
9.839524536e+02;-6.107677473e-04
9.841951904e+02;-1.197104692e-03
9.844379883e+02;1.574670197e-03
9.846807251e+02;1.068288228e-03
9.849235229e+02;3.120467765e-03
9.851663208e+02;-7.773407560e-05
9.854091187e+02;8.550747880e-04
9.856519165e+02;3.067164449e-03
9.858947144e+02;2.054400509e-03
9.861375732e+02;2.054400509e-03
9.863804321e+02;2.534130821e-03
9.866232300e+02;3.546894761e-03
9.868660889e+02;3.786759917e-03
9.871089478e+02;8.817265043e-04
9.873518677e+02;2.027748851e-03
9.875947266e+02;1.094940002e-03
9.878376465e+02;2.154344402e-04
9.880805664e+02;2.887265691e-05
9.883234863e+02;-7.773407560e-05
9.885664062e+02;7.484680973e-04
9.888093262e+02;2.240962349e-03
9.890522461e+02;2.154344402e-04
9.892952271e+02;1.601321972e-03
9.895382080e+02;-2.443070844e-05
9.897811279e+02;7.218163810e-04
9.900241699e+02;1.761232037e-03
9.902671509e+02;2.374220639e-03
9.905101318e+02;-7.173744380e-04
9.907531738e+02;-3.175992169e-04
9.909961548e+02;3.786759917e-03
9.912391968e+02;1.068288228e-03
9.914822388e+02;1.814535353e-03
9.917252808e+02;1.254850067e-03
9.919683838e+02;-1.576891227e-04
9.922114258e+02;1.621310657e-04
9.924545288e+02;5.352545995e-04
9.926975708e+02;8.284231299e-04
9.929406738e+02;-9.572395938e-04
9.931837769e+02;-1.303711440e-03
9.934269409e+02;-2.909475297e-04
9.936700439e+02;7.751197554e-04
9.939132080e+02;2.953894727e-04
9.941563110e+02;5.352545995e-04
9.943994751e+02;1.094940002e-03
9.946426392e+02;2.134355484e-03
9.948858643e+02;6.418613484e-04
9.951290283e+02;2.534130821e-03
9.953721924e+02;2.267614007e-03
9.956154175e+02;4.552995670e-04
9.958586426e+02;-2.909475297e-04
9.961018677e+02;3.120467765e-03
9.963450928e+02;2.220973556e-06
9.965883179e+02;3.173771081e-03
9.968316040e+02;-1.596880029e-03
9.970748291e+02;-1.916700159e-03
9.973181152e+02;2.081052167e-03
9.975614014e+02;-5.308126565e-04
9.978046875e+02;5.352545995e-04
9.980480347e+02;-9.572395938e-04
9.982913208e+02;2.694041003e-03
9.985346680e+02;4.552995670e-04
9.987779541e+02;1.887827530e-04
9.990213013e+02;3.753445344e-04
9.992646484e+02;6.152096903e-04
9.995079956e+02;-1.576891227e-04
9.997514038e+02;3.440288128e-03
9.999947510e+02;1.601321972e-03
1.000238159e+03;4.079928622e-03
1.000481567e+03;3.307029605e-03
1.000724976e+03;3.280377947e-03
1.000968384e+03;2.933906158e-03
1.001211792e+03;2.154344402e-04
1.001455261e+03;-2.103261882e-03
1.001698669e+03;5.552433868e-05
1.001942139e+03;-1.576891227e-04
1.002185608e+03;7.751197554e-04
1.002429077e+03;-1.143801375e-03
1.002672546e+03;2.687377855e-04
1.002916077e+03;-1.596880029e-03
1.003159546e+03;-1.010542968e-03
1.003403076e+03;5.352545995e-04
1.003646606e+03;2.614085795e-03
1.003890137e+03;1.014984911e-03
1.004133667e+03;1.494715223e-03
1.004377258e+03;1.201546635e-03
1.004620789e+03;1.974445535e-03
1.004864380e+03;2.347568981e-03
1.005107971e+03;7.484680973e-04
1.005351562e+03;1.921142102e-03
1.005595154e+03;2.987209475e-03
1.005838745e+03;2.687377855e-04
1.006082336e+03;5.552433868e-05
1.006325989e+03;8.817265043e-04
1.006569641e+03;-5.108239202e-05
1.006813293e+03;-1.143801375e-03
1.007056946e+03;1.088277058e-04
1.007300598e+03;-2.289823722e-03
1.007544312e+03;1.894490444e-03
1.007787964e+03;-1.810093410e-03
1.008031677e+03;7.484680973e-04
1.008275391e+03;-9.838913102e-04
1.008519104e+03;3.753445344e-04
1.008762817e+03;7.484680973e-04
1.009006531e+03;1.974445535e-03
1.009250305e+03;2.427524189e-03
1.009494019e+03;3.466939786e-03
1.009737793e+03;7.751197554e-04
1.009981567e+03;3.013861133e-03
1.010225342e+03;1.734580379e-03
1.010469177e+03;7.218163810e-04
1.010712952e+03;-5.108239202e-05
1.010956787e+03;-1.043857555e-04
1.011200623e+03;3.753445344e-04
1.011444397e+03;3.220411600e-04
1.011688293e+03;9.350298787e-04
1.011932129e+03;1.148243318e-03
1.012175964e+03;1.354793931e-04
1.012419861e+03;-1.383666531e-03
1.012663696e+03;6.951647229e-04
1.012907593e+03;1.947793760e-03
1.013151489e+03;5.086029414e-04
1.013395447e+03;3.067164449e-03
1.013639343e+03;1.414760132e-03
1.013883240e+03;1.441411790e-03
1.014127197e+03;8.550747880e-04
1.014371155e+03;3.173771081e-03
1.014615112e+03;8.550747880e-04
1.014859070e+03;2.507479163e-03
1.015103027e+03;1.068288228e-03
1.015347046e+03;1.254850067e-03
1.015591003e+03;-4.775093112e-04
1.015835022e+03;1.308153383e-03
1.016079041e+03;-1.863396843e-03
1.016323059e+03;-2.376441698e-04
1.016567078e+03;-1.330363099e-03
1.016811157e+03;-3.975542495e-04
1.017055176e+03;-1.970003592e-03
1.017299255e+03;2.154344402e-04
1.017543335e+03;-1.063846285e-03
1.017787415e+03;7.218163810e-04
1.018031494e+03;1.354793931e-04
1.018275574e+03;-1.170453033e-03
1.018519714e+03;2.107703825e-03
1.018763855e+03;3.973321524e-03
1.019007935e+03;7.751197554e-04
1.019252075e+03;1.548018539e-03
1.019496216e+03;-4.242059367e-04
1.019740417e+03;3.753445344e-04
1.019984558e+03;-9.838913102e-04
1.020228760e+03;-1.783441752e-03
[EndOfFile]
