#Thorlabs FTS
[SpectrumHeader]
#Date;20251107
#Time;17552806
#GMTTime;20552806
#Instrument;0
#InstrModel;CCS200
#Series;0
#InterferometerSerial;M00311012
#Type;emission
#ChannelIndex;0
#XAxisUnit;nm_air
#YAxisUnit;intensity
#Average;1
#RollingAverage;0
#SpectrumSmooth;0
#SSmoothParam1;0
#SSmoothParam2;0
#SSmoothParam3;0
#SSmoothParam4;0
#IntegrationTime;0.145000
#TriggerMode;0
#AirMeasureOpt;0
#AirTemp;0.00
#AirPressure;0.00
#AirRelHum;0.00
#WnrMin;9799.037109
#WnrMax;50982.906250
#Length;3648
#Resolution;0.0000000000e+00
#ADC;0
#InstrStatus;0
#RefLaserLocked;0
#ChannelIndex;0
#AttenuationFilter;0
#Stitched;0
#ExcitationWavelength_nm;0
#SoftwareVersion;3.310000
#FirmwareVersion;
#Motor_FirmwareVersion;
#ReconstructionAlgorithms_SoftwareVersion;
#Sensor_FirmwareVersion;
#InstrSeriesIdentifier;MUN_CCS_SERIES
#RefGainIndex;0
#RefSignalInPerecent;0.0
#BBRefGainIndex;0
#BBRefSignalInPerecent;0.0
#AutogainStatus;0
#Name;
#Comment;""
#ExtComment;""
#Source;
[Data]
1.960870056e+02;1.416034531e-03
1.962940979e+02;1.149695716e-03
1.965012054e+02;2.108515240e-03
1.967083282e+02;1.149695716e-03
1.969154510e+02;4.319127183e-03
1.971225891e+02;3.573378548e-03
1.973297424e+02;2.827629913e-03
1.975368958e+02;3.706547897e-03
1.977440643e+02;2.587925177e-03
1.979512482e+02;2.774362219e-03
1.981584320e+02;4.478930496e-03
1.983656311e+02;3.573378548e-03
1.985728455e+02;3.147236537e-03
1.987800751e+02;1.602471573e-03
1.989873047e+02;3.120602574e-03
1.991945496e+02;1.176329562e-03
1.994018097e+02;1.043160213e-03
1.996090698e+02;-1.140817767e-03
1.998163452e+02;1.895444235e-03
2.000236359e+02;1.815542695e-03
2.002309418e+02;-1.140817767e-03
2.004382477e+02;-2.086320455e-04
2.006455688e+02;2.348220209e-03
2.008528900e+02;2.215050859e-03
2.010602417e+02;2.028613584e-03
2.012675934e+02;9.632585570e-04
2.014749451e+02;4.638733808e-03
2.016823273e+02;2.827629913e-03
2.018897095e+02;3.919619136e-03
2.020971069e+02;3.227138193e-03
2.023045044e+02;2.960799262e-03
2.025119171e+02;4.585465882e-03
2.027193451e+02;5.091509782e-03
2.029267883e+02;1.442668377e-03
2.031342316e+02;4.718635231e-03
2.033416901e+02;2.428121865e-03
2.035491638e+02;2.454755595e-03
2.037566376e+02;2.215050859e-03
2.039641418e+02;3.200504230e-03
2.041716309e+02;3.107285738e-05
2.043791504e+02;4.838487657e-04
2.045866699e+02;-7.945773541e-04
2.047942047e+02;1.522570034e-03
2.050017548e+02;1.602471573e-03
2.052093048e+02;1.975345891e-03
2.054168701e+02;3.466842929e-03
2.056244507e+02;3.333673580e-03
2.058320312e+02;2.907531569e-03
2.060396423e+02;3.706547897e-03
2.062472534e+02;1.922078198e-03
2.064548645e+02;1.735641039e-03
2.066624908e+02;3.466842929e-03
2.068701324e+02;2.800996182e-03
2.070777893e+02;1.762274886e-03
2.072854462e+02;3.733181860e-03
2.074931335e+02;2.907531569e-03
2.077008057e+02;3.280405886e-03
2.079085083e+02;-3.151675628e-04
2.081162109e+02;4.572148900e-04
2.083239288e+02;2.641192870e-03
2.085316467e+02;3.506793873e-04
2.087393951e+02;-3.950691898e-04
2.089471436e+02;4.438979431e-06
2.091548920e+02;1.362766721e-03
2.093626709e+02;1.868810388e-03
2.095704498e+02;7.501875516e-04
2.097782440e+02;2.161782933e-03
2.099860382e+02;4.305810144e-04
2.101938629e+02;3.600012511e-03
2.104016724e+02;2.880897839e-03
2.106095123e+02;9.099908057e-04
2.108173523e+02;4.638733808e-03
2.110252075e+02;5.491017830e-03
2.112330780e+02;3.014067188e-03
2.114409637e+02;3.253771923e-03
2.116488495e+02;4.399028607e-03
2.118567505e+02;5.331214517e-03
2.120646515e+02;1.629105536e-03
2.122725677e+02;1.868810388e-03
2.124804993e+02;2.508023521e-03
2.126884460e+02;1.096427906e-03
2.128963928e+02;5.371165462e-04
2.131043549e+02;8.567230543e-04
2.133123322e+02;1.069794060e-03
2.135203094e+02;2.481389558e-03
2.137283173e+02;6.702858955e-04
2.139363098e+02;2.135149203e-03
2.141443329e+02;1.868810388e-03
2.143523560e+02;2.001979854e-03
2.145603943e+02;2.561291214e-03
2.147684479e+02;1.735641039e-03
2.149765015e+02;1.362766721e-03
2.151845703e+02;4.372394644e-03
2.153926544e+02;3.573378548e-03
2.156007538e+02;3.546744585e-03
2.158088531e+02;2.374854172e-03
2.160169678e+02;3.866351210e-03
2.162250824e+02;2.055247547e-03
2.164332123e+02;4.905072507e-03
2.166413574e+02;1.788908732e-03
2.168495178e+02;2.774362219e-03
2.170576782e+02;1.629105536e-03
2.172658691e+02;1.788908732e-03
2.174740448e+02;2.321586246e-03
2.176822510e+02;1.709007076e-03
2.178904572e+02;-2.086320455e-04
2.180986786e+02;2.028613584e-03
2.183069000e+02;2.960799262e-03
2.185151520e+02;1.495936071e-03
2.187234039e+02;3.786449553e-03
2.189316559e+02;5.637503928e-04
2.191399384e+02;1.895444235e-03
2.193482208e+02;4.265859257e-03
2.195565186e+02;2.614558907e-03
2.197648163e+02;2.534657251e-03
2.199731293e+02;4.771903157e-03
2.201814575e+02;3.546744585e-03
2.203898010e+02;3.759815590e-03
2.205981445e+02;3.440209199e-03
2.208065033e+02;1.642422430e-04
2.210148773e+02;1.642422430e-04
2.212232513e+02;-3.351429477e-03
2.214316406e+02;-1.553642796e-04
2.216400452e+02;3.506793873e-04
2.218484650e+02;1.602471573e-03
2.220568848e+02;1.948712044e-03
2.222653198e+02;9.898924036e-04
2.224737549e+02;4.838487657e-04
2.226822205e+02;1.069794060e-03
2.228906860e+02;3.307039849e-03
2.230991516e+02;3.333673580e-03
2.233076477e+02;2.641192870e-03
2.235161438e+02;3.280405886e-03
2.237246552e+02;2.454755595e-03
2.239331665e+02;2.934165532e-03
2.241416931e+02;3.733181860e-03
2.243502350e+02;3.067334881e-03
2.245587921e+02;2.321586246e-03
2.247673492e+02;1.735641039e-03
2.249759216e+02;2.561291214e-03
2.251845093e+02;1.043160213e-03
2.253930969e+02;7.768213982e-04
2.256017151e+02;1.735641039e-03
2.258103180e+02;2.241684590e-03
2.260189514e+02;1.069794060e-03
2.262275848e+02;7.768213982e-04
2.264362335e+02;-4.217030655e-04
2.266448975e+02;2.454755595e-03
2.268535614e+02;1.016526367e-03
2.270622406e+02;2.880897839e-03
2.272709351e+02;1.575837727e-03
2.274796295e+02;2.161782933e-03
2.276883392e+02;1.788908732e-03
2.278970642e+02;1.948712044e-03
2.281058044e+02;3.786449553e-03
2.283145447e+02;3.759815590e-03
2.285233002e+02;4.585465882e-03
2.287320557e+02;4.292493220e-03
2.289408417e+02;8.567230543e-04
2.291496277e+02;1.629105536e-03
2.293584137e+02;1.868810388e-03
2.295672302e+02;-2.086320455e-04
2.297760468e+02;2.534657251e-03
2.299848785e+02;-1.060916111e-03
2.301937103e+02;2.241684590e-03
2.304025726e+02;2.721094526e-03
2.306114197e+02;2.454755595e-03
2.308202972e+02;6.969198002e-04
2.310291748e+02;4.239225294e-03
2.312380676e+02;1.389400568e-03
2.314469757e+02;4.026154522e-03
2.316558990e+02;2.135149203e-03
2.318648224e+02;2.747728257e-03
2.320737610e+02;4.079422448e-03
2.322826996e+02;4.984973930e-03
2.324916534e+02;1.202963409e-03
2.327006226e+02;2.774362219e-03
2.329096069e+02;1.202963409e-03
2.331185913e+02;1.096427906e-03
2.333275909e+02;1.202963409e-03
2.335366058e+02;2.028613584e-03
2.337456207e+02;2.135149203e-03
2.339546661e+02;7.501875516e-04
2.341636963e+02;8.300892077e-04
2.343727570e+02;1.815542695e-03
2.345818176e+02;1.149695716e-03
2.347908936e+02;2.707777603e-04
2.349999847e+02;3.773132630e-04
2.352090759e+02;3.200504230e-03
2.354181824e+02;2.934165532e-03
2.356273041e+02;3.280405886e-03
2.358364258e+02;2.987433225e-03
2.360455627e+02;4.159323871e-03
2.362547150e+02;1.336132875e-03
2.364638824e+02;3.813083516e-03
2.366730499e+02;1.948712044e-03
2.368822327e+02;3.120602574e-03
2.370914154e+02;1.469302224e-03
2.373006287e+02;2.401487902e-03
2.375098419e+02;1.336132875e-03
2.377190552e+02;1.149695716e-03
2.379282990e+02;1.842176542e-03
2.381375427e+02;2.561291214e-03
2.383468018e+02;2.454755595e-03
2.385560608e+02;7.501875516e-04
2.387653503e+02;1.202963409e-03
2.389746246e+02;5.104826414e-04
2.391839294e+02;-2.885336580e-04
2.393932343e+02;1.442668377e-03
2.396025543e+02;3.759815590e-03
2.398118896e+02;2.481389558e-03
2.400212402e+02;1.469302224e-03
2.402305908e+02;4.185957834e-03
2.404399414e+02;2.747728257e-03
2.406493225e+02;2.987433225e-03
2.408587036e+02;3.759815590e-03
2.410681000e+02;2.188416896e-03
2.412775116e+02;1.309499028e-03
2.414869232e+02;3.386941506e-03
2.416963501e+02;2.055247547e-03
2.419057922e+02;3.253771923e-03
2.421152344e+02;6.702858955e-04
2.423246918e+02;2.880897839e-03
2.425341644e+02;1.549203880e-03
2.427436371e+02;2.481389558e-03
2.429531403e+02;1.842176542e-03
2.431626434e+02;2.081881510e-03
2.433721466e+02;2.321586246e-03
2.435816650e+02;3.093968844e-03
2.437911987e+02;1.895444235e-03
2.440007477e+02;2.641192870e-03
2.442103119e+02;1.149695716e-03
2.444198761e+02;3.786449553e-03
2.446294403e+02;5.903842975e-04
2.448390350e+02;5.371165462e-04
2.450486298e+02;1.922078198e-03
2.452582397e+02;2.215050859e-03
2.454678650e+02;1.549203880e-03
2.456774902e+02;2.241684590e-03
2.458871307e+02;2.294952516e-03
2.460967865e+02;2.707777603e-04
2.463064423e+02;2.441438846e-04
2.465161133e+02;4.372394644e-03
2.467257996e+02;1.376083674e-04
2.469354858e+02;1.389400568e-03
2.471451874e+02;2.161782933e-03
2.473549042e+02;2.534657251e-03
2.475646362e+02;4.212591797e-03
2.477743683e+02;2.268318553e-03
2.479841156e+02;1.336132875e-03
2.481938782e+02;2.721094526e-03
2.484036407e+02;5.144777242e-03
2.486134186e+02;1.922078198e-03
2.488232117e+02;2.241684590e-03
2.490330048e+02;3.173870500e-03
2.492428284e+02;1.149695716e-03
2.494526367e+02;2.587925177e-03
2.496624756e+02;2.161782933e-03
2.498723145e+02;-3.684353142e-04
2.500821686e+02;1.202963409e-03
2.502920380e+02;4.838487657e-04
2.505019073e+02;4.438979431e-06
2.507117920e+02;2.241684590e-03
2.509216919e+02;2.707777603e-04
2.511315918e+02;1.735641039e-03
2.513415222e+02;2.401487902e-03
2.515514374e+02;8.034553030e-04
2.517613831e+02;9.099908057e-04
2.519713287e+02;2.854263876e-03
2.521812897e+02;2.161782933e-03
2.523912659e+02;3.653280204e-03
2.526012421e+02;2.001979854e-03
2.528112335e+02;2.055247547e-03
2.530212402e+02;2.321586246e-03
2.532312469e+02;3.520110855e-03
2.534412689e+02;2.108515240e-03
2.536513062e+02;1.709007076e-03
2.538613586e+02;-9.543806082e-04
2.540714111e+02;2.960799262e-03
2.542814789e+02;4.838487657e-04
2.544915466e+02;1.389400568e-03
2.547016449e+02;1.948712044e-03
2.549117432e+02;2.534657251e-03
2.551218567e+02;1.096427906e-03
2.553319702e+02;2.508023521e-03
2.555420990e+02;2.827629913e-03
2.557522430e+02;2.454755595e-03
2.559623871e+02;4.452296533e-03
2.561725464e+02;4.372394644e-03
2.563827209e+02;8.833569591e-04
2.565928955e+02;3.466842929e-03
2.568031006e+02;1.416034531e-03
2.570133057e+02;1.842176542e-03
2.572235107e+02;1.469302224e-03
2.574337463e+02;3.040700918e-03
2.576439819e+02;1.202963409e-03
2.578542480e+02;2.641192870e-03
2.580644836e+02;2.974116360e-04
2.582747498e+02;2.401487902e-03
2.584850464e+02;-3.950691898e-04
2.586953430e+02;1.229597372e-03
2.589056396e+02;-7.146756980e-04
2.591159363e+02;1.948712044e-03
2.593262634e+02;1.788908732e-03
2.595365906e+02;2.374854172e-03
2.597469482e+02;2.774362219e-03
2.599573059e+02;2.534657251e-03
2.601676636e+02;3.147236537e-03
2.603780212e+02;3.093968844e-03
2.605884094e+02;2.055247547e-03
2.607988281e+02;2.934165532e-03
2.610092163e+02;1.043160213e-03
2.612196350e+02;3.892985173e-03
2.614300842e+02;3.506793873e-04
2.616405029e+02;2.241684590e-03
2.618509521e+02;1.389400568e-03
2.620614319e+02;2.667826833e-03
2.622718811e+02;-2.352659212e-04
2.624823608e+02;1.655739383e-03
2.626928711e+02;4.438979431e-06
2.629033508e+02;6.436520489e-04
2.631138916e+02;1.629105536e-03
2.633244019e+02;3.733181860e-03
2.635349426e+02;6.969198002e-04
2.637454834e+02;1.016526367e-03
2.639560242e+02;3.946252633e-03
2.641665955e+02;2.934165532e-03
2.643771973e+02;2.028613584e-03
2.645877686e+02;5.118143279e-03
2.647983704e+02;9.632585570e-04
2.650089722e+02;4.026154522e-03
2.652196045e+02;2.215050859e-03
2.654302368e+02;2.428121865e-03
2.656408691e+02;-9.277467034e-04
2.658515320e+02;1.842176542e-03
2.660621948e+02;3.240455117e-04
2.662728577e+02;1.376083674e-04
2.664835510e+02;2.135149203e-03
2.666942444e+02;2.561291214e-03
2.669049377e+02;-3.418014385e-04
2.671156616e+02;1.416034531e-03
2.673263855e+02;1.336132875e-03
2.675371094e+02;2.441438846e-04
2.677478638e+02;3.147236537e-03
2.679586182e+02;2.614558907e-03
2.681694031e+02;3.919619136e-03
2.683801575e+02;3.626646241e-03
2.685909729e+02;3.093968844e-03
2.688017578e+02;1.788908732e-03
2.690125732e+02;2.268318553e-03
2.692233887e+02;1.389400568e-03
2.694342346e+02;1.309499028e-03
2.696450806e+02;1.282865065e-03
2.698559265e+02;-1.819981553e-04
2.700667725e+02;3.147236537e-03
2.702776489e+02;-5.282385973e-04
2.704885559e+02;4.039471387e-04
2.706994324e+02;-5.282385973e-04
2.709103394e+02;1.602471573e-03
2.711212769e+02;7.768213982e-04
2.713321838e+02;2.268318553e-03
2.715431213e+02;1.788908732e-03
2.717540894e+02;1.815542695e-03
2.719650269e+02;2.454755595e-03
2.721760254e+02;3.253771923e-03
2.723869934e+02;3.333673580e-03
2.725979919e+02;4.532197956e-03
2.728089905e+02;4.106055945e-03
2.730199890e+02;3.200504230e-03
2.732310181e+02;2.348220209e-03
2.734420471e+02;2.028613584e-03
2.736531067e+02;2.028613584e-03
2.738641663e+02;1.842176542e-03
2.740752258e+02;-2.352659212e-04
2.742862854e+02;2.974116360e-04
2.744973755e+02;8.833569591e-04
2.747084961e+02;2.667826833e-03
2.749195862e+02;3.773132630e-04
2.751307068e+02;3.014067188e-03
2.753418274e+02;4.838487657e-04
2.755529785e+02;1.762274886e-03
2.757641296e+02;2.534657251e-03
2.759752808e+02;1.229597372e-03
2.761864624e+02;3.173870500e-03
2.763976440e+02;4.052788485e-03
2.766088562e+02;2.374854172e-03
2.768200378e+02;3.999520559e-03
2.770312500e+02;2.561291214e-03
2.772424927e+02;2.241684590e-03
2.774537354e+02;2.827629913e-03
2.776649780e+02;1.575837727e-03
2.778762207e+02;5.637503928e-04
2.780874939e+02;2.454755595e-03
2.782987671e+02;9.099908057e-04
2.785100708e+02;3.107285738e-05
2.787213745e+02;8.567230543e-04
2.789326782e+02;2.987433225e-03
2.791439819e+02;1.043160213e-03
2.793553162e+02;1.149695716e-03
2.795666504e+02;2.534657251e-03
2.797780151e+02;1.549203880e-03
2.799893799e+02;1.096427906e-03
2.802007446e+02;3.200504230e-03
2.804121399e+02;1.895444235e-03
2.806235352e+02;3.147236537e-03
2.808349304e+02;2.721094526e-03
2.810463562e+02;2.001979854e-03
2.812577820e+02;3.972886596e-03
2.814692078e+02;2.294952516e-03
2.816806641e+02;4.572148900e-04
2.818921204e+02;4.132689908e-03
2.821036072e+02;-2.219489761e-05
2.823150635e+02;1.176329562e-03
2.825265808e+02;4.438979431e-06
2.827380676e+02;-3.418014385e-04
2.829495850e+02;-6.347741000e-04
2.831611023e+02;1.842176542e-03
2.833726501e+02;3.773132630e-04
2.835841675e+02;6.436520489e-04
2.837957458e+02;3.173870500e-03
2.840072937e+02;1.762274886e-03
2.842188721e+02;1.096427906e-03
2.844304504e+02;3.866351210e-03
2.846420593e+02;2.108515240e-03
2.848536682e+02;4.052788485e-03
2.850652771e+02;6.170181441e-04
2.852769165e+02;3.067334881e-03
2.854885559e+02;1.815542695e-03
2.857001953e+02;1.149695716e-03
2.859118652e+02;1.309499028e-03
2.861235352e+02;9.632585570e-04
2.863352051e+02;7.501875516e-04
2.865469055e+02;1.069794060e-03
2.867586060e+02;1.908761187e-04
2.869703064e+02;8.034553030e-04
2.871820374e+02;8.434060874e-05
2.873937683e+02;1.549203880e-03
2.876055298e+02;-2.219489761e-05
2.878172913e+02;1.815542695e-03
2.880290527e+02;1.922078198e-03
2.882408142e+02;2.001979854e-03
2.884526062e+02;2.028613584e-03
2.886643982e+02;3.520110855e-03
2.888762207e+02;1.762274886e-03
2.890880432e+02;5.171411205e-03
2.892998657e+02;2.241684590e-03
2.895116882e+02;2.721094526e-03
2.897235413e+02;2.161782933e-03
2.899354248e+02;3.413575236e-03
2.901472778e+02;-1.819981553e-04
2.903591614e+02;-4.882877693e-05
2.905710754e+02;6.702858955e-04
2.907829590e+02;-5.815063487e-04
2.909948730e+02;-1.966468059e-03
2.912068176e+02;2.374854172e-03
2.914187317e+02;2.667826833e-03
2.916306763e+02;3.067334881e-03
2.918426514e+02;-1.646861434e-03
2.920546265e+02;5.570919253e-03
2.922666016e+02;3.173870500e-03
2.924785767e+02;1.629105536e-03
2.926905823e+02;3.892985173e-03
2.929025879e+02;3.386941506e-03
2.931146240e+02;3.360307543e-03
2.933266296e+02;3.733181860e-03
2.935386963e+02;3.067334881e-03
2.937507324e+02;4.585465882e-03
2.939627991e+02;2.641192870e-03
2.941748657e+02;2.321586246e-03
2.943869629e+02;2.974116360e-04
2.945990601e+02;5.637503928e-04
2.948111572e+02;1.788908732e-03
2.950232849e+02;1.602471573e-03
2.952354126e+02;-3.418014385e-04
2.954475403e+02;1.376083674e-04
2.956596680e+02;1.309499028e-03
2.958718262e+02;2.614558907e-03
2.960840149e+02;1.908761187e-04
2.962962036e+02;3.573378548e-03
2.965083923e+02;2.135149203e-03
2.967205811e+02;1.149695716e-03
2.969328003e+02;2.827629913e-03
2.971450195e+02;3.839717247e-03
2.973572388e+02;3.813083516e-03
2.975694885e+02;2.854263876e-03
2.977817383e+02;2.454755595e-03
2.979940186e+02;2.534657251e-03
2.982062683e+02;7.501875516e-04
2.984185791e+02;1.629105536e-03
2.986308594e+02;2.854263876e-03
2.988431702e+02;-2.618997823e-04
2.990554810e+02;1.149695716e-03
2.992678223e+02;3.014067188e-03
2.994801636e+02;1.895444235e-03
2.996925049e+02;3.506793873e-04
2.999048462e+02;2.587925177e-03
3.001172180e+02;2.348220209e-03
3.003296204e+02;3.173870500e-03
3.005419922e+02;3.227138193e-03
3.007543945e+02;-3.684353142e-04
3.009668274e+02;4.106055945e-03
3.011792297e+02;4.079422448e-03
3.013916626e+02;2.428121865e-03
3.016041260e+02;1.735641039e-03
3.018165588e+02;2.854263876e-03
3.020290222e+02;2.454755595e-03
3.022415161e+02;2.241684590e-03
3.024539795e+02;8.300892077e-04
3.026665039e+02;2.441438846e-04
3.028789978e+02;-1.819981553e-04
3.030915222e+02;8.034553030e-04
3.033040466e+02;5.104826414e-04
3.035165710e+02;3.040700918e-03
3.037291260e+02;8.300892077e-04
3.039416809e+02;3.733181860e-03
3.041542664e+02;1.309499028e-03
3.043668518e+02;1.362766721e-03
3.045794373e+02;3.653280204e-03
3.047920532e+02;3.014067188e-03
3.050046387e+02;2.321586246e-03
3.052172852e+02;3.813083516e-03
3.054299011e+02;2.481389558e-03
3.056425476e+02;2.428121865e-03
3.058552246e+02;4.159323871e-03
3.060678711e+02;3.413575236e-03
3.062805481e+02;1.948712044e-03
3.064932556e+02;1.416034531e-03
3.067059326e+02;1.043160213e-03
3.069186401e+02;1.655739383e-03
3.071313782e+02;1.948712044e-03
3.073440857e+02;2.028613584e-03
3.075568237e+02;1.549203880e-03
3.077695923e+02;3.506793873e-04
3.079823608e+02;-4.483369412e-04
3.081951294e+02;3.333673580e-03
3.084078979e+02;1.788908732e-03
3.086206970e+02;2.587925177e-03
3.088334961e+02;1.842176542e-03
3.090463257e+02;3.014067188e-03
3.092591248e+02;3.040700918e-03
3.094719849e+02;2.667826833e-03
3.096848145e+02;2.907531569e-03
3.098976746e+02;3.706547897e-03
3.101105347e+02;3.240455117e-04
3.103234253e+02;2.774362219e-03
3.105363159e+02;-1.007648418e-03
3.107492065e+02;3.506793873e-04
3.109621277e+02;2.907531569e-03
3.111750183e+02;1.815542695e-03
3.113879700e+02;1.642422430e-04
3.116008911e+02;7.768213982e-04
3.118138428e+02;3.506793873e-04
3.120268250e+02;2.641192870e-03
3.122397766e+02;1.109744917e-04
3.124527588e+02;1.602471573e-03
3.126657715e+02;2.907531569e-03
3.128787842e+02;2.081881510e-03
3.130917969e+02;5.357848480e-03
3.133048096e+02;3.253771923e-03
3.135178528e+02;2.481389558e-03
3.137308960e+02;4.931706470e-03
3.139439392e+02;2.454755595e-03
3.141570129e+02;3.333673580e-03
3.143700867e+02;1.629105536e-03
3.145831909e+02;2.374854172e-03
3.147962952e+02;1.948712044e-03
3.150093994e+02;2.135149203e-03
3.152225037e+02;-1.819981553e-04
3.154356384e+02;-7.413096027e-04
3.156487732e+02;1.655739383e-03
3.158619385e+02;2.987433225e-03
3.160751038e+02;2.827629913e-03
3.162882690e+02;2.747728257e-03
3.165014648e+02;1.469302224e-03
3.167146606e+02;2.854263876e-03
3.169278564e+02;1.868810388e-03
3.171410828e+02;3.919619136e-03
3.173543091e+02;2.321586246e-03
3.175675354e+02;3.733181860e-03
3.177807922e+02;2.774362219e-03
3.179940491e+02;3.333673580e-03
3.182073059e+02;2.081881510e-03
3.184205933e+02;2.348220209e-03
3.186338806e+02;1.948712044e-03
3.188471680e+02;2.001979854e-03
3.190604858e+02;3.506793873e-04
3.192738037e+02;2.135149203e-03
3.194871521e+02;1.908761187e-04
3.197004700e+02;2.028613584e-03
3.199138184e+02;1.176329562e-03
3.201271973e+02;3.440209199e-03
3.203405762e+02;1.389400568e-03
3.205539551e+02;2.454755595e-03
3.207673340e+02;2.135149203e-03
3.209807434e+02;3.972886596e-03
3.211941833e+02;1.469302224e-03
3.214075928e+02;2.854263876e-03
3.216210327e+02;1.735641039e-03
3.218344727e+02;4.319127183e-03
3.220479431e+02;2.294952516e-03
3.222614136e+02;3.333673580e-03
3.224748840e+02;2.721094526e-03
3.226883850e+02;2.534657251e-03
3.229018860e+02;8.300892077e-04
3.231153870e+02;2.028613584e-03
3.233289185e+02;-9.277467034e-04
3.235424500e+02;6.436520489e-04
3.237559814e+02;3.506793873e-04
3.239695435e+02;7.501875516e-04
3.241831055e+02;5.903842975e-04
3.243966675e+02;2.268318553e-03
3.246102600e+02;1.309499028e-03
3.248238525e+02;2.907531569e-03
3.250374451e+02;1.282865065e-03
3.252510681e+02;3.440209199e-03
3.254646912e+02;2.161782933e-03
3.256783447e+02;3.227138193e-03
3.258919983e+02;2.987433225e-03
3.261056519e+02;3.120602574e-03
3.263193054e+02;2.441438846e-04
3.265329895e+02;1.948712044e-03
3.267466736e+02;2.348220209e-03
3.269603882e+02;1.575837727e-03
3.271741028e+02;-3.418014385e-04
3.273878174e+02;2.321586246e-03
3.276015625e+02;-5.548724439e-04
3.278152771e+02;1.229597372e-03
3.280290527e+02;-4.217030655e-04
3.282427979e+02;1.229597372e-03
3.284565735e+02;1.655739383e-03
3.286703796e+02;2.534657251e-03
3.288841553e+02;3.919619136e-03
3.290979614e+02;3.014067188e-03
3.293117981e+02;7.235536468e-04
3.295256042e+02;3.280405886e-03
3.297394409e+02;4.585465882e-03
3.299533081e+02;3.040700918e-03
3.301671448e+02;2.561291214e-03
3.303810425e+02;2.854263876e-03
3.305949097e+02;7.768213982e-04
3.308088074e+02;2.987433225e-03
3.310227051e+02;6.170181441e-04
3.312366028e+02;1.442668377e-03
3.314505310e+02;-7.679434493e-04
3.316644592e+02;1.362766721e-03
3.318784180e+02;6.436520489e-04
3.320923767e+02;2.508023521e-03
3.323063354e+02;1.642422430e-04
3.325202942e+02;7.501875516e-04
3.327342834e+02;-1.020965283e-04
3.329482727e+02;1.336132875e-03
3.331622925e+02;8.300892077e-04
3.333763123e+02;1.176329562e-03
3.335903320e+02;1.868810388e-03
3.338043823e+02;2.774362219e-03
3.340184326e+02;2.667826833e-03
3.342324829e+02;3.546744585e-03
3.344465332e+02;3.253771923e-03
3.346606140e+02;3.813083516e-03
3.348747253e+02;1.908761187e-04
3.350888062e+02;1.016526367e-03
3.353029175e+02;2.587925177e-03
3.355170593e+02;4.305810144e-04
3.357311707e+02;1.788908732e-03
3.359453125e+02;1.655739383e-03
3.361594849e+02;1.895444235e-03
3.363736572e+02;2.854263876e-03
3.365878296e+02;2.428121865e-03
3.368020020e+02;2.081881510e-03
3.370162048e+02;2.987433225e-03
3.372304077e+02;3.307039849e-03
3.374446106e+02;2.800996182e-03
3.376588440e+02;2.774362219e-03
3.378730774e+02;2.348220209e-03
3.380873413e+02;2.694460563e-03
3.383016052e+02;1.442668377e-03
3.385158691e+02;1.442668377e-03
3.387301331e+02;2.774362219e-03
3.389444275e+02;2.508023521e-03
3.391587524e+02;9.366247104e-04
3.393730469e+02;1.682373229e-03
3.395873718e+02;1.256231219e-03
3.398016968e+02;2.175099944e-04
3.400160522e+02;1.469302224e-03
3.402304077e+02;1.762274886e-03
3.404447632e+02;6.702858955e-04
3.406591492e+02;2.215050859e-03
3.408735352e+02;1.575837727e-03
3.410879211e+02;2.215050859e-03
3.413023376e+02;1.336132875e-03
3.415167542e+02;4.026154522e-03
3.417311707e+02;3.307039849e-03
3.419456177e+02;4.984973930e-03
3.421600647e+02;3.307039849e-03
3.423745117e+02;4.319127183e-03
3.425889893e+02;1.069794060e-03
3.428034668e+02;1.549203880e-03
3.430179443e+02;2.827629913e-03
3.432324524e+02;3.147236537e-03
3.434469604e+02;4.572148900e-04
3.436614990e+02;2.401487902e-03
3.438760376e+02;1.642422430e-04
3.440905762e+02;8.833569591e-04
3.443051147e+02;1.043160213e-03
3.445196838e+02;-1.007648418e-03
3.447342529e+02;4.039471387e-04
3.449488525e+02;2.481389558e-03
3.451634521e+02;2.108515240e-03
3.453780518e+02;3.706547897e-03
3.455926514e+02;2.241684590e-03
3.458072815e+02;2.694460563e-03
3.460219116e+02;2.321586246e-03
3.462365723e+02;3.786449553e-03
3.464512329e+02;2.880897839e-03
3.466658936e+02;1.495936071e-03
3.468805847e+02;1.788908732e-03
3.470952759e+02;1.868810388e-03
3.473099670e+02;-1.819981553e-04
3.475246887e+02;3.280405886e-03
3.477394104e+02;5.104826414e-04
3.479541321e+02;2.800996182e-03
3.481688843e+02;3.107285738e-05
3.483836365e+02;2.587925177e-03
3.485983887e+02;2.108515240e-03
3.488131714e+02;2.534657251e-03
3.490279541e+02;7.235536468e-04
3.492427673e+02;2.587925177e-03
3.494575500e+02;1.788908732e-03
3.496723633e+02;4.052788485e-03
3.498872070e+02;6.170181441e-04
3.501020508e+02;2.508023521e-03
3.503168945e+02;4.239225294e-03
3.505317383e+02;1.416034531e-03
3.507466125e+02;2.721094526e-03
3.509614868e+02;5.997061264e-03
3.511763916e+02;4.239225294e-03
3.513912964e+02;2.215050859e-03
3.516062012e+02;1.442668377e-03
3.518211060e+02;1.469302224e-03
3.520360413e+02;6.702858955e-04
3.522509766e+02;2.135149203e-03
3.524659424e+02;3.107285738e-05
3.526809082e+02;2.374854172e-03
3.528958740e+02;-4.882877693e-05
3.531108704e+02;1.442668377e-03
3.533258667e+02;-8.478451055e-04
3.535408630e+02;2.880897839e-03
3.537558899e+02;2.241684590e-03
3.539709167e+02;4.718635231e-03
3.541859436e+02;1.735641039e-03
3.544010010e+02;3.413575236e-03
3.546160583e+02;2.960799262e-03
3.548311157e+02;4.265859257e-03
3.550462036e+02;3.227138193e-03
3.552612915e+02;1.336132875e-03
3.554763794e+02;2.694460563e-03
3.556914978e+02;1.336132875e-03
3.559066162e+02;-3.950691898e-04
3.561217651e+02;2.188416896e-03
3.563368835e+02;-9.543806082e-04
3.565520325e+02;5.637503928e-04
3.567672119e+02;1.176329562e-03
3.569823914e+02;1.735641039e-03
3.571975708e+02;1.868810388e-03
3.574127502e+02;1.469302224e-03
3.576279602e+02;8.300892077e-04
3.578431702e+02;2.348220209e-03
3.580584106e+02;6.702858955e-04
3.582736511e+02;3.067334881e-03
3.584888916e+02;-3.418014385e-04
3.587041626e+02;4.425662570e-03
3.589194031e+02;3.786449553e-03
3.591347046e+02;5.464383867e-03
3.593499756e+02;5.677454639e-03
3.595652771e+02;2.641192870e-03
3.597806091e+02;1.336132875e-03
3.599959106e+02;4.612099845e-03
3.602112427e+02;2.641192870e-03
3.604265747e+02;1.948712044e-03
3.606419373e+02;2.348220209e-03
3.608572998e+02;9.099908057e-04
3.610726624e+02;2.454755595e-03
3.612880554e+02;2.934165532e-03
3.615034485e+02;1.202963409e-03
3.617188416e+02;1.735641039e-03
3.619342651e+02;2.001979854e-03
3.621496887e+02;3.067334881e-03
3.623651428e+02;3.626646241e-03
3.625805664e+02;3.307039849e-03
3.627960510e+02;4.212591797e-03
3.630115051e+02;5.677454639e-03
3.632269897e+02;4.505564459e-03
3.634424744e+02;4.185957834e-03
3.636579590e+02;2.081881510e-03
3.638734741e+02;2.374854172e-03
3.640889893e+02;1.389400568e-03
3.643045349e+02;1.522570034e-03
3.645200806e+02;2.428121865e-03
3.647356262e+02;2.508023521e-03
3.649511719e+02;2.081881510e-03
3.651667480e+02;2.987433225e-03
3.653823242e+02;2.321586246e-03
3.655979309e+02;4.838487657e-04
3.658135376e+02;7.501875516e-04
3.660291443e+02;2.827629913e-03
3.662447815e+02;2.268318553e-03
3.664604187e+02;3.147236537e-03
3.666760559e+02;1.282865065e-03
3.668917236e+02;4.452296533e-03
3.671073914e+02;2.241684590e-03
3.673230591e+02;4.319127183e-03
3.675387268e+02;2.747728257e-03
3.677544250e+02;2.108515240e-03
3.679701538e+02;3.839717247e-03
3.681858826e+02;3.999520559e-03
3.684016113e+02;4.052788485e-03
3.686173401e+02;1.016526367e-03
3.688330994e+02;1.868810388e-03
3.690488586e+02;3.360307543e-03
3.692646179e+02;1.495936071e-03
3.694804077e+02;2.934165532e-03
3.696961975e+02;3.093968844e-03
3.699119873e+02;3.093968844e-03
3.701278076e+02;4.106055945e-03
3.703436279e+02;3.679914167e-03
3.705594788e+02;3.173870500e-03
3.707752991e+02;3.892985173e-03
3.709911804e+02;4.718635231e-03
3.712070312e+02;5.890525877e-03
3.714229126e+02;7.195585873e-03
3.716387939e+02;5.198045168e-03
3.718547058e+02;4.612099845e-03
3.720706177e+02;3.866351210e-03
3.722865295e+02;1.149695716e-03
3.725024414e+02;5.704088602e-03
3.727183838e+02;5.104826414e-04
3.729343262e+02;2.800996182e-03
3.731502991e+02;2.135149203e-03
3.733662720e+02;1.895444235e-03
3.735822449e+02;1.895444235e-03
3.737982483e+02;2.907531569e-03
3.740142517e+02;1.735641039e-03
3.742302551e+02;3.120602574e-03
3.744462891e+02;2.587925177e-03
3.746623230e+02;4.319127183e-03
3.748783569e+02;4.905072507e-03
3.750944214e+02;5.304580554e-03
3.753104858e+02;3.733181860e-03
3.755265503e+02;5.570919253e-03
3.757426453e+02;4.931706470e-03
3.759587402e+02;6.503105164e-03
3.761748352e+02;4.399028607e-03
3.763909607e+02;4.745269194e-03
3.766070862e+02;1.282865065e-03
3.768232117e+02;1.442668377e-03
3.770393677e+02;1.362766721e-03
3.772555237e+02;3.706547897e-03
3.774717102e+02;3.600012511e-03
3.776878662e+02;3.493476892e-03
3.779040833e+02;3.227138193e-03
3.781202698e+02;4.532197956e-03
3.783364868e+02;2.721094526e-03
3.785527039e+02;5.624187179e-03
3.787689514e+02;3.626646241e-03
3.789851685e+02;4.931706470e-03
3.792014465e+02;5.198045168e-03
3.794176941e+02;4.958339967e-03
3.796339722e+02;5.597553216e-03
3.798502502e+02;5.704088602e-03
3.800665588e+02;4.825170618e-03
3.802828674e+02;7.115684450e-03
3.804991760e+02;3.466842929e-03
3.807154846e+02;3.333673580e-03
3.809318237e+02;3.440209199e-03
3.811481934e+02;3.919619136e-03
3.813645325e+02;3.307039849e-03
3.815809021e+02;3.946252633e-03
3.817973022e+02;3.386941506e-03
3.820136719e+02;2.001979854e-03
3.822300720e+02;4.132689908e-03
3.824465027e+02;4.931706470e-03
3.826629028e+02;5.171411205e-03
3.828793335e+02;8.367476054e-03
3.830957947e+02;4.265859257e-03
3.833122253e+02;6.236766465e-03
3.835286865e+02;4.026154522e-03
3.837451782e+02;7.967968471e-03
3.839616394e+02;6.236766465e-03
3.841781616e+02;7.488558535e-03
3.843946533e+02;3.866351210e-03
3.846111755e+02;5.730722565e-03
3.848276978e+02;5.491017830e-03
3.850442200e+02;6.183498539e-03
3.852607727e+02;2.374854172e-03
3.854773254e+02;2.987433225e-03
3.856939087e+02;3.866351210e-03
3.859104614e+02;4.958339967e-03
3.861270752e+02;4.612099845e-03
3.863436584e+02;7.888066582e-03
3.865602722e+02;6.263399962e-03
3.867768860e+02;7.435290609e-03
3.869935303e+02;6.423203275e-03
3.872101746e+02;6.076963153e-03
3.874268188e+02;7.009148598e-03
3.876434631e+02;6.769443862e-03
3.878601379e+02;6.716175936e-03
3.880768127e+02;6.875979248e-03
3.882935181e+02;6.423203275e-03
3.885102234e+02;9.725804441e-03
3.887269287e+02;6.503105164e-03
3.889436646e+02;4.612099845e-03
3.891604004e+02;6.423203275e-03
3.893771362e+02;5.198045168e-03
3.895939026e+02;3.892985173e-03
3.898106689e+02;5.810624454e-03
3.900274353e+02;4.692001268e-03
3.902442322e+02;4.585465882e-03
3.904610291e+02;5.890525877e-03
3.906778259e+02;8.181039244e-03
3.908946533e+02;6.875979248e-03
3.911114807e+02;7.275487296e-03
3.913283081e+02;8.474011905e-03
3.915451660e+02;8.154405281e-03
3.917620239e+02;9.326295927e-03
3.919788818e+02;1.025848184e-02
3.921957703e+02;9.246394038e-03
3.924126587e+02;7.728263270e-03
3.926295776e+02;8.660448715e-03
3.928464661e+02;7.888066582e-03
3.930634155e+02;6.902613211e-03
3.932803345e+02;7.914700545e-03
3.934972839e+02;7.728263270e-03
3.937142334e+02;7.275487296e-03
3.939311829e+02;6.236766465e-03
3.941481628e+02;8.873520419e-03
3.943651428e+02;7.488558535e-03
3.945821533e+02;8.074503392e-03
3.947991638e+02;9.672536515e-03
3.950161743e+02;9.752438404e-03
3.952332153e+02;9.805706330e-03
3.954502258e+02;9.699170478e-03
3.956672974e+02;8.580547757e-03
3.958843384e+02;1.081779320e-02
3.961014099e+02;9.592634626e-03
3.963184814e+02;1.095096301e-02
3.965355835e+02;8.687082678e-03
3.967526855e+02;1.161680929e-02
3.969697876e+02;1.079115923e-02
3.971869202e+02;9.006689303e-03
3.974040527e+02;6.742809899e-03
3.976211853e+02;1.031174976e-02
3.978383484e+02;7.142317947e-03
3.980555115e+02;8.340843022e-03
3.982726746e+02;1.073789131e-02
3.984898682e+02;9.592634626e-03
3.987070618e+02;1.007204503e-02
3.989242554e+02;1.103086397e-02
3.991414795e+02;9.113225155e-03
3.993587036e+02;1.353444904e-02
3.995759277e+02;1.057808846e-02
3.997931824e+02;1.412039436e-02
4.000104370e+02;1.174997911e-02
4.002276917e+02;1.270879805e-02
4.004449768e+02;1.262889709e-02
4.006622620e+02;1.300177071e-02
4.008795776e+02;1.244245935e-02
4.010968933e+02;1.465307176e-02
4.013142090e+02;1.081779320e-02
4.015315247e+02;1.257562917e-02
4.017488708e+02;1.084442716e-02
4.019662170e+02;1.148364041e-02
4.021835938e+02;9.885607287e-03
4.024009399e+02;1.265553106e-02
4.026183472e+02;1.023184787e-02
4.028357239e+02;1.105749793e-02
4.030531311e+02;1.390732266e-02
4.032705383e+02;1.278869994e-02
4.034879761e+02;1.151027437e-02
4.037054138e+02;1.409376040e-02
4.039228516e+02;1.385405567e-02
4.041402893e+02;1.417366136e-02
4.043577576e+02;1.348118111e-02
4.045752563e+02;1.499931235e-02
4.047927246e+02;1.393395662e-02
4.050102234e+02;1.457316987e-02
4.052277222e+02;1.332137734e-02
4.054452515e+02;1.353444904e-02
4.056627808e+02;1.084442716e-02
4.058803101e+02;1.172334515e-02
4.060978699e+02;1.396059059e-02
4.063154297e+02;1.318820845e-02
4.065329895e+02;1.561189070e-02
4.067505798e+02;1.244245935e-02
4.069681702e+02;1.422692928e-02
4.071857605e+02;1.390732266e-02
4.074033813e+02;1.433346514e-02
4.076210022e+02;1.566515863e-02
4.078386230e+02;1.531891804e-02
4.080562744e+02;1.465307176e-02
4.082739258e+02;1.483950857e-02
4.084915771e+02;1.601140015e-02
4.087092590e+02;1.630437188e-02
4.089269409e+02;1.409376040e-02
4.091446533e+02;1.534555200e-02
4.093623352e+02;1.590486430e-02
4.095800781e+02;1.587823033e-02
4.097977905e+02;1.129720267e-02
4.100155334e+02;1.515911520e-02
4.102332764e+02;1.510584727e-02
4.104510193e+02;1.814210974e-02
4.106687927e+02;1.800893992e-02
4.108865662e+02;1.859488524e-02
4.111043701e+02;1.382742170e-02
4.113221741e+02;1.683704928e-02
4.115399780e+02;1.699685305e-02
4.117577820e+02;1.787577011e-02
4.119756165e+02;1.771596819e-02
4.121934509e+02;1.718329079e-02
4.124113159e+02;2.083213069e-02
4.126291809e+02;1.923409849e-02
4.128470459e+02;1.979340985e-02
4.130649414e+02;1.744962856e-02
4.132828369e+02;2.003311552e-02
4.135007324e+02;1.984667778e-02
4.137186279e+02;1.848834939e-02
4.139365540e+02;1.989994571e-02
4.141545105e+02;1.792903803e-02
4.143724365e+02;1.838181354e-02
4.145903931e+02;1.944717020e-02
4.148083801e+02;1.856825128e-02
4.150263367e+02;1.816874370e-02
4.152443237e+02;2.227036096e-02
4.154623413e+02;1.934063435e-02
4.156803284e+02;2.251006477e-02
4.158983459e+02;2.317591198e-02
4.161163940e+02;2.325581387e-02
4.163344116e+02;2.282967232e-02
4.165524597e+02;2.352215350e-02
4.167705383e+02;2.251006477e-02
4.169885864e+02;2.266986854e-02
4.172066650e+02;2.157787979e-02
4.174247742e+02;2.149797790e-02
4.176428833e+02;2.394829504e-02
4.178609924e+02;2.320254594e-02
4.180791016e+02;2.192411944e-02
4.182972412e+02;2.240353078e-02
4.185153809e+02;2.442770451e-02
4.187335205e+02;2.368195541e-02
4.189516907e+02;2.373522334e-02
4.191698608e+02;2.344225161e-02
4.193880615e+02;2.136480808e-02
4.196062622e+02;2.581266686e-02
4.198244629e+02;2.370858938e-02
4.200426636e+02;2.416136488e-02
4.202608948e+02;2.200402133e-02
4.204791260e+02;2.698455751e-02
4.206973877e+02;2.469404414e-02
4.209156494e+02;2.903536521e-02
4.211339111e+02;2.610563859e-02
4.213521729e+02;2.983438224e-02
4.215704651e+02;2.504028380e-02
4.217887573e+02;2.453424037e-02
4.220070801e+02;2.461414225e-02
4.222254028e+02;2.741069905e-02
4.224437256e+02;2.464077622e-02
4.226620789e+02;2.719762735e-02
4.228804321e+02;2.687802166e-02
4.230987854e+02;2.804991230e-02
4.233171692e+02;2.543979138e-02
4.235355225e+02;2.663831599e-02
4.237539368e+02;2.663831599e-02
4.239723206e+02;2.844941989e-02
4.241907349e+02;2.935497276e-02
4.244091797e+02;2.946150675e-02
4.246275940e+02;2.794337645e-02
4.248460388e+02;2.972784638e-02
4.250645142e+02;2.802327834e-02
4.252829590e+02;2.858258970e-02
4.255014343e+02;2.815644816e-02
4.257199402e+02;2.674485184e-02
4.259384155e+02;2.900873125e-02
4.261569214e+02;2.690465562e-02
4.263754578e+02;2.842278592e-02
4.265939941e+02;2.815644816e-02
4.268125305e+02;2.863585763e-02
4.270310669e+02;3.137914836e-02
4.272496338e+02;2.978111431e-02
4.274682007e+02;2.962131053e-02
4.276867676e+02;3.249777108e-02
4.279053650e+02;3.052686341e-02
4.281239624e+02;3.231133148e-02
4.283425903e+02;3.329678625e-02
4.285611877e+02;3.345659003e-02
4.287798157e+02;3.417570516e-02
4.289984741e+02;3.401590139e-02
4.292171326e+02;3.382946178e-02
4.294357910e+02;3.327015042e-02
4.296544495e+02;3.377619386e-02
4.298731384e+02;3.228469938e-02
4.300918274e+02;3.244450316e-02
4.303105469e+02;3.337668628e-02
4.305292664e+02;3.476164863e-02
4.307479858e+02;3.321688250e-02
4.309667053e+02;3.374956176e-02
4.311854553e+02;3.401590139e-02
4.314042358e+02;3.454857692e-02
4.316229858e+02;3.641295061e-02
4.318417664e+02;3.646621853e-02
4.320605469e+02;3.577373549e-02
4.322793579e+02;3.859692812e-02
4.324981689e+02;3.928940743e-02
4.327169800e+02;3.918287158e-02
4.329358215e+02;3.835722059e-02
4.331546631e+02;3.939594328e-02
4.333735046e+02;3.793108091e-02
4.335923462e+02;3.675919026e-02
4.338112183e+02;3.697226197e-02
4.340301208e+02;3.627977893e-02
4.342489929e+02;3.950247914e-02
4.344678955e+02;3.777127713e-02
4.346868286e+02;3.468174860e-02
4.349057312e+02;3.841048852e-02
4.351246643e+02;3.827732056e-02
4.353436279e+02;3.763810918e-02
4.355625610e+02;3.907633573e-02
4.357815247e+02;3.702552989e-02
4.360005188e+02;3.998189047e-02
4.362194824e+02;4.070100188e-02
4.364384766e+02;3.904970363e-02
4.366575012e+02;4.251210764e-02
4.368765259e+02;4.059446976e-02
4.370955505e+02;4.205933213e-02
4.373145752e+02;3.944921121e-02
4.375336304e+02;4.384380206e-02
4.377526855e+02;4.259200767e-02
4.379717407e+02;4.379053414e-02
4.381908264e+02;3.982208669e-02
4.384099121e+02;4.221913591e-02
4.386290283e+02;4.173972458e-02
4.388481140e+02;4.536193237e-02
4.390672607e+02;4.083417356e-02
4.392863770e+02;4.363073036e-02
4.395055237e+02;4.208596423e-02
4.397246704e+02;4.445638135e-02
4.399438171e+02;4.213923216e-02
4.401629944e+02;4.333775863e-02
4.403821716e+02;4.256537557e-02
4.406013794e+02;4.584134370e-02
4.408205872e+02;4.480262101e-02
4.410397949e+02;4.743937403e-02
4.412590332e+02;4.799868539e-02
4.414782410e+02;4.613431543e-02
4.416975098e+02;4.871780053e-02
4.419167480e+02;4.677352682e-02
4.421360168e+02;4.450964928e-02
4.423552856e+02;4.727957025e-02
4.425745850e+02;4.496242478e-02
4.427938843e+02;4.629411921e-02
4.430131836e+02;4.594787583e-02
4.432325134e+02;4.584134370e-02
4.434518433e+02;4.906404018e-02
4.436711731e+02;4.834492505e-02
4.438905029e+02;5.300585553e-02
4.441098633e+02;5.020929873e-02
4.443292542e+02;5.257971212e-02
4.445486145e+02;4.775898159e-02
4.447680054e+02;5.066207424e-02
4.449874268e+02;5.074197426e-02
4.452068176e+02;5.361843482e-02
4.454262390e+02;5.263298005e-02
4.456456909e+02;5.510993302e-02
4.458651123e+02;5.388477445e-02
4.460845642e+02;5.417774618e-02
4.463040466e+02;5.353853106e-02
4.465234985e+02;5.068870634e-02
4.467429810e+02;5.036910251e-02
4.469624939e+02;5.404457450e-02
4.471819763e+02;5.226010829e-02
4.474014893e+02;5.412447825e-02
4.476210327e+02;5.308575556e-02
4.478405457e+02;5.556270853e-02
4.480601196e+02;5.526973307e-02
4.482796631e+02;5.505666509e-02
4.484992371e+02;5.801302567e-02
4.487188110e+02;5.495012924e-02
4.489383850e+02;5.974422768e-02
4.491579895e+02;5.718737468e-02
4.493775940e+02;6.240761280e-02
4.495972290e+02;5.875877291e-02
4.498168335e+02;6.144879386e-02
4.500364685e+02;6.064977869e-02
4.502561340e+02;6.190156937e-02
4.504757996e+02;5.889194086e-02
4.506954651e+02;6.227444485e-02
4.509151306e+02;5.862560496e-02
4.511348267e+02;6.485792994e-02
4.513545227e+02;5.787985399e-02
4.515742493e+02;6.275385618e-02
4.517939758e+02;6.110255420e-02
4.520137024e+02;6.192820519e-02
4.522334290e+02;5.998393148e-02
4.524531860e+02;6.634942442e-02
4.526729431e+02;6.555040926e-02
4.528927307e+02;6.717507541e-02
4.531125183e+02;6.475139409e-02
4.533323059e+02;6.693537533e-02
4.535521240e+02;6.453832239e-02
4.537719421e+02;6.456495821e-02
4.539917603e+02;6.669566780e-02
4.542115784e+02;6.951885670e-02
4.544314270e+02;6.706853956e-02
4.546513062e+02;6.991836429e-02
4.548711548e+02;6.800072640e-02
4.550910339e+02;6.741478294e-02
4.553109131e+02;6.927915663e-02
4.555308228e+02;6.637606025e-02
4.557507324e+02;7.069075108e-02
4.559706421e+02;7.247521728e-02
4.561905823e+02;6.957212836e-02
4.564105225e+02;6.978520006e-02
4.566304626e+02;7.087718695e-02
4.568504333e+02;7.111689448e-02
4.570704041e+02;7.236868143e-02
4.572903748e+02;7.250185311e-02
4.575103760e+02;7.226214558e-02
4.577303772e+02;7.697634399e-02
4.579503784e+02;7.678990811e-02
4.581704102e+02;7.985280454e-02
4.583904419e+02;7.785525918e-02
4.586104736e+02;7.862764597e-02
4.588305359e+02;7.708287984e-02
4.590505981e+02;7.513860613e-02
4.592706604e+02;7.740248740e-02
4.594907532e+02;7.836130261e-02
4.597108459e+02;7.846783847e-02
4.599309692e+02;8.014577627e-02
4.601510620e+02;7.495217025e-02
4.603711853e+02;7.995934039e-02
4.605913391e+02;8.134429902e-02
4.608114929e+02;8.163727075e-02
4.610316467e+02;8.201014996e-02
4.612518005e+02;8.462026715e-02
4.614719849e+02;8.166390657e-02
4.616921692e+02;8.312877268e-02
4.619123535e+02;8.563235402e-02
4.621325684e+02;8.699068427e-02
4.623527832e+02;8.390115201e-02
4.625730286e+02;8.773642778e-02
4.627932739e+02;8.589868993e-02
4.630135193e+02;8.488660306e-02
4.632337646e+02;8.941436559e-02
4.634540405e+02;8.632483333e-02
4.636743164e+02;8.717712015e-02
4.638946228e+02;9.000030905e-02
4.641149292e+02;9.340944886e-02
4.643352356e+02;9.082596004e-02
4.645555420e+02;9.213101864e-02
4.647758789e+02;8.909475803e-02
4.649962158e+02;9.119883180e-02
4.652165833e+02;9.031991661e-02
4.654369507e+02;9.548688680e-02
4.656573181e+02;9.418182820e-02
4.658777161e+02;9.450143576e-02
4.660980835e+02;9.713818878e-02
4.663185120e+02;9.562005848e-02
4.665389099e+02;9.596630186e-02
4.667593384e+02;9.721808881e-02
4.669797668e+02;9.817691147e-02
4.672002258e+02;9.990811348e-02
4.674206848e+02;9.788393974e-02
4.676411438e+02;9.953524172e-02
4.678616333e+02;9.751106054e-02
4.680821228e+02;9.559342265e-02
4.683026123e+02;1.014795154e-01
4.685231323e+02;9.878949076e-02
4.687436523e+02;1.026514024e-01
4.689641724e+02;9.833671153e-02
4.691847229e+02;1.030775458e-01
4.694052734e+02;1.033971533e-01
4.696258240e+02;1.035036892e-01
4.698464050e+02;1.048353836e-01
4.700669861e+02;1.025715023e-01
4.702875671e+02;1.057675630e-01
4.705081787e+02;1.076585725e-01
4.707287903e+02;1.069394574e-01
4.709494019e+02;1.074721366e-01
4.711700439e+02;1.011066362e-01
4.713906860e+02;1.075786725e-01
4.716113281e+02;1.095495746e-01
4.718320007e+02;1.059273705e-01
4.720526733e+02;1.061138064e-01
4.722733459e+02;1.049685478e-01
4.724940491e+02;1.128788143e-01
4.727147522e+02;1.079249084e-01
4.729354553e+02;1.113873124e-01
4.731561890e+02;1.065399498e-01
4.733769226e+02;1.129587144e-01
4.735976868e+02;1.117601916e-01
4.738184204e+02;1.117069200e-01
4.740391846e+02;1.176995412e-01
4.742599792e+02;1.205493659e-01
4.744807739e+02;1.161547750e-01
4.747015686e+02;1.141039729e-01
4.749223633e+02;1.151160598e-01
4.751431885e+02;1.175663769e-01
4.753640137e+02;1.184719279e-01
4.755848694e+02;1.138376296e-01
4.758056946e+02;1.182322204e-01
4.760265503e+02;1.181789562e-01
4.762474365e+02;1.167939901e-01
4.764683228e+02;1.225735396e-01
4.766892090e+02;1.188980713e-01
4.769100952e+02;1.188714355e-01
4.771310120e+02;1.215614527e-01
4.773519287e+02;1.198835224e-01
4.775728760e+02;1.226800755e-01
4.777938232e+02;1.228398830e-01
4.780147705e+02;1.255565435e-01
4.782357178e+02;1.269415021e-01
4.784566956e+02;1.249972284e-01
4.786777039e+02;1.279535890e-01
4.788986816e+02;1.292320192e-01
4.791196899e+02;1.278470457e-01
4.793406982e+02;1.256630719e-01
4.795617371e+02;1.292053759e-01
4.797827759e+02;1.288857758e-01
4.800038147e+02;1.334135383e-01
4.802248535e+02;1.291787475e-01
4.804459229e+02;1.265419871e-01
4.806670227e+02;1.290722042e-01
4.808880920e+02;1.293119192e-01
4.811091919e+02;1.337864101e-01
4.813302917e+02;1.311230212e-01
4.815514221e+02;1.317622364e-01
4.817725525e+02;1.372754425e-01
4.819936829e+02;1.324280798e-01
4.822148438e+02;1.365296990e-01
4.824360046e+02;1.315225214e-01
4.826571655e+02;1.347718537e-01
4.828783569e+02;1.362100840e-01
4.830995483e+02;1.379146576e-01
4.833207397e+02;1.429218203e-01
4.835419617e+02;1.396458596e-01
4.837631836e+02;1.370090991e-01
4.839844055e+02;1.363166273e-01
4.842056580e+02;1.413504332e-01
4.844269104e+02;1.422826052e-01
4.846481628e+02;1.397790313e-01
4.848694458e+02;1.420429051e-01
4.850907288e+02;1.419363767e-01
4.853120117e+02;1.436675787e-01
4.855333252e+02;1.428951919e-01
4.857546387e+02;1.469701678e-01
4.859759521e+02;1.459847242e-01
4.861972961e+02;1.471299827e-01
4.864186401e+02;1.415634900e-01
4.866399841e+02;1.449726373e-01
4.868613586e+02;1.465972960e-01
4.870827332e+02;1.493405849e-01
4.873041077e+02;1.485415697e-01
4.875255127e+02;1.496601999e-01
4.877469177e+02;1.539482474e-01
4.879683228e+02;1.522969455e-01
4.881897583e+02;1.467038393e-01
4.884111938e+02;1.551734060e-01
4.886326599e+02;1.534422040e-01
4.888540955e+02;1.560789645e-01
4.890755615e+02;1.522703171e-01
4.892970581e+02;1.562920362e-01
4.895185547e+02;1.528828889e-01
4.897400513e+02;1.550402343e-01
4.899615479e+02;1.545874625e-01
4.901830750e+02;1.577568948e-01
4.904046021e+02;1.601539403e-01
4.906261597e+02;1.570111513e-01
4.908476868e+02;1.586890817e-01
4.910692749e+02;1.614323705e-01
4.912908325e+02;1.579433382e-01
4.915124207e+02;1.594880968e-01
4.917340088e+02;1.612725705e-01
4.919555969e+02;1.638560593e-01
4.921772156e+02;1.656671613e-01
4.923988342e+02;1.678245068e-01
4.926204834e+02;1.653741896e-01
4.928421326e+02;1.674249917e-01
4.930637817e+02;1.656405181e-01
4.932854309e+02;1.677179635e-01
4.935071106e+02;1.648415029e-01
4.937287903e+02;1.650812179e-01
4.939505005e+02;1.687566936e-01
4.941722107e+02;1.670787483e-01
4.943939209e+02;1.701949090e-01
4.946156616e+02;1.705145240e-01
4.948373718e+02;1.746960431e-01
4.950591431e+02;1.699285805e-01
4.952808838e+02;1.710738391e-01
4.955026550e+02;1.742432714e-01
4.957244263e+02;1.768267453e-01
4.959462280e+02;1.769865602e-01
4.961680298e+02;1.784780473e-01
4.963898315e+02;1.781051755e-01
4.966116638e+02;1.783448756e-01
4.968334961e+02;1.795434058e-01
4.970553284e+02;1.757614017e-01
4.972771606e+02;1.860420704e-01
4.974990234e+02;1.777589321e-01
4.977209167e+02;1.834852248e-01
4.979427795e+02;1.844973117e-01
4.981646729e+02;1.818605512e-01
4.983865662e+02;1.832455099e-01
4.986084900e+02;1.871074289e-01
4.988304138e+02;1.875602007e-01
4.990523376e+02;1.888919026e-01
4.992742920e+02;1.864415854e-01
4.994962463e+02;1.901436895e-01
4.997182007e+02;1.929136068e-01
4.999401855e+02;1.861752421e-01
5.001621704e+02;1.915819198e-01
5.003841553e+02;1.927804500e-01
5.006061707e+02;1.912889481e-01
5.008281860e+02;1.955769956e-01
5.010502014e+02;1.933930218e-01
5.012722473e+02;1.936327219e-01
5.014942932e+02;1.874803007e-01
5.017163391e+02;1.986665279e-01
5.019384155e+02;1.934462935e-01
5.021604919e+02;1.951508522e-01
5.023825684e+02;1.981338561e-01
5.026046753e+02;1.997318864e-01
5.028267822e+02;1.987730712e-01
5.030488892e+02;2.034073621e-01
5.032710266e+02;2.005841732e-01
5.034931641e+02;2.005042732e-01
5.037153015e+02;2.008238733e-01
5.039374695e+02;2.032741904e-01
5.041596375e+02;2.010902166e-01
5.043818054e+02;2.035671622e-01
5.046040039e+02;2.037269622e-01
5.048262024e+02;2.053249925e-01
5.050484314e+02;2.044993490e-01
5.052706299e+02;2.067632228e-01
5.054928589e+02;2.039400339e-01
5.057151184e+02;2.046325207e-01
5.059373779e+02;2.064968944e-01
5.061596375e+02;2.051385641e-01
5.063818970e+02;2.059642076e-01
5.066041870e+02;2.059908509e-01
5.068264771e+02;2.068697661e-01
5.070487671e+02;2.059109509e-01
5.072710876e+02;2.094266117e-01
5.074934082e+02;2.050320208e-01
5.077157593e+02;2.057777792e-01
5.079380798e+02;2.120367438e-01
5.081604614e+02;2.095065117e-01
5.083828125e+02;2.099592984e-01
5.086051941e+02;2.141408175e-01
5.088275757e+02;2.127558589e-01
5.090499573e+02;2.144071460e-01
5.092723694e+02;2.172569782e-01
5.094947815e+02;2.141141742e-01
5.097172241e+02;2.120101005e-01
5.099396667e+02;2.184288651e-01
5.101621094e+02;2.199203670e-01
5.103845520e+02;2.141408175e-01
5.106070251e+02;2.161117196e-01
5.108294983e+02;2.153659761e-01
5.110520020e+02;2.180559933e-01
5.112745056e+02;2.193077803e-01
5.114970093e+02;2.203198671e-01
5.117195129e+02;2.195741236e-01
5.119420471e+02;2.245812863e-01
5.121646118e+02;2.215982974e-01
5.123871460e+02;2.221842408e-01
5.126096802e+02;2.309201509e-01
5.128322754e+02;2.262325883e-01
5.130548706e+02;2.282834053e-01
5.132774658e+02;2.284165770e-01
5.135000610e+02;2.259396166e-01
5.137226562e+02;2.314794660e-01
5.139452515e+02;2.266587317e-01
5.141679077e+02;2.285497338e-01
5.143905640e+02;2.283366770e-01
5.146132202e+02;2.325181961e-01
5.148358765e+02;2.303608507e-01
5.150585327e+02;2.325181961e-01
5.152812500e+02;2.327046245e-01
5.155039062e+02;2.380580306e-01
5.157266235e+02;2.368595153e-01
5.159493408e+02;2.370992154e-01
5.161720581e+02;2.360072285e-01
5.163947754e+02;2.404550910e-01
5.166175537e+02;2.342760265e-01
5.168402710e+02;2.385907173e-01
5.170630493e+02;2.389902174e-01
5.172858276e+02;2.366997004e-01
5.175086060e+02;2.456486970e-01
5.177314453e+02;2.376318872e-01
5.179542236e+02;2.421862930e-01
5.181770630e+02;2.430652082e-01
5.183999023e+02;2.423194498e-01
5.186227417e+02;2.479391992e-01
5.188455811e+02;2.439441234e-01
5.190684204e+02;2.462612689e-01
5.192912598e+02;2.465808690e-01
5.195141602e+02;2.490045577e-01
5.197370605e+02;2.521207333e-01
5.199599609e+02;2.480190992e-01
5.201828613e+02;2.528664768e-01
5.204057617e+02;2.457818538e-01
5.206287231e+02;2.545177639e-01
5.208516235e+02;2.550238073e-01
5.210745850e+02;2.546243072e-01
5.212975464e+02;2.539584637e-01
5.215205078e+02;2.624014020e-01
5.217435303e+02;2.566218376e-01
5.219664917e+02;2.565685809e-01
5.221895142e+02;2.584329545e-01
5.224125366e+02;2.582465112e-01
5.226355591e+02;2.597646415e-01
5.228585815e+02;2.581399679e-01
5.230816040e+02;2.601375282e-01
5.233046875e+02;2.638396323e-01
5.235277100e+02;2.609631717e-01
5.237507935e+02;2.670356929e-01
5.239738770e+02;2.621350586e-01
5.241969604e+02;2.665829062e-01
5.244201050e+02;2.655708194e-01
5.246431885e+02;2.667427063e-01
5.248663330e+02;2.713237405e-01
5.250894775e+02;2.687935233e-01
5.253126221e+02;2.676482797e-01
5.255357666e+02;2.733213007e-01
5.257589111e+02;2.733745575e-01
5.259821167e+02;2.749459445e-01
5.262053223e+02;2.762776613e-01
5.264285278e+02;2.765173614e-01
5.266517334e+02;2.764640749e-01
5.268749390e+02;2.752655745e-01
5.270981445e+02;2.779822052e-01
5.273214111e+02;2.765173614e-01
5.275446167e+02;2.823501825e-01
5.277678833e+02;2.782219350e-01
5.279911499e+02;2.753188312e-01
5.282144165e+02;2.795003355e-01
5.284377441e+02;2.760113180e-01
5.286610107e+02;2.819506526e-01
5.288843384e+02;2.783817351e-01
5.291076660e+02;2.827230394e-01
5.293309937e+02;2.811250091e-01
5.295543213e+02;2.851200998e-01
5.297777100e+02;2.859990001e-01
5.300010376e+02;2.820571959e-01
5.302244263e+02;2.852798998e-01
5.304478149e+02;2.878367603e-01
5.306712036e+02;2.827763259e-01
5.308945923e+02;2.879699171e-01
5.311179810e+02;2.868779302e-01
5.313414307e+02;2.899408340e-01
5.315648804e+02;2.876236737e-01
5.317883301e+02;2.912458777e-01
5.320117798e+02;2.843210697e-01
5.322352295e+02;2.843743563e-01
5.324586792e+02;2.887423038e-01
5.326821899e+02;2.860522866e-01
5.329057007e+02;2.920449078e-01
5.331291504e+02;2.884493172e-01
5.333527222e+02;2.874372303e-01
5.335762329e+02;2.841879129e-01
5.337997437e+02;2.851200998e-01
5.340233154e+02;2.947615683e-01
5.342468262e+02;2.875171602e-01
5.344703979e+02;2.922313511e-01
5.346939697e+02;2.902337909e-01
5.349176025e+02;2.925509512e-01
5.351411743e+02;2.899408340e-01
5.353648071e+02;2.922313511e-01
5.355883789e+02;2.931102514e-01
5.358120117e+02;2.892217040e-01
5.360356445e+02;2.920715511e-01
5.362593384e+02;2.931102514e-01
5.364829712e+02;2.864251435e-01
5.367066650e+02;2.919383645e-01
5.369302979e+02;2.820039392e-01
5.371539917e+02;2.922579646e-01
5.373776855e+02;2.847472131e-01
5.376014404e+02;2.865583301e-01
5.378251343e+02;2.827763259e-01
5.380488892e+02;2.886357605e-01
5.382726440e+02;2.923112512e-01
5.384963379e+02;2.944685817e-01
5.387201538e+02;2.886624038e-01
5.389439087e+02;2.857593000e-01
5.391676636e+02;2.921248078e-01
5.393914795e+02;2.902870774e-01
5.396152954e+02;2.914056778e-01
5.398391113e+02;2.912192643e-01
5.400629272e+02;2.913790643e-01
5.402867432e+02;2.869311869e-01
5.405105591e+02;2.916720212e-01
5.407344360e+02;2.868512869e-01
5.409583130e+02;2.895945907e-01
5.411821899e+02;2.865849733e-01
5.414060669e+02;2.887423038e-01
5.416299438e+02;2.878101170e-01
5.418538818e+02;2.838949263e-01
5.420777588e+02;2.893016040e-01
5.423016968e+02;2.866115868e-01
5.425256348e+02;2.867181301e-01
5.427495728e+02;2.891950905e-01
5.429735107e+02;2.868512869e-01
5.431975098e+02;2.825099826e-01
5.434214478e+02;2.931102514e-01
5.436454468e+02;2.816576958e-01
5.438694458e+02;2.818973958e-01
5.440934448e+02;2.871442735e-01
5.443174438e+02;2.816843390e-01
5.445415039e+02;2.810983956e-01
5.447655640e+02;2.809918523e-01
5.449895630e+02;2.835753262e-01
5.452136230e+02;2.863718867e-01
5.454376831e+02;2.768902183e-01
5.456618042e+02;2.815245092e-01
5.458858643e+02;2.794470787e-01
5.461099854e+02;2.772364616e-01
5.463341064e+02;2.800596654e-01
5.465582275e+02;2.824566960e-01
5.467823486e+02;2.746263444e-01
5.470064697e+02;2.846939564e-01
5.472306519e+02;2.807787657e-01
5.474547729e+02;2.782751918e-01
5.476789551e+02;2.773962617e-01
5.479031372e+02;2.786214352e-01
5.481273193e+02;2.833356261e-01
5.483515015e+02;2.804591656e-01
5.485757446e+02;2.865583301e-01
5.487999878e+02;2.832557261e-01
5.490241699e+02;2.770766616e-01
5.492484131e+02;2.809918523e-01
5.494726562e+02;2.823235393e-01
5.496969604e+02;2.778490484e-01
5.499212036e+02;2.754519880e-01
5.501455078e+02;2.798732221e-01
5.503698120e+02;2.793671787e-01
5.505941162e+02;2.741203010e-01
5.508184204e+02;2.833356261e-01
5.510427246e+02;2.821637392e-01
5.512670898e+02;2.819772959e-01
5.514913940e+02;2.810983956e-01
5.517157593e+02;2.781686485e-01
5.519401245e+02;2.798465788e-01
5.521644897e+02;2.826165259e-01
5.523889160e+02;2.771299481e-01
5.526132812e+02;2.751323879e-01
5.528377075e+02;2.773163617e-01
5.530621338e+02;2.800596654e-01
5.532865601e+02;2.831491828e-01
5.535109863e+02;2.823767960e-01
5.537354126e+02;2.838949263e-01
5.539598999e+02;2.836286128e-01
5.541843262e+02;2.824833393e-01
5.544088135e+02;2.832024693e-01
5.546333008e+02;2.824300826e-01
5.548577881e+02;2.852532566e-01
5.550823364e+02;2.853864431e-01
5.553068237e+02;2.858924866e-01
5.555313721e+02;2.834155262e-01
5.557559204e+02;2.894614041e-01
5.559804688e+02;2.906333208e-01
5.562050171e+02;2.941489816e-01
5.564295654e+02;2.942288816e-01
5.566541748e+02;2.950279117e-01
5.568787231e+02;2.943886817e-01
5.571033325e+02;2.986234725e-01
5.573279419e+02;2.972917855e-01
5.575525513e+02;2.942821383e-01
5.577772217e+02;2.981973290e-01
5.580018311e+02;3.004345894e-01
5.582265015e+02;2.972917855e-01
5.584511719e+02;3.020326197e-01
5.586758423e+02;3.014466763e-01
5.589005127e+02;3.037371635e-01
5.591251831e+02;3.081583977e-01
5.593499146e+02;3.095433712e-01
5.595745850e+02;3.154827058e-01
5.597993164e+02;3.110082150e-01
5.600240479e+02;3.112479448e-01
5.602488403e+02;3.152430058e-01
5.604735718e+02;3.189717531e-01
5.606983032e+02;3.189184964e-01
5.609230957e+02;3.230467439e-01
5.611478882e+02;3.226738572e-01
5.613726807e+02;3.299981654e-01
5.615974731e+02;3.284800351e-01
5.618223267e+02;3.383345902e-01
5.620471191e+02;3.326882124e-01
5.622719727e+02;3.346058428e-01
5.624968262e+02;3.397195339e-01
5.627216797e+02;3.412110507e-01
5.629465332e+02;3.444603682e-01
5.631713867e+02;3.494142890e-01
5.633963013e+02;3.508258760e-01
5.636211548e+02;3.535158932e-01
5.638460693e+02;3.606537580e-01
5.640709839e+02;3.587627709e-01
5.642958984e+02;3.639297485e-01
5.645208740e+02;3.696293831e-01
5.647457886e+02;3.679780960e-01
5.649707642e+02;3.749828041e-01
5.651957397e+02;3.758883476e-01
5.654207153e+02;3.784984648e-01
5.656456909e+02;3.796437383e-01
5.658707275e+02;3.787914515e-01
5.660957031e+02;3.924013674e-01
5.663207397e+02;3.896580637e-01
5.665457764e+02;3.935466111e-01
5.667708130e+02;3.919219375e-01
5.669958496e+02;3.978613019e-01
5.672208862e+02;4.032413363e-01
5.674459839e+02;4.030815363e-01
5.676710205e+02;4.125365615e-01
5.678961182e+02;4.151999652e-01
5.681212158e+02;4.208196998e-01
5.683463745e+02;4.175437391e-01
5.685714722e+02;4.267057776e-01
5.687966309e+02;4.305943251e-01
5.690217285e+02;4.302214682e-01
5.692468872e+02;4.368532896e-01
5.694720459e+02;4.371462762e-01
5.696972046e+02;4.476133883e-01
5.699224243e+02;4.464148581e-01
5.701475830e+02;4.503034055e-01
5.703728027e+02;4.525140226e-01
5.705980225e+02;4.598915875e-01
5.708232422e+02;4.602911174e-01
5.710484619e+02;4.659641385e-01
5.712736816e+02;4.664701819e-01
5.714989624e+02;4.731819034e-01
5.717242432e+02;4.813052416e-01
5.719495239e+02;4.786684811e-01
5.721748047e+02;4.842882454e-01
5.724000854e+02;4.900677800e-01
5.726253662e+02;4.902009666e-01
5.728507080e+02;5.007746220e-01
5.730760498e+02;4.984308183e-01
5.733013306e+02;5.020263791e-01
5.735266724e+02;5.064476132e-01
5.737520752e+02;5.115346909e-01
5.739774170e+02;5.177137256e-01
5.742028198e+02;5.095638037e-01
5.744281616e+02;5.210163593e-01
5.746535645e+02;5.237063766e-01
5.748789673e+02;5.295658112e-01
5.751043701e+02;5.293527246e-01
5.753298340e+02;5.445074439e-01
5.755552368e+02;5.410450101e-01
5.757807007e+02;5.347328186e-01
5.760061646e+02;5.506598353e-01
5.762316284e+02;5.413380265e-01
5.764570923e+02;5.460788012e-01
5.766826172e+02;5.502603650e-01
5.769080811e+02;5.566791296e-01
5.771336060e+02;5.567856431e-01
5.773591309e+02;5.673592687e-01
5.775846558e+02;5.732454062e-01
5.778101807e+02;5.817948580e-01
5.780357666e+02;5.735383630e-01
5.782612915e+02;5.828069448e-01
5.784868774e+02;5.825406313e-01
5.787124634e+02;5.858165622e-01
5.789380493e+02;5.860829353e-01
5.791636353e+02;5.947123170e-01
5.793892212e+02;5.853904486e-01
5.796148682e+02;5.988138914e-01
5.798405151e+02;5.931409001e-01
5.800661621e+02;5.960705876e-01
5.802918091e+02;6.018235087e-01
5.805174561e+02;5.979616046e-01
5.807431030e+02;6.028090119e-01
5.809688110e+02;6.059517860e-01
5.811944580e+02;6.096006036e-01
5.814201660e+02;6.101066470e-01
5.816458740e+02;6.167118549e-01
5.818716431e+02;6.151670814e-01
5.820973511e+02;6.138087511e-01
5.823231201e+02;6.211064458e-01
5.825488281e+02;6.254478097e-01
5.827745972e+02;6.234236360e-01
5.830003662e+02;6.226245761e-01
5.832261963e+02;6.236899495e-01
5.834519653e+02;6.237698197e-01
5.836777344e+02;6.267528534e-01
5.839035645e+02;6.447041035e-01
5.841293945e+02;6.357018352e-01
5.843552246e+02;6.388179660e-01
5.845810547e+02;6.433457732e-01
5.848069458e+02;6.407622695e-01
5.850327759e+02;6.455297470e-01
5.852586670e+02;6.431060433e-01
5.854845581e+02;6.445975304e-01
5.857104492e+02;6.465418339e-01
5.859363403e+02;6.495514512e-01
5.861622925e+02;6.465151906e-01
5.863881836e+02;6.542656422e-01
5.866141357e+02;6.480333209e-01
5.868400879e+02;6.528806686e-01
5.870660400e+02;6.628417373e-01
5.872919922e+02;6.647860408e-01
5.875180054e+02;6.679554582e-01
5.877439575e+02;6.645196676e-01
5.879699707e+02;6.642267108e-01
5.881959839e+02;6.676625013e-01
5.884219971e+02;6.711248755e-01
5.886480103e+02;6.634277105e-01
5.888740234e+02;6.661443710e-01
5.891000977e+02;6.665171981e-01
5.893261719e+02;6.722434759e-01
5.895522461e+02;6.715244055e-01
5.897783203e+02;6.756526232e-01
5.900043945e+02;6.704590321e-01
5.902304688e+02;6.827106476e-01
5.904566040e+02;6.818050742e-01
5.906827393e+02;6.815919876e-01
5.909088135e+02;6.872117519e-01
5.911350098e+02;6.850277781e-01
5.913611450e+02;6.846815348e-01
5.915872803e+02;6.905676126e-01
5.918134766e+02;6.927515864e-01
5.920396118e+02;6.985577941e-01
5.922658081e+02;6.915264130e-01
5.924920044e+02;6.994633079e-01
5.927182617e+02;6.912867427e-01
5.929444580e+02;6.885700822e-01
5.931707153e+02;6.984245777e-01
5.933969116e+02;6.958677769e-01
5.936231689e+02;6.997829080e-01
5.938494263e+02;6.915796995e-01
5.940757446e+02;7.048699856e-01
5.943020020e+02;7.059087157e-01
5.945282593e+02;7.062283158e-01
5.947545776e+02;7.013276815e-01
5.949808960e+02;7.119013667e-01
5.952072144e+02;7.038312554e-01
5.954335327e+02;7.068142891e-01
5.956599121e+02;7.033518553e-01
5.958862305e+02;7.143516541e-01
5.961126099e+02;7.063082457e-01
5.963389893e+02;7.123807669e-01
5.965653687e+02;7.202377319e-01
5.967917480e+02;7.236202359e-01
5.970181885e+02;7.144848108e-01
5.972445679e+02;7.239664793e-01
5.974710083e+02;7.193055749e-01
5.976974487e+02;7.300390005e-01
5.979238892e+02;7.295063138e-01
5.981503296e+02;7.277485132e-01
5.983768311e+02;7.295063138e-01
5.986032715e+02;7.330752611e-01
5.988297729e+02;7.304118872e-01
5.990562744e+02;7.427433729e-01
5.992827759e+02;7.391477823e-01
5.995092773e+02;7.328888178e-01
5.997357788e+02;7.320898175e-01
5.999623413e+02;7.371768951e-01
6.001889038e+02;7.359250784e-01
6.004154663e+02;7.385085821e-01
6.006420288e+02;7.435690165e-01
6.008685913e+02;7.428498864e-01
6.010951538e+02;7.357120514e-01
6.013217773e+02;7.447675467e-01
6.015484009e+02;7.438087463e-01
6.017749634e+02;7.460992336e-01
6.020015869e+02;7.435423732e-01
6.022282715e+02;7.515325546e-01
6.024548950e+02;7.508400679e-01
6.026815796e+02;7.617067099e-01
6.029082031e+02;7.562733889e-01
6.031348877e+02;7.590699196e-01
6.033615723e+02;7.580046058e-01
6.035883179e+02;7.622660398e-01
6.038150024e+02;7.622127533e-01
6.040416870e+02;7.627187967e-01
6.042684326e+02;7.676993012e-01
6.044951782e+02;7.625323534e-01
6.047219238e+02;7.630117536e-01
6.049486694e+02;7.735055089e-01
6.051754761e+02;7.657817006e-01
6.054022217e+02;7.679656744e-01
6.056290283e+02;7.715878487e-01
6.058558350e+02;7.712150216e-01
6.060826416e+02;7.791252732e-01
6.063094482e+02;7.730793357e-01
6.065363159e+02;7.713481784e-01
6.067631226e+02;7.764352560e-01
6.069899902e+02;7.754231691e-01
6.072168579e+02;7.745442390e-01
6.074437256e+02;7.786192298e-01
6.076705933e+02;7.851711512e-01
6.078974609e+02;7.882074118e-01
6.081243896e+02;7.855706811e-01
6.083513184e+02;7.843455076e-01
6.085781860e+02;7.909507155e-01
6.088051147e+02;7.845319510e-01
6.090321045e+02;7.957447767e-01
6.092590332e+02;7.992870808e-01
6.094860229e+02;7.972629070e-01
6.097129517e+02;7.971830368e-01
6.099399414e+02;7.964905500e-01
6.101669312e+02;7.993403673e-01
6.103939209e+02;8.007785678e-01
6.106209717e+02;7.995534539e-01
6.108479614e+02;8.009916544e-01
6.110750122e+02;8.054661751e-01
6.113020630e+02;8.029626012e-01
6.115291138e+02;8.000062108e-01
6.117561646e+02;8.139091134e-01
6.119832764e+02;8.167322874e-01
6.122103271e+02;8.150810003e-01
6.124374390e+02;8.178775311e-01
6.126645508e+02;8.144683838e-01
6.128916626e+02;8.217660785e-01
6.131187744e+02;8.247756958e-01
6.133458862e+02;8.159865141e-01
6.135730591e+02;8.182504177e-01
6.138002319e+02;8.130301833e-01
6.140273438e+02;8.127638698e-01
6.142545166e+02;8.203012347e-01
6.144817505e+02;8.191293478e-01
6.147089233e+02;8.221389651e-01
6.149361572e+02;8.166257739e-01
6.151633301e+02;8.366011381e-01
6.153905640e+02;8.272793293e-01
6.156177979e+02;8.317537904e-01
6.158450317e+02;8.318869472e-01
6.160723267e+02;8.281848431e-01
6.162995605e+02;8.372403979e-01
6.165268555e+02;8.301291466e-01
6.167541504e+02;8.316739202e-01
6.169814453e+02;8.337246776e-01
6.172087402e+02;8.254415393e-01
6.174360352e+02;8.234972954e-01
6.176633911e+02;8.299160600e-01
6.178907471e+02;8.287175298e-01
6.181180420e+02;8.363348246e-01
6.183453979e+02;8.399836421e-01
6.185728149e+02;8.401700854e-01
6.188001709e+02;8.411289454e-01
6.190275879e+02;8.420344591e-01
6.192549438e+02;8.385454416e-01
6.194823608e+02;8.397173285e-01
6.197097778e+02;8.413952589e-01
6.199371948e+02;8.485065103e-01
6.201646729e+02;8.497583270e-01
6.203920898e+02;8.471215367e-01
6.206195679e+02;8.493055105e-01
6.208470459e+02;8.429933190e-01
6.210745239e+02;8.452838063e-01
6.213020020e+02;8.494120836e-01
6.215294800e+02;8.464823365e-01
6.217570190e+02;8.485597968e-01
6.219844971e+02;8.516492844e-01
6.222120361e+02;8.437923193e-01
6.224395752e+02;8.479205370e-01
6.226671143e+02;8.484798670e-01
6.228947144e+02;8.507969975e-01
6.231222534e+02;8.586273789e-01
6.233498535e+02;8.534604311e-01
6.235774536e+02;8.533538580e-01
6.238050537e+02;8.477607369e-01
6.240326538e+02;8.512498140e-01
6.242602539e+02;8.542594314e-01
6.244879150e+02;8.583077788e-01
6.247155762e+02;8.581746221e-01
6.249431763e+02;8.557242751e-01
6.251708374e+02;8.533805013e-01
6.253985596e+02;8.666442037e-01
6.256262207e+02;8.634747267e-01
6.258538818e+02;8.571891785e-01
6.260816040e+02;8.603053093e-01
6.263093262e+02;8.541262746e-01
6.265370483e+02;8.582544923e-01
6.267647705e+02;8.567363620e-01
6.269924927e+02;8.633948565e-01
6.272202759e+02;8.662979603e-01
6.274480591e+02;8.570826054e-01
6.276757812e+02;8.661647439e-01
6.279035645e+02;8.681623340e-01
6.281314087e+02;8.613440394e-01
6.283591919e+02;8.665109873e-01
6.285869751e+02;8.612641096e-01
6.288148193e+02;8.603585958e-01
6.290426636e+02;8.669371605e-01
6.292705078e+02;8.662180305e-01
6.294983521e+02;8.685618043e-01
6.297261963e+02;8.743147254e-01
6.299541016e+02;8.617967963e-01
6.301819458e+02;8.662180305e-01
6.304098511e+02;8.736222386e-01
6.306377563e+02;8.795083165e-01
6.308656616e+02;8.798279166e-01
6.310936279e+02;8.689346910e-01
6.313215332e+02;8.714649081e-01
6.315494995e+02;8.728498816e-01
6.317774658e+02;8.754599690e-01
6.320054321e+02;8.781234026e-01
6.322333984e+02;8.760192990e-01
6.324613647e+02;8.765253425e-01
6.326893921e+02;8.766318560e-01
6.329173584e+02;8.806802034e-01
6.331453857e+02;8.740217686e-01
6.333734131e+02;8.775907159e-01
6.336014404e+02;8.830240369e-01
6.338294678e+02;8.788158298e-01
6.340575562e+02;8.865663409e-01
6.342855835e+02;8.866994977e-01
6.345136719e+02;8.852612376e-01
6.347417603e+02;8.732493520e-01
6.349698486e+02;8.847818375e-01
6.351979980e+02;8.807334900e-01
6.354260864e+02;8.867261410e-01
6.356542358e+02;8.849949241e-01
6.358823853e+02;8.787359595e-01
6.361105347e+02;8.917332888e-01
6.363386841e+02;8.793751597e-01
6.365668335e+02;8.837697506e-01
6.367949829e+02;8.837963939e-01
6.370231934e+02;8.817722201e-01
6.372514038e+02;8.868859410e-01
6.374796143e+02;8.799611330e-01
6.377078247e+02;8.884839416e-01
6.379360352e+02;8.927187324e-01
6.381643066e+02;8.882708549e-01
6.383925171e+02;8.837431073e-01
6.386207886e+02;8.862733245e-01
6.388490601e+02;8.854743242e-01
6.390773315e+02;8.975927234e-01
6.393056030e+02;8.935976624e-01
6.395339355e+02;8.807867765e-01
6.397622070e+02;8.946363926e-01
6.399905396e+02;8.958057761e-01
6.402188721e+02;8.934215307e-01
6.404472046e+02;8.915359974e-01
6.406755371e+02;9.046671391e-01
6.409039307e+02;9.077578187e-01
6.411323242e+02;9.048021436e-01
6.413606567e+02;9.080012441e-01
6.415890503e+02;9.038367271e-01
6.418174438e+02;9.028158188e-01
6.420458984e+02;9.068440199e-01
6.422742920e+02;8.952484727e-01
6.425027466e+02;9.103772640e-01
6.427311401e+02;8.995146751e-01
6.429595947e+02;9.083801508e-01
6.431880493e+02;9.063839316e-01
6.434165649e+02;8.854389191e-01
6.436450195e+02;8.879995346e-01
6.438735352e+02;9.068305492e-01
6.441019897e+02;9.135473967e-01
6.443305054e+02;8.855270147e-01
6.445590210e+02;8.843691945e-01
6.447875977e+02;8.924987912e-01
6.450161133e+02;8.943707347e-01
6.452446899e+02;8.953847885e-01
6.454732056e+02;8.923556209e-01
6.457017822e+02;8.771448135e-01
6.459303589e+02;8.942617178e-01
6.461589966e+02;8.932490945e-01
6.463875732e+02;8.901860714e-01
6.466162109e+02;9.005995393e-01
6.468447876e+02;8.974695802e-01
6.470734253e+02;8.784089684e-01
6.473020630e+02;9.058517814e-01
6.475307617e+02;9.079154134e-01
6.477593994e+02;9.104945660e-01
6.479880981e+02;9.069039822e-01
6.482167358e+02;9.048191309e-01
6.484454346e+02;9.159898162e-01
6.486741333e+02;8.814385533e-01
6.489028320e+02;9.009529948e-01
6.491315918e+02;8.938640952e-01
6.493602905e+02;8.927814960e-01
6.495890503e+02;8.948760629e-01
6.498178101e+02;8.968736529e-01
6.500465698e+02;8.876582980e-01
6.502753296e+02;8.896291852e-01
6.505041504e+02;8.802274466e-01
6.507329102e+02;8.852080107e-01
6.509617310e+02;8.889101148e-01
6.511905518e+02;8.749539256e-01
6.514193726e+02;8.774042726e-01
6.516481934e+02;8.770580292e-01
6.518770142e+02;8.846486807e-01
6.521058960e+02;8.837697506e-01
6.523347778e+02;8.835833073e-01
6.525636597e+02;8.692542911e-01
6.527925415e+02;8.755132556e-01
6.530214233e+02;8.779369593e-01
6.532503052e+02;8.744212389e-01
6.534792480e+02;8.823847771e-01
6.537081299e+02;8.819320202e-01
6.539370728e+02;8.857140541e-01
6.541660156e+02;8.757263422e-01
6.543949585e+02;8.786294460e-01
6.546239624e+02;8.738619685e-01
6.548529053e+02;8.760992289e-01
6.550819092e+02;8.768982291e-01
6.553109131e+02;8.787626028e-01
6.555399170e+02;8.759394288e-01
6.557689209e+02;8.704794645e-01
6.559979248e+02;8.799611330e-01
6.562269897e+02;8.823847771e-01
6.564560547e+02;8.826245070e-01
6.566851196e+02;8.830506206e-01
6.569141846e+02;8.802807331e-01
6.571432495e+02;8.767650723e-01
6.573723145e+02;8.747408986e-01
6.576014404e+02;8.751137257e-01
6.578305054e+02;8.808134198e-01
6.580596313e+02;8.686417341e-01
6.582887573e+02;8.779901862e-01
6.585178833e+02;8.807068467e-01
6.587470703e+02;8.783630729e-01
6.589761963e+02;8.682954907e-01
6.592053833e+02;8.743680120e-01
6.594345703e+02;8.656054735e-01
6.596637573e+02;8.647531867e-01
6.598929443e+02;8.660582304e-01
6.601221313e+02;8.633415699e-01
6.603513794e+02;8.560438752e-01
6.605805664e+02;8.641672134e-01
6.608098145e+02;8.687482476e-01
6.610390625e+02;8.654989004e-01
6.612683105e+02;8.616369963e-01
6.614975586e+02;8.615571260e-01
6.617268677e+02;8.546855450e-01
6.619561768e+02;8.555911183e-01
6.621854248e+02;8.635280132e-01
6.624147339e+02;8.649396300e-01
6.626441040e+02;8.561504483e-01
6.628734131e+02;8.624094129e-01
6.631027222e+02;8.613440394e-01
6.633320923e+02;8.697869778e-01
6.635614624e+02;8.594263792e-01
6.637908325e+02;8.595595360e-01
6.640202026e+02;8.630486131e-01
6.642495728e+02;8.590002656e-01
6.644790039e+02;8.569494486e-01
6.647083740e+02;8.574288487e-01
6.649378052e+02;8.539131880e-01
6.651672363e+02;8.554846048e-01
6.653966675e+02;8.591334224e-01
6.656260986e+02;8.637943268e-01
6.658555908e+02;8.560705185e-01
6.660850220e+02;8.525282145e-01
6.663145142e+02;8.562569618e-01
6.665440063e+02;8.527679443e-01
6.667734985e+02;8.546056747e-01
6.670030518e+02;8.530609012e-01
6.672325439e+02;8.466687799e-01
6.674620972e+02;8.473346233e-01
6.676915894e+02;8.485065103e-01
6.679211426e+02;8.504773974e-01
6.681506958e+02;8.513030410e-01
6.683803101e+02;8.461893797e-01
6.686098633e+02;8.528744578e-01
6.688394775e+02;8.514362574e-01
6.690690308e+02;8.353493810e-01
6.692986450e+02;8.482401371e-01
6.695282593e+02;8.488261104e-01
6.697579346e+02;8.436591625e-01
6.699875488e+02;8.468818665e-01
6.702172241e+02;8.394775987e-01
6.704468384e+02;8.428601027e-01
6.706765137e+02;8.477873802e-01
6.709061890e+02;8.442717195e-01
6.711359253e+02;8.403298855e-01
6.713656006e+02;8.446978331e-01
6.715953369e+02;8.527413011e-01
6.718250122e+02;8.397439718e-01
6.720547485e+02;8.434727192e-01
6.722844849e+02;8.506371975e-01
6.725142822e+02;8.521819711e-01
6.727440186e+02;8.447511196e-01
6.729738159e+02;8.416349888e-01
6.732035522e+02;8.453104496e-01
6.734333496e+02;8.410223722e-01
6.736631470e+02;8.466154933e-01
6.738929443e+02;8.470682502e-01
6.741228027e+02;8.444848061e-01
6.743526001e+02;8.437923193e-01
6.745824585e+02;8.368142247e-01
6.748123169e+02;8.514096141e-01
6.750421753e+02;8.391047716e-01
6.752720337e+02;8.480803370e-01
6.755019531e+02;8.369740248e-01
6.757318115e+02;8.466687799e-01
6.759617310e+02;8.390248418e-01
6.761916504e+02;8.494120836e-01
6.764215698e+02;8.425671458e-01
6.766514893e+02;8.389715552e-01
6.768814087e+02;8.405429721e-01
6.771113892e+02;8.453104496e-01
6.773413696e+02;8.393177986e-01
6.775712891e+02;8.360685110e-01
6.778012695e+02;8.359087110e-01
6.780313110e+02;8.408625722e-01
6.782612915e+02;8.453104496e-01
6.784912720e+02;8.385454416e-01
6.787213135e+02;8.412088156e-01
6.789513550e+02;8.405429721e-01
6.791813965e+02;8.281316161e-01
6.794114380e+02;8.390248418e-01
6.796415405e+02;8.403032422e-01
6.798715820e+02;8.431797028e-01
6.801016846e+02;8.408359289e-01
6.803317871e+02;8.446179628e-01
6.805618896e+02;8.366277814e-01
6.807919922e+02;8.393444419e-01
6.810220947e+02;8.423540592e-01
6.812522583e+02;8.340975642e-01
6.814823608e+02;8.424073458e-01
6.817125244e+02;8.407294154e-01
6.819426880e+02;8.406229019e-01
6.821728516e+02;8.348433375e-01
6.824030151e+02;8.340443373e-01
6.826332397e+02;8.465888500e-01
6.828634644e+02;8.330588341e-01
6.830936279e+02;8.375333548e-01
6.833238525e+02;8.306884170e-01
6.835540771e+02;8.330588341e-01
6.837843628e+02;8.376132250e-01
6.840145874e+02;8.374268413e-01
6.842448730e+02;8.358554244e-01
6.844751587e+02;8.362283111e-01
6.847054443e+02;8.363881111e-01
6.849357300e+02;8.297829032e-01
6.851660156e+02;8.370006680e-01
6.853963623e+02;8.397439718e-01
6.856266479e+02;8.364946246e-01
6.858569946e+02;8.294366598e-01
6.860873413e+02;8.341508508e-01
6.863176880e+02;8.314608335e-01
6.865480347e+02;8.362283111e-01
6.867784424e+02;8.334050775e-01
6.870087891e+02;8.284245729e-01
6.872391968e+02;8.315939903e-01
6.874696045e+02;8.264536262e-01
6.877000122e+02;8.321799636e-01
6.879304199e+02;8.242962956e-01
6.881608887e+02;8.233374953e-01
6.883912964e+02;8.201414347e-01
6.886217651e+02;8.242164254e-01
6.888522339e+02;8.208339214e-01
6.890827026e+02;8.237370253e-01
6.893131714e+02;8.303155899e-01
6.895437012e+02;8.252817392e-01
6.897741699e+02;8.173981309e-01
6.900046997e+02;8.215264082e-01
6.902352295e+02;8.250953555e-01
6.904657593e+02;8.214464784e-01
6.906962891e+02;8.232309818e-01
6.909268799e+02;8.225384951e-01
6.911574097e+02;8.148146272e-01
6.913880005e+02;8.189429045e-01
6.916185913e+02;8.176910877e-01
6.918491821e+02;8.180639744e-01
6.920797729e+02;8.149212003e-01
6.923104248e+02;8.210735917e-01
6.925410156e+02;8.204876781e-01
6.927716675e+02;8.123376966e-01
6.930023193e+02;8.148412704e-01
6.932329712e+02;8.187564611e-01
6.934636230e+02;8.074903488e-01
6.936942749e+02;8.194489479e-01
6.939249878e+02;8.098874092e-01
6.941557007e+02;8.117517829e-01
6.943864136e+02;8.189961910e-01
6.946171265e+02;8.158267140e-01
6.948478394e+02;8.116984963e-01
6.950785522e+02;8.078365922e-01
6.953093262e+02;8.104999661e-01
6.955400391e+02;8.075702190e-01
6.957708130e+02;8.015776277e-01
6.960015869e+02;7.999529243e-01
6.962323608e+02;8.075169921e-01
6.964631958e+02;8.058656454e-01
6.966939697e+02;8.101004362e-01
6.969248047e+02;8.038414717e-01
6.971556396e+02;8.034952283e-01
6.973864746e+02;8.011248112e-01
6.976173096e+02;8.055194020e-01
6.978481445e+02;7.974759936e-01
6.980790405e+02;8.035751581e-01
6.983099365e+02;8.002192974e-01
6.985407715e+02;8.102602363e-01
6.987716675e+02;8.048269749e-01
6.990025635e+02;8.026163578e-01
6.992335205e+02;8.096210361e-01
6.994644165e+02;8.065314889e-01
6.996953735e+02;7.928683162e-01
6.999263306e+02;8.093547225e-01
7.001572876e+02;8.097808361e-01
7.003882446e+02;8.022434711e-01
7.006192017e+02;7.955583334e-01
7.008502197e+02;8.024032712e-01
7.010811768e+02;7.915632725e-01
7.013121948e+02;8.062918186e-01
7.015432129e+02;7.888466120e-01
7.017742310e+02;7.991006374e-01
7.020052490e+02;8.024032712e-01
7.022363281e+02;8.054395318e-01
7.024674072e+02;7.976890802e-01
7.026984253e+02;7.989142537e-01
7.029295044e+02;8.012313843e-01
7.031605835e+02;8.022701144e-01
7.033917236e+02;8.008851409e-01
7.036228027e+02;7.951055765e-01
7.038539429e+02;7.980619669e-01
7.040850220e+02;7.947060466e-01
7.043161621e+02;7.976624370e-01
7.045473022e+02;7.969433069e-01
7.047785034e+02;7.959845066e-01
7.050096436e+02;7.955849767e-01
7.052408447e+02;7.933743596e-01
7.054719849e+02;7.976624370e-01
7.057031860e+02;7.972629070e-01
7.059343872e+02;7.979553938e-01
7.061656494e+02;7.974227071e-01
7.063968506e+02;7.989674807e-01
7.066281128e+02;7.958513498e-01
7.068593140e+02;7.994735241e-01
7.070905762e+02;8.010449409e-01
7.073218384e+02;7.978488803e-01
7.075531616e+02;7.918295860e-01
7.077844238e+02;8.013911843e-01
7.080157471e+02;7.879943252e-01
7.082470093e+02;8.071707487e-01
7.084783325e+02;8.006720543e-01
7.087096558e+02;8.032022715e-01
7.089409790e+02;7.898586988e-01
7.091723633e+02;7.995800972e-01
7.094036865e+02;7.973428369e-01
7.096350708e+02;8.082360625e-01
7.098664551e+02;7.964372635e-01
7.100978394e+02;8.007785678e-01
7.103292236e+02;7.816821337e-01
7.105606689e+02;7.996866107e-01
7.107920532e+02;7.987810373e-01
7.110234985e+02;8.004589677e-01
7.112549438e+02;7.951055765e-01
7.114863892e+02;7.887400985e-01
7.117178345e+02;7.890330553e-01
7.119492798e+02;7.936140895e-01
7.121807861e+02;7.870088816e-01
7.124122314e+02;7.965438366e-01
7.126437378e+02;7.872486115e-01
7.128752441e+02;7.903647423e-01
7.131067505e+02;7.827740908e-01
7.133383179e+02;7.930281162e-01
7.135698242e+02;7.825344205e-01
7.138013916e+02;7.851711512e-01
7.140329590e+02;7.777935863e-01
7.142645264e+02;7.809896469e-01
7.144960938e+02;7.807232738e-01
7.147276611e+02;7.786724567e-01
7.149592896e+02;7.783794999e-01
7.151908569e+02;7.746507525e-01
7.154224854e+02;7.721738219e-01
7.156541138e+02;7.662611008e-01
7.158857422e+02;7.727065086e-01
7.161173706e+02;7.752633691e-01
7.163490601e+02;7.672998309e-01
7.165806885e+02;7.621861100e-01
7.168123779e+02;7.658882141e-01
7.170440674e+02;7.576050758e-01
7.172757568e+02;7.578448057e-01
7.175075073e+02;7.618132234e-01
7.177391968e+02;7.553412318e-01
7.179709473e+02;7.481500506e-01
7.182026367e+02;7.593895793e-01
7.184343872e+02;7.486028075e-01
7.186661377e+02;7.468716502e-01
7.188979492e+02;7.483364940e-01
7.191296997e+02;7.467384338e-01
7.193615112e+02;7.437821031e-01
7.195933228e+02;7.406925559e-01
7.198250732e+02;7.572055459e-01
7.200569458e+02;7.373100519e-01
7.202887573e+02;7.405061126e-01
7.205205688e+02;7.343270779e-01
7.207524414e+02;7.356854081e-01
7.209842529e+02;7.410121560e-01
7.212161255e+02;7.425835729e-01
7.214479980e+02;7.375764251e-01
7.216799316e+02;7.340341210e-01
7.219118042e+02;7.248187661e-01
7.221437378e+02;7.335014343e-01
7.223756104e+02;7.238599658e-01
7.226075439e+02;7.355788946e-01
7.228394775e+02;7.190392017e-01
7.230714111e+02;7.259640098e-01
7.233034058e+02;7.277485132e-01
7.235353394e+02;7.238866091e-01
7.237673340e+02;7.138722539e-01
7.239993286e+02;7.172281146e-01
7.242313232e+02;7.124606371e-01
7.244633179e+02;7.168818712e-01
7.246953735e+02;7.160562277e-01
7.249273682e+02;7.066544890e-01
7.251594238e+02;7.064680457e-01
7.253914795e+02;6.996231079e-01
7.256235352e+02;7.080128193e-01
7.258555908e+02;7.050564289e-01
7.260876465e+02;6.991969943e-01
7.263197632e+02;6.991437078e-01
7.265518188e+02;6.955481768e-01
7.267839355e+02;7.006351948e-01
7.270160522e+02;6.962140203e-01
7.272481689e+02;6.960009336e-01
7.274803467e+02;6.897419691e-01
7.277124634e+02;6.976255774e-01
7.279446411e+02;6.861996651e-01
7.281768188e+02;6.918992996e-01
7.284089355e+02;6.894223690e-01
7.286411743e+02;6.914465427e-01
7.288733521e+02;6.885434389e-01
7.291055298e+02;6.874248385e-01
7.293377686e+02;6.850810051e-01
7.295700073e+02;6.782894135e-01
7.298022461e+02;6.790884137e-01
7.300344849e+02;6.775702834e-01
7.302667236e+02;6.835362911e-01
7.304990234e+02;6.761853099e-01
7.307312622e+02;6.844151616e-01
7.309635620e+02;6.828438044e-01
7.311958618e+02;6.724832058e-01
7.314281616e+02;6.750667095e-01
7.316604614e+02;6.674227715e-01
7.318928223e+02;6.737083793e-01
7.321251221e+02;6.708585620e-01
7.323574829e+02;6.640402675e-01
7.325898438e+02;6.643065810e-01
7.328222046e+02;6.682484150e-01
7.330545654e+02;6.685413718e-01
7.332869873e+02;6.639071107e-01
7.335193481e+02;6.459558606e-01
7.337517700e+02;6.578612328e-01
7.339841919e+02;6.590064764e-01
7.342166138e+02;6.590863466e-01
7.344490356e+02;6.557038426e-01
7.346815186e+02;6.542656422e-01
7.349139404e+02;6.504303813e-01
7.351464233e+02;6.481931210e-01
7.353789062e+02;6.470478773e-01
7.356113892e+02;6.482729912e-01
7.358438721e+02;6.416678429e-01
7.360763550e+02;6.432392001e-01
7.363088989e+02;6.386315227e-01
7.365414429e+02;6.421738863e-01
7.367739258e+02;6.338641047e-01
7.370065308e+02;6.449970603e-01
7.372390747e+02;6.354621053e-01
7.374716187e+02;6.392441392e-01
7.377042236e+02;6.358616352e-01
7.379367676e+02;6.339173317e-01
7.381693726e+02;6.281910539e-01
7.384019775e+02;6.285372972e-01
7.386345825e+02;6.284840703e-01
7.388672485e+02;6.231306195e-01
7.390998535e+02;6.197481155e-01
7.393325195e+02;6.300820708e-01
7.395651855e+02;6.224647760e-01
7.397978516e+02;6.220653057e-01
7.400305176e+02;6.154068112e-01
7.402631836e+02;6.161791682e-01
7.404959106e+02;6.122373939e-01
7.407285767e+02;6.198812723e-01
7.409613037e+02;6.142082810e-01
7.411940308e+02;6.133293509e-01
7.414267578e+02;6.088548899e-01
7.416594849e+02;6.021165252e-01
7.418922729e+02;6.028888822e-01
7.421250000e+02;6.054723859e-01
7.423577881e+02;5.905041099e-01
7.425905762e+02;6.015571952e-01
7.428233643e+02;5.984676480e-01
7.430562134e+02;5.964434743e-01
7.432890015e+02;5.962570310e-01
7.435218506e+02;5.977485776e-01
7.437546387e+02;5.944193006e-01
7.439874878e+02;5.925549269e-01
7.442203369e+02;5.892257094e-01
7.444532471e+02;5.948454738e-01
7.446860962e+02;5.891724229e-01
7.449190063e+02;5.838723183e-01
7.451518555e+02;5.857100487e-01
7.453847656e+02;5.853904486e-01
7.456176758e+02;5.803300142e-01
7.458506470e+02;5.802234411e-01
7.460835571e+02;5.902644396e-01
7.463164673e+02;5.837391019e-01
7.465494385e+02;5.774002671e-01
7.467824097e+02;5.709548593e-01
7.470153809e+02;5.716473460e-01
7.472483521e+02;5.650687814e-01
7.474813843e+02;5.673326850e-01
7.477143555e+02;5.667733550e-01
7.479473877e+02;5.745770931e-01
7.481804199e+02;5.591027737e-01
7.484134521e+02;5.664004683e-01
7.486464844e+02;5.590761304e-01
7.488795166e+02;5.601681471e-01
7.491126099e+02;5.624054074e-01
7.493457031e+02;5.515920520e-01
7.495787354e+02;5.637370944e-01
7.498118286e+02;5.563861132e-01
7.500449829e+02;5.477567911e-01
7.502780762e+02;5.512191653e-01
7.505111694e+02;5.507397652e-01
7.507443237e+02;5.526840091e-01
7.509774780e+02;5.492749214e-01
7.512106323e+02;5.515387654e-01
7.514437866e+02;5.448270440e-01
7.516769409e+02;5.383017063e-01
7.519101562e+02;5.424299836e-01
7.521433105e+02;5.365439057e-01
7.523765259e+02;5.449602008e-01
7.526097412e+02;5.372896194e-01
7.528429565e+02;5.294326544e-01
7.530762329e+02;5.380886793e-01
7.533094482e+02;5.385147929e-01
7.535427246e+02;5.287135243e-01
7.537759399e+02;5.351322889e-01
7.540092163e+02;5.323624015e-01
7.542425537e+02;5.269290805e-01
7.544758301e+02;5.317764282e-01
7.547091064e+02;5.277813673e-01
7.549424438e+02;5.278080106e-01
7.551757812e+02;5.261833072e-01
7.554090576e+02;5.251445770e-01
7.556424561e+02;5.276215672e-01
7.558757935e+02;5.273285508e-01
7.561091309e+02;5.258370638e-01
7.563425293e+02;5.211228728e-01
7.565759277e+02;5.177137256e-01
7.568092651e+02;5.244787335e-01
7.570426636e+02;5.140915513e-01
7.572761230e+02;5.200841427e-01
7.575095215e+02;5.166484118e-01
7.577429810e+02;5.174474120e-01
7.579763794e+02;5.119874477e-01
7.582098389e+02;5.092707872e-01
7.584432983e+02;5.103628039e-01
7.586767578e+02;5.052490830e-01
7.589102783e+02;5.139317513e-01
7.591437378e+02;5.091376305e-01
7.593772583e+02;5.038641095e-01
7.596107788e+02;5.104426742e-01
7.598442993e+02;5.055686831e-01
7.600778198e+02;5.015736222e-01
7.603113403e+02;5.035445094e-01
7.605449219e+02;5.050626397e-01
7.607785034e+02;5.039706826e-01
7.610120239e+02;5.076461434e-01
7.612456055e+02;4.961669445e-01
7.614792480e+02;4.982710183e-01
7.617128296e+02;4.921984971e-01
7.619464111e+02;4.975518882e-01
7.621800537e+02;4.957674444e-01
7.624136963e+02;4.891089499e-01
7.626473389e+02;4.937698841e-01
7.628809814e+02;4.935301840e-01
7.631146240e+02;4.936633706e-01
7.633483276e+02;4.934502840e-01
7.635819702e+02;4.861525893e-01
7.638156738e+02;4.926778972e-01
7.640493774e+02;4.865521193e-01
7.642830811e+02;4.872978628e-01
7.645167847e+02;4.806926548e-01
7.647505493e+02;4.862325191e-01
7.649842529e+02;4.810388982e-01
7.652180176e+02;4.732884467e-01
7.654517822e+02;4.783755243e-01
7.656855469e+02;4.789614677e-01
7.659193726e+02;4.806393981e-01
7.661531372e+02;4.737145901e-01
7.663869019e+02;4.814117849e-01
7.666207275e+02;4.740874469e-01
7.668545532e+02;4.764845073e-01
7.670883789e+02;4.738211036e-01
7.673222046e+02;4.754191637e-01
7.675560913e+02;4.757387638e-01
7.677899170e+02;4.705185294e-01
7.680238037e+02;4.716371298e-01
7.682576904e+02;4.649786651e-01
7.684915771e+02;4.655912519e-01
7.687254639e+02;4.655379951e-01
7.689594116e+02;4.639399350e-01
7.691932983e+02;4.714773297e-01
7.694272461e+02;4.602911174e-01
7.696611938e+02;4.615429044e-01
7.698951416e+02;4.670294821e-01
7.701290894e+02;4.556834400e-01
7.703630371e+02;4.624750912e-01
7.705970459e+02;4.563492835e-01
7.708309937e+02;4.564025700e-01
7.710650024e+02;4.572814703e-01
7.712990112e+02;4.547778964e-01
7.715330200e+02;4.493179619e-01
7.717670898e+02;4.530999660e-01
7.720010986e+02;4.508893490e-01
7.722351685e+02;4.508360922e-01
7.724692383e+02;4.491847754e-01
7.727033081e+02;4.477199316e-01
7.729373779e+02;4.493179619e-01
7.731714478e+02;4.423665106e-01
7.734055176e+02;4.479329884e-01
7.736396484e+02;4.454560280e-01
7.738737793e+02;4.435650408e-01
7.741079102e+02;4.432187974e-01
7.743420410e+02;4.385578632e-01
7.745761719e+02;4.424996674e-01
7.748103638e+02;4.370130897e-01
7.750444946e+02;4.346426725e-01
7.752786865e+02;4.335240722e-01
7.755128784e+02;4.323255420e-01
7.757470703e+02;4.337637722e-01
7.759812622e+02;4.391438067e-01
7.762155151e+02;4.309139550e-01
7.764497070e+02;4.232700169e-01
7.766839600e+02;4.258801341e-01
7.769182129e+02;4.299018681e-01
7.771524658e+02;4.227639735e-01
7.773867188e+02;4.277711511e-01
7.776209717e+02;4.274781644e-01
7.778552856e+02;4.264128208e-01
7.780895996e+02;4.277711511e-01
7.783239136e+02;4.239625037e-01
7.785582275e+02;4.221247733e-01
7.787925415e+02;4.203402996e-01
7.790268555e+02;4.180764258e-01
7.792612305e+02;4.152532220e-01
7.794955444e+02;4.147471786e-01
7.797299194e+02;4.133888483e-01
7.799642944e+02;4.114712179e-01
7.801986694e+02;4.117908180e-01
7.804331055e+02;4.112581313e-01
7.806674805e+02;4.030282795e-01
7.809019165e+02;4.116043746e-01
7.811363525e+02;4.065439403e-01
7.813707886e+02;4.053454101e-01
7.816052246e+02;4.034544230e-01
7.818396606e+02;4.044398665e-01
7.820741577e+02;4.007644057e-01
7.823085938e+02;4.032679796e-01
7.825430908e+02;4.039870799e-01
7.827775879e+02;4.034011364e-01
7.830120850e+02;3.986336887e-01
7.832465820e+02;3.954376280e-01
7.834811401e+02;3.991130888e-01
7.837156372e+02;3.981809020e-01
7.839501953e+02;3.959170282e-01
7.841847534e+02;3.982075453e-01
7.844193115e+02;3.911761940e-01
7.846539307e+02;3.885660768e-01
7.848884888e+02;3.956240416e-01
7.851231079e+02;3.875273466e-01
7.853576660e+02;3.974351585e-01
7.855922852e+02;3.854499161e-01
7.858269043e+02;3.864620030e-01
7.860615845e+02;3.863022029e-01
7.862962036e+02;3.919752240e-01
7.865308228e+02;3.901374638e-01
7.867655029e+02;3.900043070e-01
7.870001831e+02;3.909098506e-01
7.872348633e+02;3.893917203e-01
7.874695435e+02;3.839850426e-01
7.877042847e+02;3.926410675e-01
7.879389648e+02;3.802829385e-01
7.881737061e+02;3.820141554e-01
7.884084473e+02;3.859293163e-01
7.886431885e+02;3.820407689e-01
7.888779297e+02;3.807090819e-01
7.891126709e+02;3.782321215e-01
7.893474731e+02;3.805226386e-01
7.895822144e+02;3.817478120e-01
7.898170166e+02;3.782854080e-01
7.900518188e+02;3.743702173e-01
7.902866211e+02;3.705615699e-01
7.905214844e+02;3.762079477e-01
7.907562866e+02;3.803095818e-01
7.909911499e+02;3.797502518e-01
7.912260132e+02;3.726390302e-01
7.914608765e+02;3.758883476e-01
7.916957397e+02;3.723194003e-01
7.919306030e+02;3.722927868e-01
7.921655273e+02;3.751426041e-01
7.924003906e+02;3.741837740e-01
7.926353149e+02;3.698690832e-01
7.928702393e+02;3.686172962e-01
7.931051636e+02;3.663800657e-01
7.933400879e+02;3.669926226e-01
7.935750732e+02;3.634503186e-01
7.938099976e+02;3.703751266e-01
7.940449829e+02;3.634237051e-01
7.942799683e+02;3.650217354e-01
7.945149536e+02;3.653413355e-01
7.947499390e+02;3.687770963e-01
7.949849854e+02;3.618256748e-01
7.952199707e+02;3.673388660e-01
7.954550171e+02;3.613462448e-01
7.956900635e+02;3.625714183e-01
7.959251099e+02;3.654212356e-01
7.961601562e+02;3.679514527e-01
7.963952026e+02;3.570315540e-01
7.966303101e+02;3.593753576e-01
7.968654175e+02;3.578838408e-01
7.971004639e+02;3.588959277e-01
7.973355713e+02;3.542350233e-01
7.975707397e+02;3.547410667e-01
7.978058472e+02;3.557797670e-01
7.980410156e+02;3.523706496e-01
7.982761230e+02;3.547676802e-01
7.985112915e+02;3.529832065e-01
7.987464600e+02;3.543948233e-01
7.989816284e+02;3.488816023e-01
7.992167969e+02;3.467242420e-01
7.994520264e+02;3.460317850e-01
7.996872559e+02;3.506394327e-01
7.999224243e+02;3.461649418e-01
8.001576538e+02;3.485886157e-01
8.003928833e+02;3.504529893e-01
8.006281738e+02;3.488017023e-01
8.008634033e+02;3.470971286e-01
8.010986938e+02;3.417969942e-01
8.013339844e+02;3.462181985e-01
8.015692749e+02;3.447533548e-01
8.018045654e+02;3.463780284e-01
8.020398560e+02;3.405185640e-01
8.022751465e+02;3.397728205e-01
8.025104980e+02;3.356978297e-01
8.027458496e+02;3.397461772e-01
8.029812012e+02;3.361772299e-01
8.032165527e+02;3.381747901e-01
8.034519043e+02;3.354847729e-01
8.036872559e+02;3.390536904e-01
8.039226685e+02;3.328746259e-01
8.041580811e+02;3.331143558e-01
8.043934326e+02;3.359375298e-01
8.046288452e+02;3.317560256e-01
8.048643188e+02;3.298650086e-01
8.050997314e+02;3.285333216e-01
8.053352051e+02;3.325017691e-01
8.055706177e+02;3.338334560e-01
8.058060913e+02;3.301579952e-01
8.060415649e+02;3.263759613e-01
8.062770386e+02;3.276543915e-01
8.065125732e+02;3.256568611e-01
8.067480469e+02;3.279739916e-01
8.069835815e+02;3.265357614e-01
8.072191162e+02;3.235794008e-01
8.074546509e+02;3.240321875e-01
8.076901855e+02;3.192647398e-01
8.079257202e+02;3.195843399e-01
8.081613159e+02;3.175068796e-01
8.083968506e+02;3.232065439e-01
8.086324463e+02;3.145771623e-01
8.088680420e+02;3.150832057e-01
8.091036377e+02;3.180662096e-01
8.093392334e+02;3.132987320e-01
8.095748901e+02;3.093302846e-01
8.098104858e+02;3.157756925e-01
8.100461426e+02;3.121801019e-01
8.102817993e+02;3.085046411e-01
8.105174561e+02;3.125263453e-01
8.107531128e+02;3.042432070e-01
8.109888306e+02;3.126328886e-01
8.112244873e+02;3.082382977e-01
8.114602051e+02;3.047492504e-01
8.116959229e+02;3.043497503e-01
8.119316406e+02;2.981706858e-01
8.121673584e+02;3.022989333e-01
8.124031372e+02;3.030979633e-01
8.126388550e+02;2.947615683e-01
8.128746338e+02;2.931635380e-01
8.131104126e+02;2.999285460e-01
8.133461914e+02;2.943886817e-01
8.135819702e+02;2.951877117e-01
8.138177490e+02;2.947082818e-01
8.140535889e+02;2.903403342e-01
8.142894287e+02;2.947349250e-01
8.145252075e+02;2.967324555e-01
8.147610474e+02;2.833888829e-01
8.149969482e+02;2.931901515e-01
8.152327881e+02;2.901805341e-01
8.154686279e+02;2.912192643e-01
8.157045288e+02;2.879166603e-01
8.159404297e+02;2.833356261e-01
8.161763306e+02;2.846939564e-01
8.164122314e+02;2.832557261e-01
8.166481323e+02;2.803526223e-01
8.168840942e+02;2.809918523e-01
8.171199951e+02;2.809119523e-01
8.173559570e+02;2.802461088e-01
8.175919189e+02;2.804591656e-01
8.178278809e+02;2.763841748e-01
8.180638428e+02;2.752921879e-01
8.182998657e+02;2.756650746e-01
8.185358276e+02;2.770500183e-01
8.187718506e+02;2.739605010e-01
8.190078735e+02;2.722825706e-01
8.192438965e+02;2.722026706e-01
8.194799194e+02;2.764640749e-01
8.197160034e+02;2.711372972e-01
8.199520264e+02;2.712172270e-01
8.201881104e+02;2.731881142e-01
8.204241943e+02;2.714302838e-01
8.206602783e+02;2.692463100e-01
8.208963623e+02;2.671155930e-01
8.211325073e+02;2.647718191e-01
8.213685913e+02;2.711106837e-01
8.216047363e+02;2.654110193e-01
8.218408813e+02;2.616822720e-01
8.220770264e+02;2.667693496e-01
8.223131714e+02;2.653577626e-01
8.225493164e+02;2.638396323e-01
8.227855225e+02;2.641059756e-01
8.230216675e+02;2.576339245e-01
8.232578735e+02;2.600842416e-01
8.234940796e+02;2.604038715e-01
8.237302856e+02;2.582465112e-01
8.239665527e+02;2.588857412e-01
8.242027588e+02;2.614425719e-01
8.244390259e+02;2.551836073e-01
8.246752930e+02;2.614958584e-01
8.249115601e+02;2.564886808e-01
8.251478271e+02;2.533725202e-01
8.253840942e+02;2.585661113e-01
8.256203613e+02;2.544378638e-01
8.258566895e+02;2.474597991e-01
8.260930176e+02;2.558494508e-01
8.263293457e+02;2.514548898e-01
8.265656738e+02;2.519609332e-01
8.268020020e+02;2.505227029e-01
8.270383301e+02;2.488181144e-01
8.272747192e+02;2.483653426e-01
8.275111084e+02;2.543313205e-01
8.277474976e+02;2.518011034e-01
8.279838867e+02;2.492975295e-01
8.282202759e+02;2.485784143e-01
8.284566650e+02;2.441305667e-01
8.286931152e+02;2.469004840e-01
8.289295044e+02;2.496171445e-01
8.291659546e+02;2.447697669e-01
8.294024048e+02;2.467673123e-01
8.296388550e+02;2.464743406e-01
8.298753662e+02;2.480990142e-01
8.301118164e+02;2.463145405e-01
8.303483276e+02;2.418400496e-01
8.305848389e+02;2.432516366e-01
8.308213501e+02;2.423460931e-01
8.310578613e+02;2.438908517e-01
8.312943726e+02;2.449295819e-01
8.315309448e+02;2.406148911e-01
8.317674561e+02;2.410676628e-01
8.320040283e+02;2.407214195e-01
8.322406006e+02;2.388836890e-01
8.324771729e+02;2.372856587e-01
8.327138062e+02;2.410942912e-01
8.329503784e+02;2.423993498e-01
8.331870117e+02;2.403751761e-01
8.334235840e+02;2.405616194e-01
8.336602173e+02;2.370725870e-01
8.338968506e+02;2.379248589e-01
8.341335449e+02;2.395761609e-01
8.343701782e+02;2.309467942e-01
8.346068726e+02;2.382444739e-01
8.348435059e+02;2.340895832e-01
8.350802002e+02;2.379515022e-01
8.353168945e+02;2.328377962e-01
8.355535889e+02;2.353147417e-01
8.357903442e+02;2.327312529e-01
8.360270386e+02;2.328910679e-01
8.362637939e+02;2.295618355e-01
8.365005493e+02;2.330508679e-01
8.367373047e+02;2.339830548e-01
8.369740601e+02;2.346755266e-01
8.372108765e+02;2.321985811e-01
8.374476318e+02;2.335036397e-01
8.376844482e+02;2.275110185e-01
8.379212646e+02;2.330242395e-01
8.381580200e+02;2.297216356e-01
8.383948975e+02;2.294819206e-01
8.386317139e+02;2.281236053e-01
8.388685303e+02;2.293487638e-01
8.391054077e+02;2.265522033e-01
8.393422852e+02;2.310799658e-01
8.395791626e+02;2.241285145e-01
8.398160400e+02;2.231963277e-01
8.400529175e+02;2.201067954e-01
8.402898560e+02;2.269517034e-01
8.405267334e+02;2.239953429e-01
8.407636719e+02;2.256732881e-01
8.410006104e+02;2.254602164e-01
8.412375488e+02;2.219711691e-01
8.414744873e+02;2.270049751e-01
8.417114868e+02;2.214651257e-01
8.419484253e+02;2.237290144e-01
8.421854248e+02;2.226370275e-01
8.424224243e+02;2.217847407e-01
8.426594238e+02;2.262858599e-01
8.428964233e+02;2.250074297e-01
8.431334839e+02;2.266054749e-01
8.433704834e+02;2.208259106e-01
8.436075439e+02;2.264723033e-01
8.438446045e+02;2.233294994e-01
8.440816650e+02;2.221043408e-01
8.443187256e+02;2.200801671e-01
8.445557861e+02;2.221576124e-01
8.447929077e+02;2.180293649e-01
8.450299683e+02;2.181891650e-01
8.452670898e+02;2.186685652e-01
8.455042114e+02;2.137413025e-01
8.457413330e+02;2.135016024e-01
8.459785156e+02;2.182690650e-01
8.462156372e+02;2.130221874e-01
8.464528198e+02;2.169640064e-01
8.466899414e+02;2.178695500e-01
8.469271240e+02;2.131553590e-01
8.471643677e+02;2.134217024e-01
8.474015503e+02;2.155257761e-01
8.476387329e+02;2.111844569e-01
8.478759766e+02;2.149931043e-01
8.481132202e+02;2.095331550e-01
8.483504639e+02;2.111578137e-01
8.485877075e+02;2.125694156e-01
8.488249512e+02;2.101989985e-01
8.490621948e+02;2.092401832e-01
8.492994995e+02;2.086808681e-01
8.495368042e+02;2.084411681e-01
8.497740479e+02;2.095065117e-01
8.500113525e+02;2.032209188e-01
8.502487183e+02;2.092934549e-01
8.504860229e+02;2.058044076e-01
8.507233887e+02;2.064702511e-01
8.509606934e+02;2.029279470e-01
8.511980591e+02;2.074823380e-01
8.514354248e+02;2.015962601e-01
8.516727905e+02;2.014630884e-01
8.519102173e+02;2.024751753e-01
8.521475830e+02;2.044727206e-01
8.523850098e+02;2.032741904e-01
8.526224365e+02;2.039400339e-01
8.528598633e+02;2.086542398e-01
8.530972900e+02;1.996786147e-01
8.533347168e+02;1.986931711e-01
8.535721436e+02;1.949644238e-01
8.538096313e+02;2.001047581e-01
8.540471191e+02;1.999183297e-01
8.542846069e+02;1.972549409e-01
8.545220947e+02;1.964559257e-01
8.547595825e+02;1.958699673e-01
8.549971313e+02;1.932065785e-01
8.552346191e+02;1.921412349e-01
8.554721680e+02;1.945116520e-01
8.557097168e+02;1.996519864e-01
8.559472656e+02;2.005841732e-01
8.561848145e+02;1.962428540e-01
8.564224243e+02;1.968820542e-01
8.566599731e+02;1.924608350e-01
8.568975830e+02;1.970152259e-01
8.571351929e+02;1.941387653e-01
8.573728027e+02;1.908894330e-01
8.576104126e+02;1.895577461e-01
8.578480225e+02;1.911291480e-01
8.580856934e+02;1.858023703e-01
8.583233032e+02;1.909160763e-01
8.585609741e+02;1.873471290e-01
8.587986450e+02;1.858289987e-01
8.590363159e+02;1.876667440e-01
8.592740479e+02;1.824198663e-01
8.595117188e+02;1.844706684e-01
8.597494507e+02;1.868677288e-01
8.599871826e+02;1.834319532e-01
8.602249146e+02;1.844706684e-01
8.604626465e+02;1.792504340e-01
8.607003784e+02;1.868677288e-01
8.609381714e+02;1.890250742e-01
8.611759033e+02;1.855626702e-01
8.614136963e+02;1.820736229e-01
8.616514893e+02;1.831123531e-01
8.618892822e+02;1.822067946e-01
8.621270752e+02;1.810349077e-01
8.623649292e+02;1.764805168e-01
8.626027222e+02;1.790906340e-01
8.628405762e+02;1.756815016e-01
8.630784302e+02;1.821535230e-01
8.633162842e+02;1.766669452e-01
8.635541382e+02;1.801027209e-01
8.637919922e+02;1.715532392e-01
8.640299072e+02;1.775725037e-01
8.642678223e+02;1.772528887e-01
8.645057373e+02;1.780519038e-01
8.647436523e+02;1.816741228e-01
8.649815674e+02;1.746427715e-01
8.652194824e+02;1.792238057e-01
8.654574585e+02;1.757880300e-01
8.656953735e+02;1.774393320e-01
8.659333496e+02;1.780785471e-01
8.661713257e+02;1.726718694e-01
8.664093018e+02;1.746427715e-01
8.666472778e+02;1.722723544e-01
8.668853149e+02;1.749091148e-01
8.671233521e+02;1.728582978e-01
8.673613281e+02;1.692893654e-01
8.675993652e+02;1.671852916e-01
8.678374023e+02;1.709140241e-01
8.680755005e+02;1.707542241e-01
8.683135376e+02;1.673983634e-01
8.685516357e+02;1.676913351e-01
8.687896729e+02;1.695024371e-01
8.690277710e+02;1.667591482e-01
8.692658691e+02;1.654807180e-01
8.695040283e+02;1.661998332e-01
8.697421265e+02;1.659068614e-01
8.699802856e+02;1.661465615e-01
8.702183838e+02;1.673184633e-01
8.704565430e+02;1.675048918e-01
8.706947021e+02;1.641756594e-01
8.709328613e+02;1.676913351e-01
8.711710815e+02;1.647616029e-01
8.714092407e+02;1.617786139e-01
8.716474609e+02;1.597011685e-01
8.718856812e+02;1.558658928e-01
8.721239014e+02;1.623645574e-01
8.723621216e+02;1.648681462e-01
8.726003418e+02;1.575438231e-01
8.728386230e+02;1.615388989e-01
8.730768433e+02;1.606599838e-01
8.733151245e+02;1.582895666e-01
8.735534058e+02;1.555729210e-01
8.737916870e+02;1.573041230e-01
8.740299683e+02;1.547206342e-01
8.742683105e+02;1.571709514e-01
8.745066528e+02;1.542412192e-01
8.747449341e+02;1.585559100e-01
8.749832764e+02;1.562121361e-01
8.752216187e+02;1.556528211e-01
8.754600220e+02;1.546407342e-01
8.756983643e+02;1.496069282e-01
8.759367065e+02;1.548804343e-01
8.761751099e+02;1.502461433e-01
8.764135132e+02;1.507255584e-01
8.766519165e+02;1.505391151e-01
8.768903198e+02;1.528562605e-01
8.771287842e+02;1.477425545e-01
8.773671875e+02;1.526964605e-01
8.776056519e+02;1.460646242e-01
8.778441162e+02;1.505391151e-01
8.780825806e+02;1.503260434e-01
8.783210449e+02;1.485415697e-01
8.785595093e+02;1.458249241e-01
8.787980347e+02;1.475827545e-01
8.790364990e+02;1.465972960e-01
8.792750244e+02;1.439339072e-01
8.795135498e+02;1.463842243e-01
8.797520752e+02;1.461178958e-01
8.799906616e+02;1.478757262e-01
8.802291870e+02;1.447062939e-01
8.804677734e+02;1.432414353e-01
8.807062988e+02;1.413770616e-01
8.809448853e+02;1.441469789e-01
8.811834717e+02;1.410041898e-01
8.814221191e+02;1.402584314e-01
8.816607056e+02;1.410308182e-01
8.818993530e+02;1.419630051e-01
8.821379395e+02;1.402850747e-01
8.823765869e+02;1.389533728e-01
8.826152344e+02;1.398589313e-01
8.828539429e+02;1.376483142e-01
8.830925903e+02;1.375950426e-01
8.833312988e+02;1.395925879e-01
8.835699463e+02;1.381277293e-01
8.838086548e+02;1.426022202e-01
8.840473633e+02;1.363965273e-01
8.842860718e+02;1.371156424e-01
8.845248413e+02;1.356507838e-01
8.847635498e+02;1.373287141e-01
8.850023193e+02;1.330672950e-01
8.852410889e+02;1.336265951e-01
8.854798584e+02;1.309898496e-01
8.857186279e+02;1.330140233e-01
8.859573975e+02;1.292852759e-01
8.861961670e+02;1.300842911e-01
8.864349976e+02;1.297380626e-01
8.866738281e+02;1.309632212e-01
8.869126587e+02;1.312561929e-01
8.871514893e+02;1.314692646e-01
8.873903198e+02;1.296581477e-01
8.876292114e+02;1.284862608e-01
8.878680420e+02;1.271545738e-01
8.881069336e+02;1.311762780e-01
8.883458252e+02;1.314692646e-01
8.885847168e+02;1.291521043e-01
8.888236084e+02;1.270480305e-01
8.890625000e+02;1.287792325e-01
8.893014526e+02;1.279003173e-01
8.895404053e+02;1.245710850e-01
8.897793579e+02;1.253701001e-01
8.900183105e+02;1.264887154e-01
8.902572632e+02;1.242248416e-01
8.904962158e+02;1.235057265e-01
8.907352295e+02;1.223604754e-01
8.909741821e+02;1.253168285e-01
8.912131958e+02;1.240916774e-01
8.914522095e+02;1.242514774e-01
8.916912231e+02;1.218011603e-01
8.919302368e+02;1.257696152e-01
8.921693115e+02;1.211353168e-01
8.924083862e+02;1.244911849e-01
8.926473999e+02;1.208956093e-01
8.928864746e+02;1.213217527e-01
8.931255493e+02;1.220408678e-01
8.933646851e+02;1.237187982e-01
8.936037598e+02;1.204428300e-01
8.938428955e+02;1.219609603e-01
8.940819702e+02;1.176196411e-01
8.943211060e+02;1.195905507e-01
8.945602417e+02;1.184985563e-01
8.947994385e+02;1.185251921e-01
8.950385742e+02;1.147165522e-01
8.952777100e+02;1.174332052e-01
8.955169067e+02;1.167673543e-01
8.957561035e+02;1.138109937e-01
8.959953003e+02;1.170869619e-01
8.962344971e+02;1.140773371e-01
8.964737549e+02;1.187116280e-01
8.967129517e+02;1.179126129e-01
8.969522095e+02;1.154622957e-01
8.971914673e+02;1.125858352e-01
8.974307251e+02;1.128521785e-01
8.976699829e+02;1.154090315e-01
8.979092407e+02;1.157286391e-01
8.981484985e+02;1.147964522e-01
8.983878174e+02;1.158085391e-01
8.986271362e+02;1.136511937e-01
8.988664551e+02;1.099757180e-01
8.991057739e+02;1.101355255e-01
8.993450928e+02;1.127989069e-01
8.995844727e+02;1.127456427e-01
8.998237915e+02;1.085907593e-01
9.000631714e+02;1.075520366e-01
9.003025513e+02;1.118933558e-01
9.005419312e+02;1.059007347e-01
9.007813110e+02;1.083776876e-01
9.010206909e+02;1.075520366e-01
9.012601318e+02;1.099490821e-01
9.014995728e+02;1.074987650e-01
9.017390137e+02;1.070459932e-01
9.019784546e+02;1.113606840e-01
9.022178955e+02;1.114405841e-01
9.024573364e+02;1.072590649e-01
9.026968384e+02;1.077917442e-01
9.029362793e+02;1.069128215e-01
9.031757812e+02;1.088038310e-01
9.034152832e+02;1.067796499e-01
9.036547852e+02;1.073123291e-01
9.038943481e+02;1.027579382e-01
9.041338501e+02;1.038499251e-01
9.043734131e+02;1.061138064e-01
9.046129150e+02;1.012131721e-01
9.048524780e+02;1.025715023e-01
9.050920410e+02;1.043559685e-01
9.053316650e+02;1.020920947e-01
9.055712280e+02;1.036102250e-01
9.058108521e+02;1.036901250e-01
9.060504150e+02;1.053680554e-01
9.062900391e+02;1.039564610e-01
9.065296631e+02;1.023584306e-01
9.067693481e+02;1.029443741e-01
9.070089722e+02;9.804373980e-02
9.072486572e+02;1.044092402e-01
9.074882812e+02;1.025981382e-01
9.077279663e+02;9.908246249e-02
9.079676514e+02;1.011599079e-01
9.082073364e+02;9.873621911e-02
9.084470825e+02;9.846988320e-02
9.086867676e+02;1.001211852e-01
9.089265137e+02;9.844324738e-02
9.091662598e+02;9.668541700e-02
9.094060059e+02;9.809701145e-02
9.096457520e+02;9.878949076e-02
9.098854980e+02;9.684521705e-02
9.101252441e+02;9.905582666e-02
9.103650513e+02;9.444817156e-02
9.106048584e+02;9.711155295e-02
9.108446655e+02;9.769750386e-02
9.110844727e+02;9.721808881e-02
9.113242798e+02;9.663214535e-02
9.115641479e+02;9.530045092e-02
9.118039551e+02;9.223755449e-02
9.120438232e+02;9.354261309e-02
9.122836914e+02;9.993474931e-02
9.125235596e+02;9.452807158e-02
9.127634277e+02;9.242399037e-02
9.130032959e+02;8.938772976e-02
9.132432251e+02;9.058625251e-02
9.134831543e+02;8.858871460e-02
9.137230225e+02;9.098576754e-02
9.139629517e+02;9.391549230e-02
9.142029419e+02;8.789623529e-02
9.144428711e+02;8.776306361e-02
9.146828003e+02;8.973397315e-02
9.149227905e+02;8.821584284e-02
9.151627808e+02;8.944100142e-02
9.154027710e+02;8.984050900e-02
9.156427612e+02;9.210439026e-02
9.158827515e+02;9.109230340e-02
9.161228027e+02;9.223755449e-02
9.163627930e+02;8.877515048e-02
9.166028442e+02;8.805603534e-02
9.168428955e+02;8.525948226e-02
9.170829468e+02;8.821584284e-02
9.173229980e+02;8.632483333e-02
9.175631104e+02;8.541928232e-02
9.178031616e+02;8.576552570e-02
9.180432739e+02;8.312877268e-02
9.182833862e+02;8.568562567e-02
9.185234985e+02;8.382125199e-02
9.187636108e+02;8.446046710e-02
9.190037231e+02;8.334184438e-02
9.192438965e+02;8.552581817e-02
9.194840698e+02;8.347500861e-02
9.197241821e+02;8.414085954e-02
9.199643555e+02;8.568562567e-02
9.202045898e+02;8.334184438e-02
9.204447632e+02;8.307550102e-02
9.206849365e+02;8.576552570e-02
9.209251709e+02;8.275589347e-02
9.211654053e+02;8.507304639e-02
9.214056396e+02;8.017241210e-02
9.216458740e+02;7.934676111e-02
9.218861084e+02;7.982616872e-02
9.221264038e+02;8.033221215e-02
9.223666382e+02;7.932012528e-02
9.226069336e+02;7.958646119e-02
9.228472290e+02;7.537831366e-02
9.230875244e+02;7.868091017e-02
9.233278198e+02;7.953319699e-02
9.235681763e+02;8.009250462e-02
9.238084717e+02;7.838793844e-02
9.240488281e+02;7.947993279e-02
9.242891846e+02;7.924022526e-02
9.245295410e+02;7.873418182e-02
9.247698975e+02;7.678990811e-02
9.250102539e+02;7.822813839e-02
9.252506714e+02;7.748238742e-02
9.254910278e+02;7.543157786e-02
9.257314453e+02;8.158400655e-02
9.259718628e+02;7.545821369e-02
9.262122803e+02;7.588435709e-02
9.264527588e+02;7.766882330e-02
9.266931763e+02;7.346067578e-02
9.269336548e+02;7.484563440e-02
9.271741333e+02;7.327423245e-02
9.274146118e+02;7.258175313e-02
9.276550903e+02;7.306116819e-02
9.278955688e+02;7.513860613e-02
9.281360474e+02;7.585772127e-02
9.283765869e+02;7.436622679e-02
9.286171265e+02;7.348730415e-02
9.288576660e+02;7.543157786e-02
9.290982056e+02;7.359384000e-02
9.293387451e+02;7.188927382e-02
9.295792847e+02;6.981182843e-02
9.298198853e+02;7.212898135e-02
9.300604248e+02;7.370037585e-02
9.303010254e+02;7.362047583e-02
9.305416260e+02;7.463256270e-02
9.307822266e+02;7.018470764e-02
9.310228882e+02;7.132996619e-02
9.312634888e+02;6.778765470e-02
9.315041504e+02;6.749468297e-02
9.317448120e+02;6.943895668e-02
9.319854736e+02;7.204907387e-02
9.322261353e+02;6.903944910e-02
9.324667969e+02;6.746804714e-02
9.327075195e+02;7.053094357e-02
9.329481812e+02;6.869320571e-02
9.331889038e+02;6.738814712e-02
9.334296265e+02;6.709517539e-02
9.336703491e+02;6.698863953e-02
9.339110718e+02;6.216790900e-02
9.341518555e+02;6.877311319e-02
9.343925781e+02;6.789419055e-02
9.346333618e+02;6.829369813e-02
9.348741455e+02;6.549714506e-02
9.351149292e+02;6.602982432e-02
9.353557129e+02;6.648259610e-02
9.355964966e+02;6.650923193e-02
9.358373413e+02;6.166186556e-02
9.360781250e+02;6.272722036e-02
9.363189697e+02;6.025027111e-02
9.365598145e+02;6.485792994e-02
9.368006592e+02;6.296692789e-02
9.370415649e+02;6.379257888e-02
9.372824097e+02;6.134225801e-02
9.375233154e+02;6.315336376e-02
9.377642212e+02;6.176840141e-02
9.380051270e+02;6.187493727e-02
9.382460327e+02;6.126235798e-02
9.384869385e+02;6.262068450e-02
9.387278442e+02;6.272722036e-02
9.389688110e+02;6.283375621e-02
9.392097778e+02;6.325989962e-02
9.394507446e+02;6.048997492e-02
9.396917114e+02;6.099601835e-02
9.399326782e+02;5.950452015e-02
9.401736450e+02;5.987739563e-02
9.404146729e+02;5.803965777e-02
9.406556396e+02;5.407121032e-02
9.408966675e+02;5.676123127e-02
9.411376953e+02;5.875877291e-02
9.413787842e+02;5.825272948e-02
9.416198120e+02;5.524310097e-02
9.418608398e+02;5.657479540e-02
9.421019287e+02;5.561597645e-02
9.423430176e+02;5.532300100e-02
9.425841064e+02;5.899847671e-02
9.428251953e+02;5.636172369e-02
9.430662842e+02;5.782658607e-02
9.433074341e+02;5.676123127e-02
9.435485229e+02;5.694766715e-02
9.437896729e+02;5.833262950e-02
9.440308228e+02;5.732054263e-02
9.442719727e+02;5.641499162e-02
9.445131226e+02;5.444408581e-02
9.447543335e+02;5.417774618e-02
9.449954834e+02;5.375160277e-02
9.452366943e+02;5.356516689e-02
9.454779053e+02;5.321892723e-02
9.457191162e+02;5.151435733e-02
9.459603271e+02;5.601548404e-02
9.462015381e+02;4.983642325e-02
9.464428101e+02;5.183396488e-02
9.466840820e+02;5.244654417e-02
9.469252930e+02;4.925047979e-02
9.471665649e+02;4.959671944e-02
9.474078979e+02;5.130128562e-02
9.476491699e+02;5.007612705e-02
9.478904419e+02;5.127465352e-02
9.481317749e+02;5.028919876e-02
9.483731079e+02;5.223347247e-02
9.486144409e+02;5.015603080e-02
9.488557739e+02;5.090177804e-02
9.490971069e+02;5.268624797e-02
9.493384399e+02;5.007612705e-02
9.495798340e+02;4.837156087e-02
9.498212280e+02;4.538856447e-02
9.500626221e+02;4.879770055e-02
9.503040161e+02;4.733283818e-02
9.505454102e+02;4.898414016e-02
9.507868042e+02;4.533529654e-02
9.510282593e+02;4.850472882e-02
9.512697144e+02;4.845146090e-02
9.515111084e+02;4.618758336e-02
9.517525635e+02;4.759917781e-02
9.519940796e+02;4.829165712e-02
9.522355347e+02;4.517549649e-02
9.524769897e+02;4.538856447e-02
9.527185059e+02;4.850472882e-02
9.529600220e+02;4.594787583e-02
9.532015381e+02;4.341765866e-02
9.534430542e+02;4.522876441e-02
9.536845703e+02;4.677352682e-02
9.539261475e+02;4.453628138e-02
9.541676636e+02;4.235230386e-02
9.544092407e+02;4.123368114e-02
9.546508179e+02;4.347092658e-02
9.548923950e+02;4.184626043e-02
9.551339722e+02;4.229903594e-02
9.553756104e+02;4.091407359e-02
9.556171875e+02;4.176636040e-02
9.558588257e+02;4.136684909e-02
9.561004639e+02;4.091407359e-02
9.563421021e+02;3.865019605e-02
9.565837402e+02;4.160655662e-02
9.568253784e+02;4.195279628e-02
9.570670776e+02;4.331112280e-02
9.573087158e+02;4.160655662e-02
9.575504150e+02;4.150002077e-02
9.577921143e+02;4.195279628e-02
9.580338135e+02;3.841048852e-02
9.582755737e+02;4.051456600e-02
9.585172729e+02;3.785117716e-02
9.587590332e+02;3.614661098e-02
9.590007324e+02;3.747830540e-02
9.592424927e+02;3.779790923e-02
9.594843140e+02;3.710542992e-02
9.597260742e+02;3.699889407e-02
9.599678345e+02;3.694562614e-02
9.602096558e+02;3.697226197e-02
9.604514160e+02;3.508125618e-02
9.606932373e+02;3.726523370e-02
9.609350586e+02;3.838385642e-02
9.611769409e+02;3.604007512e-02
9.614187622e+02;3.785117716e-02
9.616605835e+02;3.694562614e-02
9.619024658e+02;3.542749584e-02
9.621443481e+02;3.574710339e-02
9.623862305e+02;3.641295061e-02
9.626281128e+02;3.540086374e-02
9.628699951e+02;3.585363925e-02
9.631119385e+02;3.265757114e-02
9.633538818e+02;3.529432788e-02
9.635957642e+02;3.342995420e-02
9.638377075e+02;3.372292593e-02
9.640796509e+02;3.553403169e-02
9.643216553e+02;3.396263346e-02
9.645635986e+02;3.545413166e-02
9.648056030e+02;3.412243724e-02
9.650475464e+02;3.444204107e-02
9.652895508e+02;3.297717869e-02
9.655315552e+02;3.228469938e-02
9.657735596e+02;3.217816353e-02
9.660156250e+02;3.473501652e-02
9.662576294e+02;3.502798826e-02
9.664996948e+02;3.271083906e-02
9.667417603e+02;3.233796731e-02
9.669838257e+02;3.382946178e-02
9.672258911e+02;3.659938648e-02
9.674679565e+02;2.983438224e-02
9.677100830e+02;3.255103901e-02
9.679522095e+02;3.257767111e-02
9.681942749e+02;3.052686341e-02
9.684364014e+02;2.975448035e-02
9.686785278e+02;3.050022945e-02
9.689207153e+02;2.871575952e-02
9.691628418e+02;3.034042567e-02
9.694050293e+02;2.988765016e-02
9.696471558e+02;3.052686341e-02
9.698893433e+02;3.068666533e-02
9.701315308e+02;2.900873125e-02
9.703737793e+02;3.209825978e-02
9.706159668e+02;3.042032756e-02
9.708582153e+02;3.220479563e-02
9.711004028e+02;3.143241256e-02
9.713426514e+02;2.991428412e-02
9.715848999e+02;3.167212009e-02
9.718271484e+02;3.010072000e-02
9.720694580e+02;3.103290685e-02
9.723117065e+02;2.810318023e-02
9.725540161e+02;2.639861219e-02
9.727963257e+02;2.834288403e-02
9.730386353e+02;2.703782544e-02
9.732809448e+02;2.938160487e-02
9.735232544e+02;2.677148581e-02
9.737655640e+02;2.690465562e-02
9.740079346e+02;2.674485184e-02
9.742503052e+02;2.512018569e-02
9.744926758e+02;2.778357267e-02
9.747350464e+02;2.810318023e-02
9.749774170e+02;2.738406509e-02
9.752197876e+02;3.076656722e-02
9.754622192e+02;2.666494995e-02
9.757046509e+02;2.831625007e-02
9.759470825e+02;2.895546332e-02
9.761895142e+02;2.818308212e-02
9.764319458e+02;2.895546332e-02
9.766743774e+02;2.573276497e-02
9.769168701e+02;2.647851221e-02
9.771593018e+02;2.562622912e-02
9.774017944e+02;2.591920085e-02
9.776442871e+02;2.730416320e-02
9.778867798e+02;2.341561764e-02
9.781292725e+02;2.791674249e-02
9.783718262e+02;2.418799885e-02
9.786143799e+02;2.450760640e-02
9.788568726e+02;2.466741018e-02
9.790994263e+02;2.514681965e-02
9.793419800e+02;2.426790074e-02
9.795845947e+02;2.607900463e-02
9.798271484e+02;2.626544237e-02
9.800697021e+02;2.394829504e-02
9.803123169e+02;2.645188011e-02
9.805549316e+02;2.791674249e-02
9.807975464e+02;2.352215350e-02
9.810401611e+02;2.386839315e-02
9.812828369e+02;2.304274216e-02
9.815254517e+02;2.405483089e-02
9.817681274e+02;2.317591198e-02
9.820108032e+02;2.408146486e-02
9.822534790e+02;2.200402133e-02
9.824961548e+02;2.253669873e-02
9.827388306e+02;2.128490619e-02
9.829815674e+02;1.997984760e-02
9.832242432e+02;1.995321363e-02
9.834669800e+02;2.245679684e-02
9.837097168e+02;2.304274216e-02
9.839524536e+02;2.421463281e-02
9.841951904e+02;2.213719115e-02
9.844379883e+02;2.421463281e-02
9.846807251e+02;2.322917990e-02
9.849235229e+02;2.232362889e-02
9.851663208e+02;2.370858938e-02
9.854091187e+02;2.458750829e-02
9.856519165e+02;2.389502712e-02
9.858947144e+02;2.269650251e-02
9.861375732e+02;2.160451375e-02
9.863804321e+02;2.208392322e-02
9.866232300e+02;1.958033815e-02
9.868660889e+02;2.085876465e-02
9.871089478e+02;1.995321363e-02
9.873518677e+02;2.000648156e-02
9.875947266e+02;2.184421755e-02
9.878376465e+02;2.024618536e-02
9.880805664e+02;1.958033815e-02
9.883234863e+02;2.080549672e-02
9.885664062e+02;2.136480808e-02
9.888093262e+02;2.157787979e-02
9.890522461e+02;2.256333269e-02
9.892952271e+02;2.061906084e-02
9.895382080e+02;2.203065529e-02
9.897811279e+02;2.314927801e-02
9.900241699e+02;2.301610820e-02
9.902671509e+02;2.096530050e-02
9.905101318e+02;1.955370419e-02
9.907531738e+02;1.870142110e-02
9.909961548e+02;1.931400038e-02
9.912391968e+02;1.776923612e-02
9.914822388e+02;1.758279838e-02
9.917252808e+02;1.787577011e-02
9.919683838e+02;1.859488524e-02
9.922114258e+02;1.920746453e-02
9.924545288e+02;1.808884181e-02
9.926975708e+02;1.848834939e-02
9.929406738e+02;1.950043812e-02
9.931837769e+02;1.838181354e-02
9.934269409e+02;1.534555200e-02
9.936700439e+02;1.888785884e-02
9.939132080e+02;1.731645875e-02
9.941563110e+02;2.069896087e-02
9.943994751e+02;1.944717020e-02
9.946426392e+02;2.011301555e-02
9.948858643e+02;1.894112490e-02
9.951290283e+02;1.846171543e-02
9.953721924e+02;1.800893992e-02
9.956154175e+02;1.824864559e-02
9.958586426e+02;1.595813222e-02
9.961018677e+02;1.563852467e-02
9.963450928e+02;1.667724550e-02
9.965883179e+02;1.779586822e-02
9.968316040e+02;1.489277650e-02
9.970748291e+02;1.643754169e-02
9.973181152e+02;1.798230596e-02
9.975614014e+02;1.931400038e-02
9.978046875e+02;1.864815317e-02
9.980480347e+02;1.654407755e-02
9.982913208e+02;1.862151921e-02
9.985346680e+02;1.657071151e-02
9.987779541e+02;1.619783603e-02
9.990213013e+02;1.702348702e-02
9.992646484e+02;1.713002287e-02
9.995079956e+02;1.502594538e-02
9.997514038e+02;1.697021909e-02
9.999947510e+02;1.489277650e-02
1.000238159e+03;1.609130017e-02
1.000481567e+03;1.507921331e-02
1.000724976e+03;1.377415378e-02
1.000968384e+03;1.444000099e-02
1.001211792e+03;1.707675494e-02
1.001455261e+03;1.539881993e-02
1.001698669e+03;1.404049248e-02
1.001942139e+03;1.420029532e-02
1.002185608e+03;1.561189070e-02
1.002429077e+03;1.494604442e-02
1.002672546e+03;1.649080962e-02
1.002916077e+03;1.526565105e-02
1.003159546e+03;1.715665683e-02
1.003403076e+03;1.518574916e-02
1.003646606e+03;1.686368324e-02
1.003890137e+03;1.273543201e-02
1.004133667e+03;1.422692928e-02
1.004377258e+03;1.353444904e-02
1.004620789e+03;1.236255839e-02
1.004864380e+03;1.217612065e-02
1.005107971e+03;1.670387946e-02
1.005351562e+03;1.284196787e-02
1.005595154e+03;1.494604442e-02
1.005838745e+03;1.478624064e-02
1.006082336e+03;1.473297272e-02
1.006325989e+03;1.151027437e-02
1.006569641e+03;1.510584727e-02
1.006813293e+03;1.318820845e-02
1.007056946e+03;1.505257934e-02
1.007300598e+03;1.401385851e-02
1.007544312e+03;1.499931235e-02
1.007787964e+03;1.467970572e-02
1.008031677e+03;1.462643780e-02
1.008275391e+03;1.417366136e-02
1.008519104e+03;1.462643780e-02
1.008762817e+03;1.366761792e-02
1.009006531e+03;1.236255839e-02
1.009250305e+03;1.254899520e-02
1.009494019e+03;1.310830656e-02
1.009737793e+03;1.302840468e-02
1.009981567e+03;1.316157449e-02
1.010225342e+03;1.297513768e-02
1.010469177e+03;1.244245935e-02
1.010712952e+03;1.340127923e-02
1.010956787e+03;1.297513768e-02
1.011200623e+03;1.308167260e-02
1.011444397e+03;1.209621970e-02
1.011688293e+03;1.252236124e-02
1.011932129e+03;1.462643780e-02
1.012175964e+03;1.159017533e-02
1.012419861e+03;1.526565105e-02
1.012663696e+03;1.332137734e-02
1.012907593e+03;1.345454715e-02
1.013151489e+03;1.161680929e-02
1.013395447e+03;1.326811034e-02
1.013639343e+03;1.174997911e-02
1.013883240e+03;1.185651403e-02
1.014127197e+03;1.055145450e-02
1.014371155e+03;1.129720267e-02
1.014615112e+03;1.028511580e-02
1.014859070e+03;1.177661307e-02
1.015103027e+03;1.204295177e-02
1.015347046e+03;1.044491865e-02
1.015591003e+03;1.119066775e-02
1.015835022e+03;1.129720267e-02
1.016079041e+03;1.031174976e-02
1.016323059e+03;1.230929047e-02
1.016567078e+03;1.316157449e-02
1.016811157e+03;1.244245935e-02
1.017055176e+03;1.228265651e-02
1.017299255e+03;1.417366136e-02
1.017543335e+03;1.252236124e-02
1.017787415e+03;1.073789131e-02
1.018031494e+03;1.159017533e-02
1.018275574e+03;9.965509176e-03
1.018519714e+03;1.017857995e-02
1.018763855e+03;6.423203275e-03
1.019007935e+03;-2.099637408e-03
1.019252075e+03;5.637503928e-04
1.019496216e+03;-2.765484154e-03
1.019740417e+03;-4.217030655e-04
1.019984558e+03;-1.806664630e-03
1.020228760e+03;-1.273987116e-03
[EndOfFile]
