#Thorlabs FTS
[SpectrumHeader]
#Date;20251107
#Time;19425189
#GMTTime;22425189
#Instrument;0
#InstrModel;CCS200
#Series;0
#InterferometerSerial;M00311012
#Type;emission
#ChannelIndex;0
#XAxisUnit;nm_air
#YAxisUnit;intensity
#Average;1
#RollingAverage;0
#SpectrumSmooth;0
#SSmoothParam1;0
#SSmoothParam2;0
#SSmoothParam3;0
#SSmoothParam4;0
#IntegrationTime;0.145000
#TriggerMode;0
#AirMeasureOpt;0
#AirTemp;0.00
#AirPressure;0.00
#AirRelHum;0.00
#WnrMin;9799.037109
#WnrMax;50982.906250
#Length;3648
#Resolution;0.0000000000e+00
#ADC;0
#InstrStatus;0
#RefLaserLocked;0
#ChannelIndex;0
#AttenuationFilter;0
#Stitched;0
#ExcitationWavelength_nm;0
#SoftwareVersion;3.310000
#FirmwareVersion;
#Motor_FirmwareVersion;
#ReconstructionAlgorithms_SoftwareVersion;
#Sensor_FirmwareVersion;
#InstrSeriesIdentifier;MUN_CCS_SERIES
#RefGainIndex;0
#RefSignalInPerecent;0.0
#BBRefGainIndex;0
#BBRefSignalInPerecent;0.0
#AutogainStatus;0
#Name;
#Comment;""
#ExtComment;""
#Source;
[Data]
1.960870056e+02;5.085144192e-03
1.962940979e+02;5.989563651e-03
1.965012054e+02;6.388572510e-03
1.967083282e+02;6.494974717e-03
1.969154510e+02;3.701913869e-03
1.971225891e+02;2.744293073e-03
1.973297424e+02;3.409307450e-03
1.975368958e+02;2.983698389e-03
1.977440643e+02;2.983698389e-03
1.979512482e+02;2.504887758e-03
1.981584320e+02;1.254660659e-03
1.983656311e+02;3.356106346e-03
1.985728455e+02;3.781715641e-03
1.987800751e+02;3.356106346e-03
1.989873047e+02;3.728514537e-03
1.991945496e+02;1.121657784e-03
1.994018097e+02;4.047721624e-03
1.996090698e+02;3.622112097e-03
1.998163452e+02;4.686135333e-03
2.000236359e+02;3.941318952e-03
2.002309418e+02;5.457552150e-03
2.004382477e+02;4.021120723e-03
2.006455688e+02;6.494974717e-03
2.008528900e+02;4.553132225e-03
2.010602417e+02;5.617155693e-03
2.012675934e+02;6.494974717e-03
2.014749451e+02;5.138345063e-03
2.016823273e+02;3.808316309e-03
2.018897095e+02;2.797494177e-03
2.020971069e+02;1.228060108e-03
2.023045044e+02;4.287126474e-03
2.025119171e+02;2.531488426e-03
2.027193451e+02;3.036899492e-03
2.029267883e+02;2.504887758e-03
2.031342316e+02;2.105879132e-03
2.033416901e+02;2.504887758e-03
2.035491638e+02;3.888118081e-03
2.037566376e+02;3.143301699e-03
2.039641418e+02;3.701913869e-03
2.041716309e+02;2.983698389e-03
2.043791504e+02;2.797494177e-03
2.045866699e+02;3.382707015e-03
2.047942047e+02;5.510753486e-03
2.050017548e+02;4.207324702e-03
2.052093048e+02;5.962963216e-03
2.054168701e+02;4.792537540e-03
2.056244507e+02;5.351149943e-03
2.058320312e+02;3.276304575e-03
2.060396423e+02;2.824094845e-03
2.062472534e+02;3.143301699e-03
2.064548645e+02;2.611290198e-03
2.066624908e+02;2.079278696e-03
2.068701324e+02;1.999476925e-03
2.070777893e+02;8.556519751e-04
2.072854462e+02;2.052678028e-03
2.074931335e+02;9.088531369e-04
2.077008057e+02;9.354536887e-04
2.079085083e+02;3.568910994e-03
2.081162109e+02;3.648712765e-03
2.083239288e+02;4.686135333e-03
2.085316467e+02;5.351149943e-03
2.087393951e+02;4.207324702e-03
2.089471436e+02;6.095965859e-03
2.091548920e+02;3.994520288e-03
2.093626709e+02;4.340327810e-03
2.095704498e+02;5.803359672e-03
2.097782440e+02;5.085144192e-03
2.099860382e+02;4.180724267e-03
2.101938629e+02;4.952141084e-03
2.104016724e+02;4.154123832e-03
2.106095123e+02;5.537353922e-03
2.108173523e+02;2.438386437e-04
2.110252075e+02;3.223103471e-03
2.112330780e+02;2.797494177e-03
2.114409637e+02;2.903896617e-03
2.116488495e+02;1.972876256e-03
2.118567505e+02;1.334462431e-03
2.120646515e+02;3.143301699e-03
2.122725677e+02;4.420129582e-03
2.124804993e+02;3.356106346e-03
2.126884460e+02;3.196502803e-03
2.128963928e+02;3.595511662e-03
2.131043549e+02;3.914718516e-03
2.133123322e+02;2.983698389e-03
2.135203094e+02;5.856561009e-03
2.137283173e+02;3.728514537e-03
2.139363098e+02;4.792537540e-03
2.141443329e+02;3.276304575e-03
2.143523560e+02;6.840782240e-03
2.145603943e+02;6.202368531e-03
2.147684479e+02;2.877295949e-03
2.149765015e+02;1.494065858e-03
2.151845703e+02;3.622112097e-03
2.153926544e+02;1.972876256e-03
2.156007538e+02;1.627068734e-03
2.158088531e+02;3.036899492e-03
2.160169678e+02;1.467465307e-03
2.162250824e+02;3.834916744e-03
2.164332123e+02;1.121657784e-03
2.166413574e+02;3.861517413e-03
2.168495178e+02;6.016164087e-03
2.170576782e+02;2.398485551e-03
2.172658691e+02;4.393529147e-03
2.174740448e+02;2.930497052e-03
2.176822510e+02;6.042764988e-03
2.178904572e+02;4.499931354e-03
2.180986786e+02;6.574776489e-03
2.183069000e+02;4.553132225e-03
2.185151520e+02;5.005342420e-03
2.187234039e+02;5.776759237e-03
2.189316559e+02;4.207324702e-03
2.191399384e+02;2.451686654e-03
2.193482208e+02;3.888118081e-03
2.195565186e+02;1.467465307e-03
2.197648163e+02;2.903896617e-03
2.199731293e+02;2.345284447e-03
2.201814575e+02;5.537353922e-03
2.203898010e+02;2.983698389e-03
2.205981445e+02;2.531488426e-03
2.208065033e+02;3.010298824e-03
2.210148773e+02;6.494974717e-03
2.212232513e+02;3.249704139e-03
2.214316406e+02;5.297948606e-03
2.216400452e+02;2.877295949e-03
2.218484650e+02;4.340327810e-03
2.220568848e+02;4.632933997e-03
2.222653198e+02;4.739336669e-03
2.224737549e+02;5.244747270e-03
2.226822205e+02;3.834916744e-03
2.228906860e+02;5.005342420e-03
2.230991516e+02;3.781715641e-03
2.233076477e+02;2.185680903e-03
2.235161438e+02;5.164945964e-03
2.237246552e+02;1.680269954e-03
2.239331665e+02;1.361062983e-03
2.241416931e+02;2.185680903e-03
2.243502350e+02;1.706870506e-03
2.245587921e+02;3.382707015e-03
2.247673492e+02;3.462508786e-03
2.249759216e+02;4.473330919e-03
2.251845093e+02;2.930497052e-03
2.253930969e+02;4.260526039e-03
2.256017151e+02;4.180724267e-03
2.258103180e+02;3.967919853e-03
2.260189514e+02;4.420129582e-03
2.262275848e+02;5.696957465e-03
2.264362335e+02;3.515709890e-03
2.266448975e+02;3.276304575e-03
2.268535614e+02;6.335371174e-03
2.270622406e+02;3.675313434e-03
2.272709351e+02;2.132479800e-03
2.274796295e+02;1.361062983e-03
2.276883392e+02;2.983698389e-03
2.278970642e+02;3.382707015e-03
2.281058044e+02;2.265482675e-03
2.283145447e+02;2.451686654e-03
2.285233002e+02;2.744293073e-03
2.287320557e+02;2.451686654e-03
2.289408417e+02;2.691091970e-03
2.291496277e+02;1.972876256e-03
2.293584137e+02;3.781715641e-03
2.295672302e+02;4.526531789e-03
2.297760468e+02;2.850695280e-03
2.299848785e+02;7.692000829e-03
2.301937103e+02;5.430951715e-03
2.304025726e+02;3.701913869e-03
2.306114197e+02;6.095965859e-03
2.308202972e+02;5.590554792e-03
2.310291748e+02;4.154123832e-03
2.312380676e+02;4.579733126e-03
2.314469757e+02;9.886549087e-04
2.316558990e+02;8.290513651e-04
2.318648224e+02;3.010298824e-03
2.320737610e+02;2.052678028e-03
2.322826996e+02;3.276304575e-03
2.324916534e+02;1.281261211e-03
2.327006226e+02;3.010298824e-03
2.329096069e+02;1.972876256e-03
2.331185913e+02;3.941318952e-03
2.333275909e+02;3.036899492e-03
2.335366058e+02;5.750158336e-03
2.337456207e+02;3.781715641e-03
2.339546661e+02;4.553132225e-03
2.341636963e+02;4.420129582e-03
2.343727570e+02;3.435908118e-03
2.345818176e+02;3.861517413e-03
2.347908936e+02;5.005342420e-03
2.349999847e+02;3.249704139e-03
2.352090759e+02;4.207324702e-03
2.354181824e+02;3.595511662e-03
2.356273041e+02;3.728514537e-03
2.358364258e+02;2.212281572e-03
2.360455627e+02;3.409307450e-03
2.362547150e+02;5.098444526e-04
2.364638824e+02;8.556519751e-04
2.366730499e+02;2.185680903e-03
2.368822327e+02;2.584689530e-03
2.370914154e+02;2.691091970e-03
2.373006287e+02;4.340327810e-03
2.375098419e+02;2.930497052e-03
2.377190552e+02;4.207324702e-03
2.379282990e+02;1.680269954e-03
2.381375427e+02;4.260526039e-03
2.383468018e+02;3.090100596e-03
2.385560608e+02;6.308770739e-03
2.387653503e+02;3.808316309e-03
2.389746246e+02;5.989563651e-03
2.391839294e+02;3.994520288e-03
2.393932343e+02;1.547266962e-03
2.396025543e+02;1.467465307e-03
2.398118896e+02;2.770893741e-03
2.400212402e+02;2.026077360e-03
2.402305908e+02;2.691091970e-03
2.404399414e+02;1.334462431e-03
2.406493225e+02;2.850695280e-03
2.408587036e+02;2.398485551e-03
2.410681000e+02;3.329505911e-03
2.412775116e+02;3.462508786e-03
2.414869232e+02;3.728514537e-03
2.416963501e+02;1.893074485e-03
2.419057922e+02;4.499931354e-03
2.421152344e+02;3.010298824e-03
2.423246918e+02;5.457552150e-03
2.425341644e+02;4.473330919e-03
2.427436371e+02;4.446730018e-03
2.429531403e+02;5.218146835e-03
2.431626434e+02;4.659534898e-03
2.433721466e+02;3.090100596e-03
2.435816650e+02;2.850695280e-03
2.437911987e+02;2.717692405e-03
2.440007477e+02;2.717692405e-03
2.442103119e+02;2.079278696e-03
2.444198761e+02;2.079278696e-03
2.446294403e+02;2.824094845e-03
2.448390350e+02;3.409307450e-03
2.450486298e+02;3.622112097e-03
2.452582397e+02;4.872339312e-03
2.454678650e+02;2.744293073e-03
2.456774902e+02;3.834916744e-03
2.458871307e+02;3.595511662e-03
2.460967865e+02;4.952141084e-03
2.463064423e+02;3.701913869e-03
2.465161133e+02;5.484152585e-03
2.467257996e+02;2.824094845e-03
2.469354858e+02;3.808316309e-03
2.471451874e+02;4.606333561e-03
2.473549042e+02;4.047721624e-03
2.475646362e+02;2.744293073e-03
2.477743683e+02;3.143301699e-03
2.479841156e+02;2.558089094e-03
2.481938782e+02;3.356106346e-03
2.484036407e+02;2.451686654e-03
2.486134186e+02;4.393529147e-03
2.488232117e+02;1.600468182e-03
2.490330048e+02;4.659534898e-03
2.492428284e+02;2.132479800e-03
2.494526367e+02;3.781715641e-03
2.496624756e+02;3.329505911e-03
2.498723145e+02;3.675313434e-03
2.500821686e+02;3.515709890e-03
2.502920380e+02;6.361971609e-03
2.505019073e+02;3.090100596e-03
2.507117920e+02;6.415172946e-03
2.509216919e+02;2.877295949e-03
2.511315918e+02;6.415172946e-03
2.513415222e+02;3.994520288e-03
2.515514374e+02;3.941318952e-03
2.517613831e+02;2.770893741e-03
2.519713287e+02;3.622112097e-03
2.521812897e+02;2.558089094e-03
2.523912659e+02;4.393529147e-03
2.526012421e+02;3.116701264e-03
2.528112335e+02;2.238882007e-03
2.530212402e+02;2.584689530e-03
2.532312469e+02;3.169902368e-03
2.534412689e+02;3.063499928e-03
2.536513062e+02;5.670356564e-03
2.538613586e+02;3.036899492e-03
2.540714111e+02;5.271348171e-03
2.542814789e+02;3.755114973e-03
2.544915466e+02;6.149167195e-03
2.547016449e+02;4.845738877e-03
2.549117432e+02;4.579733126e-03
2.551218567e+02;3.169902368e-03
2.553319702e+02;4.898939747e-03
2.555420990e+02;4.473330919e-03
2.557522430e+02;2.957097720e-03
2.559623871e+02;1.786672277e-03
2.561725464e+02;1.866473933e-03
2.563827209e+02;3.409307450e-03
2.565928955e+02;3.861517413e-03
2.568031006e+02;4.420129582e-03
2.570133057e+02;2.318683779e-03
2.572235107e+02;2.824094845e-03
2.574337463e+02;4.446730018e-03
2.576439819e+02;3.276304575e-03
2.578542480e+02;5.138345063e-03
2.580644836e+02;3.036899492e-03
2.582747498e+02;5.883161444e-03
2.584850464e+02;4.021120723e-03
2.586953430e+02;5.138345063e-03
2.589056396e+02;4.047721624e-03
2.591159363e+02;4.021120723e-03
2.593262634e+02;3.861517413e-03
2.595365906e+02;3.249704139e-03
2.597469482e+02;3.090100596e-03
2.599573059e+02;2.105879132e-03
2.601676636e+02;1.839873381e-03
2.603780212e+02;1.414264087e-03
2.605884094e+02;1.813272829e-03
2.607988281e+02;2.345284447e-03
2.610092163e+02;2.770893741e-03
2.612196350e+02;3.329505911e-03
2.614300842e+02;4.845738877e-03
2.616405029e+02;5.351149943e-03
2.618509521e+02;4.526531789e-03
2.620614319e+02;3.276304575e-03
2.622718811e+02;5.484152585e-03
2.624823608e+02;5.856561009e-03
2.626928711e+02;4.100922495e-03
2.629033508e+02;4.154123832e-03
2.631138916e+02;5.962963216e-03
2.633244019e+02;2.558089094e-03
2.635349426e+02;1.547266962e-03
2.637454834e+02;3.728514537e-03
2.639560242e+02;2.345284447e-03
2.641665955e+02;3.249704139e-03
2.643771973e+02;2.425086219e-03
2.645877686e+02;3.090100596e-03
2.647983704e+02;3.914718516e-03
2.650089722e+02;4.819138441e-03
2.652196045e+02;1.946275705e-03
2.654302368e+02;4.207324702e-03
2.656408691e+02;3.648712765e-03
2.658515320e+02;6.095965859e-03
2.660621948e+02;3.036899492e-03
2.662728577e+02;3.568910994e-03
2.664835510e+02;4.712735768e-03
2.666942444e+02;4.366928246e-03
2.669049377e+02;4.260526039e-03
2.671156616e+02;2.691091970e-03
2.673263855e+02;2.531488426e-03
2.675371094e+02;3.701913869e-03
2.677478638e+02;1.440864638e-03
2.679586182e+02;1.520666410e-03
2.681694031e+02;1.068456564e-03
2.683801575e+02;4.978741519e-03
2.685909729e+02;1.573867630e-03
2.688017578e+02;2.478287322e-03
2.690125732e+02;1.600468182e-03
2.692233887e+02;4.047721624e-03
2.694342346e+02;2.105879132e-03
2.696450806e+02;4.686135333e-03
2.698559265e+02;3.568910994e-03
2.700667725e+02;4.978741519e-03
2.702776489e+02;4.579733126e-03
2.704885559e+02;6.228968967e-03
2.706994324e+02;4.659534898e-03
2.709103394e+02;3.276304575e-03
2.711212769e+02;1.254660659e-03
2.713321838e+02;3.329505911e-03
2.715431213e+02;3.196502803e-03
2.717540894e+02;1.600468182e-03
2.719650269e+02;2.105879132e-03
2.721760254e+02;4.100922495e-03
2.723869934e+02;3.888118081e-03
2.725979919e+02;3.382707015e-03
2.728089905e+02;2.611290198e-03
2.730199890e+02;2.212281572e-03
2.732310181e+02;3.409307450e-03
2.734420471e+02;4.819138441e-03
2.736531067e+02;2.770893741e-03
2.738641663e+02;4.313727375e-03
2.740752258e+02;5.244747270e-03
2.742862854e+02;5.537353922e-03
2.744973755e+02;4.047721624e-03
2.747084961e+02;4.100922495e-03
2.749195862e+02;3.675313434e-03
2.751307068e+02;5.563954357e-03
2.753418274e+02;2.105879132e-03
2.755529785e+02;4.287126474e-03
2.757641296e+02;2.212281572e-03
2.759752808e+02;2.930497052e-03
2.761864624e+02;1.068456564e-03
2.763976440e+02;3.568910994e-03
2.766088562e+02;1.786672277e-03
2.768200378e+02;2.903896617e-03
2.770312500e+02;4.819138441e-03
2.772424927e+02;3.994520288e-03
2.774537354e+02;3.994520288e-03
2.776649780e+02;2.691091970e-03
2.778762207e+02;3.036899492e-03
2.780874939e+02;5.617155693e-03
2.782987671e+02;3.622112097e-03
2.785100708e+02;4.978741519e-03
2.787213745e+02;4.659534898e-03
2.789326782e+02;6.308770739e-03
2.791439819e+02;2.265482675e-03
2.793553162e+02;4.207324702e-03
2.795666504e+02;3.542310325e-03
2.797780151e+02;5.377750378e-03
2.799893799e+02;2.584689530e-03
2.802007446e+02;4.313727375e-03
2.804121399e+02;2.292083111e-03
2.806235352e+02;4.553132225e-03
2.808349304e+02;2.877295949e-03
2.810463562e+02;3.356106346e-03
2.812577820e+02;2.930497052e-03
2.814692078e+02;2.797494177e-03
2.816806641e+02;3.994520288e-03
2.818921204e+02;3.143301699e-03
2.821036072e+02;4.819138441e-03
2.823150635e+02;5.351149943e-03
2.825265808e+02;3.568910994e-03
2.827380676e+02;4.659534898e-03
2.829495850e+02;1.760071609e-03
2.831611023e+02;4.340327810e-03
2.833726501e+02;3.861517413e-03
2.835841675e+02;3.462508786e-03
2.837957458e+02;2.930497052e-03
2.840072937e+02;2.531488426e-03
2.842188721e+02;2.345284447e-03
2.844304504e+02;2.105879132e-03
2.846420593e+02;1.387663535e-03
2.848536682e+02;2.903896617e-03
2.850652771e+02;4.047721624e-03
2.852769165e+02;4.127523396e-03
2.854885559e+02;2.159080235e-03
2.857001953e+02;2.611290198e-03
2.859118652e+02;4.712735768e-03
2.861235352e+02;3.834916744e-03
2.863352051e+02;3.941318952e-03
2.865469055e+02;3.276304575e-03
2.867586060e+02;5.191546399e-03
2.869703064e+02;4.952141084e-03
2.871820374e+02;2.265482675e-03
2.873937683e+02;2.265482675e-03
2.876055298e+02;2.770893741e-03
2.878172913e+02;4.659534898e-03
2.880290527e+02;2.664491301e-03
2.882408142e+02;1.414264087e-03
2.884526062e+02;4.553132225e-03
2.886643982e+02;4.393529147e-03
2.888762207e+02;1.733471057e-03
2.890880432e+02;2.744293073e-03
2.892998657e+02;2.292083111e-03
2.895116882e+02;3.675313434e-03
2.897235413e+02;4.180724267e-03
2.899354248e+02;3.648712765e-03
2.901472778e+02;3.515709890e-03
2.903591614e+02;5.430951715e-03
2.905710754e+02;5.537353922e-03
2.907829590e+02;5.617155693e-03
2.909948730e+02;5.111744627e-03
2.912068176e+02;2.558089094e-03
2.914187317e+02;6.521575153e-03
2.916306763e+02;3.888118081e-03
2.918426514e+02;3.143301699e-03
2.920546265e+02;1.999476925e-03
2.922666016e+02;-1.285694598e-04
2.924785767e+02;3.568910994e-03
2.926905823e+02;2.744293073e-03
2.929025879e+02;2.611290198e-03
2.931146240e+02;1.041856012e-03
2.933266296e+02;3.728514537e-03
2.935386963e+02;3.967919853e-03
2.937507324e+02;3.302905243e-03
2.939627991e+02;4.739336669e-03
2.941748657e+02;3.116701264e-03
2.943869629e+02;5.324549042e-03
2.945990601e+02;3.622112097e-03
2.948111572e+02;5.377750378e-03
2.950232849e+02;5.750158336e-03
2.952354126e+02;3.116701264e-03
2.954475403e+02;3.063499928e-03
2.956596680e+02;2.105879132e-03
2.958718262e+02;3.781715641e-03
2.960840149e+02;1.467465307e-03
2.962962036e+02;2.318683779e-03
2.965083923e+02;1.760071609e-03
2.967205811e+02;2.425086219e-03
2.969328003e+02;4.287126474e-03
2.971450195e+02;3.994520288e-03
2.973572388e+02;3.568910994e-03
2.975694885e+02;4.100922495e-03
2.977817383e+02;4.047721624e-03
2.979940186e+02;5.643756129e-03
2.982062683e+02;2.611290198e-03
2.984185791e+02;4.393529147e-03
2.986308594e+02;4.233925603e-03
2.988431702e+02;3.356106346e-03
2.990554810e+02;4.792537540e-03
2.992678223e+02;2.850695280e-03
2.994801636e+02;2.345284447e-03
2.996925049e+02;3.994520288e-03
2.999048462e+02;2.877295949e-03
3.001172180e+02;2.079278696e-03
3.003296204e+02;1.946275705e-03
3.005419922e+02;2.797494177e-03
3.007543945e+02;4.845738877e-03
3.009668274e+02;4.260526039e-03
3.011792297e+02;1.893074485e-03
3.013916626e+02;4.366928246e-03
3.016041260e+02;2.877295949e-03
3.018165588e+02;3.967919853e-03
3.020290222e+02;3.382707015e-03
3.022415161e+02;4.260526039e-03
3.024539795e+02;5.643756129e-03
3.026665039e+02;4.765937105e-03
3.028789978e+02;5.244747270e-03
3.030915222e+02;6.867382675e-03
3.033040466e+02;6.162467180e-04
3.035165710e+02;4.260526039e-03
3.037291260e+02;3.888118081e-03
3.039416809e+02;4.074322060e-03
3.041542664e+02;1.813272829e-03
3.043668518e+02;3.622112097e-03
3.045794373e+02;1.201459439e-03
3.047920532e+02;4.366928246e-03
3.050046387e+02;2.770893741e-03
3.052172852e+02;3.090100596e-03
3.054299011e+02;1.334462431e-03
3.056425476e+02;3.302905243e-03
3.058552246e+02;3.276304575e-03
3.060678711e+02;4.872339312e-03
3.062805481e+02;3.622112097e-03
3.064932556e+02;3.728514537e-03
3.067059326e+02;5.244747270e-03
3.069186401e+02;5.164945964e-03
3.071313782e+02;5.351149943e-03
3.073440857e+02;4.047721624e-03
3.075568237e+02;2.744293073e-03
3.077695923e+02;3.861517413e-03
3.079823608e+02;3.302905243e-03
3.081951294e+02;3.834916744e-03
3.084078979e+02;2.265482675e-03
3.086206970e+02;2.664491301e-03
3.088334961e+02;4.433429694e-06
3.090463257e+02;1.573867630e-03
3.092591248e+02;2.637890866e-03
3.094719849e+02;4.207324702e-03
3.096848145e+02;3.196502803e-03
3.098976746e+02;2.185680903e-03
3.101105347e+02;3.515709890e-03
3.103234253e+02;4.526531789e-03
3.105363159e+02;3.515709890e-03
3.107492065e+02;5.670356564e-03
3.109621277e+02;5.244747270e-03
3.111750183e+02;4.792537540e-03
3.113879700e+02;4.792537540e-03
3.116008911e+02;3.356106346e-03
3.118138428e+02;9.088531369e-04
3.120268250e+02;3.834916744e-03
3.122397766e+02;2.159080235e-03
3.124527588e+02;3.595511662e-03
3.126657715e+02;1.866473933e-03
3.128787842e+02;2.238882007e-03
3.130917969e+02;1.893074485e-03
3.133048096e+02;3.808316309e-03
3.135178528e+02;2.185680903e-03
3.137308960e+02;3.888118081e-03
3.139439392e+02;2.425086219e-03
3.141570129e+02;5.643756129e-03
3.143700867e+02;4.100922495e-03
3.145831909e+02;4.765937105e-03
3.147962952e+02;3.302905243e-03
3.150093994e+02;5.085144192e-03
3.152225037e+02;3.888118081e-03
3.154356384e+02;4.526531789e-03
3.156487732e+02;4.632933997e-03
3.158619385e+02;4.686135333e-03
3.160751038e+02;1.387663535e-03
3.162882690e+02;3.861517413e-03
3.165014648e+02;2.877295949e-03
3.167146606e+02;4.606333561e-03
3.169278564e+02;1.706870506e-03
3.171410828e+02;2.770893741e-03
3.173543091e+02;3.675313434e-03
3.175675354e+02;2.877295949e-03
3.177807922e+02;3.648712765e-03
3.179940491e+02;4.499931354e-03
3.182073059e+02;4.845738877e-03
3.184205933e+02;4.845738877e-03
3.186338806e+02;3.595511662e-03
3.188471680e+02;5.856561009e-03
3.190604858e+02;4.340327810e-03
3.192738037e+02;4.712735768e-03
3.194871521e+02;2.957097720e-03
3.197004700e+02;4.313727375e-03
3.199138184e+02;3.808316309e-03
3.201271973e+02;2.957097720e-03
3.203405762e+02;6.441773381e-03
3.205539551e+02;1.706870506e-03
3.207673340e+02;3.542310325e-03
3.209807434e+02;3.489109222e-03
3.211941833e+02;1.786672277e-03
3.214075928e+02;4.526531789e-03
3.216210327e+02;3.010298824e-03
3.218344727e+02;4.100922495e-03
3.220479431e+02;1.547266962e-03
3.222614136e+02;3.462508786e-03
3.224748840e+02;4.712735768e-03
3.226883850e+02;4.340327810e-03
3.229018860e+02;3.941318952e-03
3.231153870e+02;5.297948606e-03
3.233289185e+02;4.260526039e-03
3.235424500e+02;5.936362781e-03
3.237559814e+02;3.888118081e-03
3.239695435e+02;3.542310325e-03
3.241831055e+02;2.611290198e-03
3.243966675e+02;3.728514537e-03
3.246102600e+02;1.999476925e-03
3.248238525e+02;4.632933997e-03
3.250374451e+02;2.159080235e-03
3.252510681e+02;3.781715641e-03
3.254646912e+02;2.478287322e-03
3.256783447e+02;5.244747270e-03
3.258919983e+02;3.728514537e-03
3.261056519e+02;2.957097720e-03
3.263193054e+02;2.983698389e-03
3.265329895e+02;7.186589763e-03
3.267466736e+02;2.451686654e-03
3.269603882e+02;3.302905243e-03
3.271741028e+02;4.180724267e-03
3.273878174e+02;6.787580904e-03
3.276015625e+02;3.994520288e-03
3.278152771e+02;4.366928246e-03
3.280290527e+02;1.121657784e-03
3.282427979e+02;4.659534898e-03
3.284565735e+02;2.451686654e-03
3.286703796e+02;1.334462431e-03
3.288841553e+02;4.127523396e-03
3.290979614e+02;3.276304575e-03
3.293117981e+02;3.595511662e-03
3.295256042e+02;2.159080235e-03
3.297394409e+02;1.866473933e-03
3.299533081e+02;5.085144192e-03
3.301671448e+02;4.952141084e-03
3.303810425e+02;4.074322060e-03
3.305949097e+02;3.116701264e-03
3.308088074e+02;3.888118081e-03
3.310227051e+02;4.021120723e-03
3.312366028e+02;4.340327810e-03
3.314505310e+02;6.548176054e-03
3.316644592e+02;3.329505911e-03
3.318784180e+02;5.164945964e-03
3.320923767e+02;4.686135333e-03
3.323063354e+02;2.664491301e-03
3.325202942e+02;4.473330919e-03
3.327342834e+02;5.896461662e-04
3.329482727e+02;2.318683779e-03
3.331622925e+02;2.079278696e-03
3.333763123e+02;3.755114973e-03
3.335903320e+02;2.026077360e-03
3.338043823e+02;4.473330919e-03
3.340184326e+02;1.680269954e-03
3.342324829e+02;3.063499928e-03
3.344465332e+02;4.260526039e-03
3.346606140e+02;3.489109222e-03
3.348747253e+02;4.047721624e-03
3.350888062e+02;4.499931354e-03
3.353029175e+02;4.978741519e-03
3.355170593e+02;5.457552150e-03
3.357311707e+02;3.755114973e-03
3.359453125e+02;3.861517413e-03
3.361594849e+02;4.686135333e-03
3.363736572e+02;3.914718516e-03
3.365878296e+02;1.653669286e-03
3.368020020e+02;2.318683779e-03
3.370162048e+02;1.254660659e-03
3.372304077e+02;2.265482675e-03
3.374446106e+02;2.637890866e-03
3.376588440e+02;4.047721624e-03
3.378730774e+02;2.717692405e-03
3.380873413e+02;3.622112097e-03
3.383016052e+02;2.105879132e-03
3.385158691e+02;3.329505911e-03
3.387301331e+02;2.026077360e-03
3.389444275e+02;3.888118081e-03
3.391587524e+02;4.606333561e-03
3.393730469e+02;3.329505911e-03
3.395873718e+02;3.568910994e-03
3.398016968e+02;3.941318952e-03
3.400160522e+02;4.233925603e-03
3.402304077e+02;5.324549042e-03
3.404447632e+02;2.531488426e-03
3.406591492e+02;2.185680903e-03
3.408735352e+02;1.786672277e-03
3.410879211e+02;2.637890866e-03
3.413023376e+02;2.717692405e-03
3.415167542e+02;3.941318952e-03
3.417311707e+02;5.085144192e-03
3.419456177e+02;4.127523396e-03
3.421600647e+02;2.292083111e-03
3.423745117e+02;2.345284447e-03
3.425889893e+02;4.553132225e-03
3.428034668e+02;3.356106346e-03
3.430179443e+02;4.074322060e-03
3.432324524e+02;5.617155693e-03
3.434469604e+02;4.313727375e-03
3.436614990e+02;4.526531789e-03
3.438760376e+02;5.856561009e-03
3.440905762e+02;4.021120723e-03
3.443051147e+02;2.770893741e-03
3.445196838e+02;3.435908118e-03
3.447342529e+02;1.893074485e-03
3.449488525e+02;4.632933997e-03
3.451634521e+02;1.015255461e-03
3.453780518e+02;4.473330919e-03
3.455926514e+02;2.345284447e-03
3.458072815e+02;4.579733126e-03
3.460219116e+02;3.196502803e-03
3.462365723e+02;4.765937105e-03
3.464512329e+02;2.611290198e-03
3.466658936e+02;4.180724267e-03
3.468805847e+02;3.276304575e-03
3.470952759e+02;5.164945964e-03
3.473099670e+02;4.074322060e-03
3.475246887e+02;7.319592871e-03
3.477394104e+02;4.686135333e-03
3.479541321e+02;6.468374282e-03
3.481688843e+02;3.834916744e-03
3.483836365e+02;4.712735768e-03
3.485983887e+02;4.792537540e-03
3.488131714e+02;1.893074485e-03
3.490279541e+02;3.103400741e-05
3.492427673e+02;3.462508786e-03
3.494575500e+02;1.307861763e-03
3.496723633e+02;3.861517413e-03
3.498872070e+02;1.467465307e-03
3.501020508e+02;3.648712765e-03
3.503168945e+02;4.925540648e-03
3.505317383e+02;4.686135333e-03
3.507466125e+02;2.664491301e-03
3.509614868e+02;3.728514537e-03
3.511763916e+02;1.760071609e-03
3.513912964e+02;5.537353922e-03
3.516062012e+02;4.526531789e-03
3.518211060e+02;4.473330919e-03
3.520360413e+02;4.632933997e-03
3.522509766e+02;4.473330919e-03
3.524659424e+02;3.063499928e-03
3.526809082e+02;2.930497052e-03
3.528958740e+02;2.238882007e-03
3.531108704e+02;5.962963216e-03
3.533258667e+02;1.467465307e-03
3.535408630e+02;2.185680903e-03
3.537558899e+02;6.960484898e-04
3.539709167e+02;3.249704139e-03
3.541859436e+02;1.281261211e-03
3.544010010e+02;3.994520288e-03
3.546160583e+02;3.489109222e-03
3.548311157e+02;5.883161444e-03
3.550462036e+02;3.169902368e-03
3.552612915e+02;5.297948606e-03
3.554763794e+02;5.696957465e-03
3.556914978e+02;6.361971609e-03
3.559066162e+02;4.952141084e-03
3.561217651e+02;5.404350813e-03
3.563368835e+02;3.675313434e-03
3.565520325e+02;5.324549042e-03
3.567672119e+02;3.435908118e-03
3.569823914e+02;2.983698389e-03
3.571975708e+02;2.398485551e-03
3.574127502e+02;2.132479800e-03
3.576279602e+02;2.611290198e-03
3.578431702e+02;2.930497052e-03
3.580584106e+02;2.345284447e-03
3.582736511e+02;5.776759237e-03
3.584888916e+02;4.207324702e-03
3.587041626e+02;3.648712765e-03
3.589194031e+02;2.957097720e-03
3.591347046e+02;3.063499928e-03
3.593499756e+02;3.196502803e-03
3.595652771e+02;3.595511662e-03
3.597806091e+02;4.473330919e-03
3.599959106e+02;7.186589763e-03
3.602112427e+02;3.249704139e-03
3.604265747e+02;4.659534898e-03
3.606419373e+02;3.356106346e-03
3.608572998e+02;3.036899492e-03
3.610726624e+02;3.435908118e-03
3.612880554e+02;2.664491301e-03
3.615034485e+02;3.223103471e-03
3.617188416e+02;3.010298824e-03
3.619342651e+02;1.414264087e-03
3.621496887e+02;3.063499928e-03
3.623651428e+02;2.930497052e-03
3.625805664e+02;2.425086219e-03
3.627960510e+02;4.632933997e-03
3.630115051e+02;2.850695280e-03
3.632269897e+02;4.659534898e-03
3.634424744e+02;3.568910994e-03
3.636579590e+02;5.324549042e-03
3.638734741e+02;4.287126474e-03
3.640889893e+02;4.606333561e-03
3.643045349e+02;5.563954357e-03
3.645200806e+02;5.750158336e-03
3.647356262e+02;3.808316309e-03
3.649511719e+02;3.063499928e-03
3.651667480e+02;4.340327810e-03
3.653823242e+02;3.169902368e-03
3.655979309e+02;4.499931354e-03
3.658135376e+02;3.941318952e-03
3.660291443e+02;3.249704139e-03
3.662447815e+02;4.260526039e-03
3.664604187e+02;5.324549042e-03
3.666760559e+02;3.834916744e-03
3.668917236e+02;3.302905243e-03
3.671073914e+02;4.819138441e-03
3.673230591e+02;3.994520288e-03
3.675387268e+02;3.010298824e-03
3.677544250e+02;6.468374282e-03
3.679701538e+02;4.553132225e-03
3.681858826e+02;5.218146835e-03
3.684016113e+02;5.909761880e-03
3.686173401e+02;4.420129582e-03
3.688330994e+02;5.829960108e-03
3.690488586e+02;4.659534898e-03
3.692646179e+02;1.733471057e-03
3.694804077e+02;4.260526039e-03
3.696961975e+02;4.074322060e-03
3.699119873e+02;4.739336669e-03
3.701278076e+02;3.196502803e-03
3.703436279e+02;3.356106346e-03
3.705594788e+02;3.036899492e-03
3.707752991e+02;6.149167195e-03
3.709911804e+02;3.595511662e-03
3.712070312e+02;7.133388426e-03
3.714229126e+02;2.797494177e-03
3.716387939e+02;6.947184447e-03
3.718547058e+02;4.978741519e-03
3.720706177e+02;6.228968967e-03
3.722865295e+02;5.058543291e-03
3.725024414e+02;8.436816745e-03
3.727183838e+02;5.803359672e-03
3.729343262e+02;7.239791099e-03
3.731502991e+02;4.792537540e-03
3.733662720e+02;4.579733126e-03
3.735822449e+02;4.898939747e-03
3.737982483e+02;4.207324702e-03
3.740142517e+02;2.691091970e-03
3.742302551e+02;5.351149943e-03
3.744462891e+02;3.329505911e-03
3.746623230e+02;4.260526039e-03
3.748783569e+02;4.127523396e-03
3.750944214e+02;5.723557901e-03
3.753104858e+02;5.430951715e-03
3.755265503e+02;6.255569402e-03
3.757426453e+02;4.978741519e-03
3.759587402e+02;5.085144192e-03
3.761748352e+02;5.617155693e-03
3.763909607e+02;6.388572510e-03
3.766070862e+02;7.159989327e-03
3.768232117e+02;6.308770739e-03
3.770393677e+02;6.760980468e-03
3.772555237e+02;6.494974717e-03
3.774717102e+02;5.510753486e-03
3.776878662e+02;4.739336669e-03
3.779040833e+02;4.526531789e-03
3.781202698e+02;4.366928246e-03
3.783364868e+02;4.074322060e-03
3.785527039e+02;4.606333561e-03
3.787689514e+02;3.914718516e-03
3.789851685e+02;5.430951715e-03
3.792014465e+02;3.249704139e-03
3.794176941e+02;6.548176054e-03
3.796339722e+02;5.005342420e-03
3.798502502e+02;5.031942856e-03
3.800665588e+02;5.218146835e-03
3.802828674e+02;8.942227811e-03
3.804991760e+02;5.643756129e-03
3.807154846e+02;7.532397285e-03
3.809318237e+02;6.335371174e-03
3.811481934e+02;6.867382675e-03
3.813645325e+02;6.016164087e-03
3.815809021e+02;8.330415003e-03
3.817973022e+02;7.026986219e-03
3.820136719e+02;3.834916744e-03
3.822300720e+02;3.808316309e-03
3.824465027e+02;5.989563651e-03
3.826629028e+02;3.728514537e-03
3.828793335e+02;5.776759237e-03
3.830957947e+02;4.473330919e-03
3.833122253e+02;6.840782240e-03
3.835286865e+02;6.335371174e-03
3.837451782e+02;8.011207916e-03
3.839616394e+02;7.505796850e-03
3.841781616e+02;8.835826069e-03
3.843946533e+02;5.510753486e-03
3.846111755e+02;7.878204808e-03
3.848276978e+02;5.510753486e-03
3.850442200e+02;9.261434898e-03
3.852607727e+02;8.277213201e-03
3.854773254e+02;8.330415003e-03
3.856939087e+02;7.372793742e-03
3.859104614e+02;8.091009222e-03
3.861270752e+02;5.058543291e-03
3.863436584e+02;3.728514537e-03
3.865602722e+02;5.696957465e-03
3.867768860e+02;5.962963216e-03
3.869935303e+02;5.962963216e-03
3.872101746e+02;5.430951715e-03
3.874268188e+02;7.931405678e-03
3.876434631e+02;6.893983576e-03
3.878601379e+02;6.760980468e-03
3.880768127e+02;7.798403036e-03
3.882935181e+02;8.623020723e-03
3.885102234e+02;7.452595513e-03
3.887269287e+02;9.075230919e-03
3.889436646e+02;9.953049943e-03
3.891604004e+02;9.155032225e-03
3.893771362e+02;8.809224702e-03
3.895939026e+02;8.436816745e-03
3.898106689e+02;7.106787991e-03
3.900274353e+02;7.239791099e-03
3.902442322e+02;7.372793742e-03
3.904610291e+02;6.760980468e-03
3.906778259e+02;7.319592871e-03
3.908946533e+02;6.282170303e-03
3.911114807e+02;7.000385784e-03
3.913283081e+02;6.335371174e-03
3.915451660e+02;8.011207916e-03
3.917620239e+02;8.117609657e-03
3.919788818e+02;8.729423396e-03
3.921957703e+02;7.931405678e-03
3.924126587e+02;1.011265349e-02
3.926295776e+02;8.968828246e-03
3.928464661e+02;9.873248637e-03
3.930634155e+02;1.037865970e-02
3.932803345e+02;1.117667649e-02
3.934972839e+02;1.019245479e-02
3.937142334e+02;1.000625081e-02
3.939311829e+02;7.798403036e-03
3.941481628e+02;8.782624267e-03
3.943651428e+02;7.505796850e-03
3.945821533e+02;7.638799492e-03
3.947991638e+02;7.745201699e-03
3.950161743e+02;9.155032225e-03
3.952332153e+02;7.585598622e-03
3.954502258e+02;8.862426504e-03
3.956672974e+02;6.840782240e-03
3.958843384e+02;7.878204808e-03
3.961014099e+02;9.341236204e-03
3.963184814e+02;9.394438006e-03
3.965355835e+02;1.077766810e-02
3.967526855e+02;1.107027475e-02
3.969697876e+02;1.263970882e-02
3.971869202e+02;9.793446399e-03
3.974040527e+02;1.255990658e-02
3.976211853e+02;1.266630925e-02
3.978383484e+02;1.136288047e-02
3.980555115e+02;1.045846101e-02
3.982726746e+02;8.623020723e-03
3.984898682e+02;8.649621159e-03
3.987070618e+02;8.756023832e-03
3.989242554e+02;1.035205834e-02
3.991414795e+02;1.027225703e-02
3.993587036e+02;1.011265349e-02
3.995759277e+02;1.077766810e-02
3.997931824e+02;9.820046835e-03
4.000104370e+02;9.554041550e-03
4.002276917e+02;1.194809377e-02
4.004449768e+02;1.035205834e-02
4.006622620e+02;1.077766810e-02
4.008795776e+02;1.367713138e-02
4.010968933e+02;1.287911367e-02
4.013142090e+02;1.170868799e-02
4.015315247e+02;1.373033226e-02
4.017488708e+02;1.266630925e-02
4.019662170e+02;1.349092741e-02
4.021835938e+02;1.210769732e-02
4.024009399e+02;1.165548712e-02
4.026183472e+02;1.069786586e-02
4.028357239e+02;1.325152162e-02
4.030531311e+02;1.282591280e-02
4.032705383e+02;1.072446723e-02
4.034879761e+02;1.184169110e-02
4.037054138e+02;1.506036147e-02
4.039228516e+02;1.117667649e-02
4.041402893e+02;1.279931236e-02
4.043577576e+02;1.101707295e-02
4.045752563e+02;1.250670571e-02
4.047927246e+02;1.415594108e-02
4.050102234e+02;1.298551634e-02
4.052277222e+02;1.359732915e-02
4.054452515e+02;1.468795259e-02
4.056627808e+02;1.639039069e-02
4.058803101e+02;1.639039069e-02
4.060978699e+02;1.628398709e-02
4.063154297e+02;1.455495041e-02
4.065329895e+02;1.338452473e-02
4.067505798e+02;1.226729993e-02
4.069681702e+02;1.311851852e-02
4.071857605e+02;1.293231454e-02
4.074033813e+02;1.612438448e-02
4.076210022e+02;1.357072871e-02
4.078386230e+02;1.354412828e-02
4.080562744e+02;1.458155084e-02
4.082739258e+02;1.474115439e-02
4.084915771e+02;1.436874643e-02
4.087092590e+02;1.604458317e-02
4.089269409e+02;1.490075793e-02
4.091446533e+02;1.575197652e-02
4.093623352e+02;1.905044727e-02
4.095800781e+02;1.625738665e-02
4.097977905e+02;1.753421500e-02
4.100155334e+02;1.798642427e-02
4.102332764e+02;1.724160835e-02
4.104510193e+02;1.482095569e-02
4.106687927e+02;1.596478000e-02
4.108865662e+02;1.615098491e-02
4.111043701e+02;1.516676322e-02
4.113221741e+02;1.636379026e-02
4.115399780e+02;1.620418578e-02
4.117577820e+02;1.764061674e-02
4.119756165e+02;1.681599952e-02
4.121934509e+02;1.732140966e-02
4.124113159e+02;1.756081544e-02
4.126291809e+02;1.875784248e-02
4.128470459e+02;1.905044727e-02
4.130649414e+02;1.761401631e-02
4.132828369e+02;1.926325262e-02
4.135007324e+02;1.883764379e-02
4.137186279e+02;2.064648271e-02
4.139365540e+02;2.083268762e-02
4.141545105e+02;1.936965436e-02
4.143724365e+02;1.982186548e-02
4.145903931e+02;1.628398709e-02
4.148083801e+02;2.051348053e-02
4.150263367e+02;1.734801009e-02
4.152443237e+02;1.811942831e-02
4.154623413e+02;1.772041991e-02
4.156803284e+02;1.928985305e-02
4.158983459e+02;1.952925883e-02
4.161163940e+02;1.846523583e-02
4.163344116e+02;1.958245970e-02
4.165524597e+02;2.248192206e-02
4.167705383e+02;1.998146810e-02
4.169885864e+02;2.133809775e-02
4.172066650e+02;2.192331105e-02
4.174247742e+02;2.109869197e-02
4.176428833e+02;2.080608532e-02
4.178609924e+02;2.213611454e-02
4.180791016e+02;2.216271497e-02
4.182972412e+02;2.189671062e-02
4.185153809e+02;2.181690745e-02
4.187335205e+02;2.147109993e-02
4.189516907e+02;2.250852250e-02
4.191698608e+02;2.064648271e-02
4.193880615e+02;2.048688009e-02
4.196062622e+02;2.176370658e-02
4.198244629e+02;2.250852250e-02
4.200426636e+02;2.205631323e-02
4.202608948e+02;2.197651193e-02
4.204791260e+02;2.301393449e-02
4.206973877e+02;2.280112915e-02
4.209156494e+02;2.381195128e-02
4.211339111e+02;2.117849514e-02
4.213521729e+02;2.256172523e-02
4.215704651e+02;2.484937385e-02
4.217887573e+02;2.586019598e-02
4.220070801e+02;2.234891988e-02
4.222254028e+02;2.354594506e-02
4.224437256e+02;2.460996993e-02
4.226620789e+02;2.426416241e-02
4.228804321e+02;2.365234867e-02
4.230987854e+02;2.607300133e-02
4.233171692e+02;2.593999729e-02
4.235355225e+02;2.439716458e-02
4.237539368e+02;2.359914780e-02
4.239723206e+02;2.612620220e-02
4.241907349e+02;2.867985703e-02
4.244091797e+02;2.801484242e-02
4.246275940e+02;2.445036545e-02
4.248460388e+02;2.500897832e-02
4.250645142e+02;2.655181102e-02
4.252829590e+02;2.713702433e-02
4.255014343e+02;2.530158497e-02
4.257199402e+02;2.785523981e-02
4.259384155e+02;2.742963098e-02
4.261569214e+02;2.684441768e-02
4.263754578e+02;2.929167077e-02
4.265939941e+02;2.785523981e-02
4.268125305e+02;2.987688407e-02
4.270310669e+02;2.812124602e-02
4.272496338e+02;2.857345529e-02
4.274682007e+02;2.644540928e-02
4.276867676e+02;2.527498268e-02
4.279053650e+02;2.772223763e-02
4.281239624e+02;2.931827120e-02
4.283425903e+02;2.966407873e-02
4.285611877e+02;2.705722302e-02
4.287798157e+02;2.963747829e-02
4.289984741e+02;2.937147208e-02
4.292171326e+02;2.862665616e-02
4.294357910e+02;3.072810173e-02
4.296544495e+02;3.373396769e-02
4.298731384e+02;3.280294687e-02
4.300918274e+02;3.410637751e-02
4.303105469e+02;3.407977521e-02
4.305292664e+02;3.248374164e-02
4.307479858e+02;3.373396769e-02
4.309667053e+02;3.426598012e-02
4.311854553e+02;3.336155787e-02
4.314042358e+02;3.418617696e-02
4.316229858e+02;3.235073760e-02
4.318417664e+02;3.368076682e-02
4.320605469e+02;3.102070838e-02
4.322793579e+02;3.043549508e-02
4.324981689e+02;3.277634829e-02
4.327169800e+02;3.341476247e-02
4.329358215e+02;3.389357030e-02
4.331546631e+02;3.543640301e-02
4.333735046e+02;3.320195526e-02
4.335923462e+02;3.123351373e-02
4.338112183e+02;3.522359952e-02
4.340301208e+02;3.453198448e-02
4.342489929e+02;3.716544062e-02
4.344678955e+02;3.838906810e-02
4.346868286e+02;3.567580879e-02
4.349057312e+02;4.022450745e-02
4.351246643e+02;3.862847388e-02
4.353436279e+02;3.564921021e-02
4.355625610e+02;3.862847388e-02
4.357815247e+02;3.620782122e-02
4.360005188e+02;3.687283769e-02
4.362194824e+02;3.623442352e-02
4.364384766e+02;3.540980443e-02
4.366575012e+02;3.652703017e-02
4.368765259e+02;3.554280847e-02
4.370955505e+02;3.820286319e-02
4.373145752e+02;3.689943627e-02
4.375336304e+02;3.799005970e-02
4.377526855e+02;4.094272479e-02
4.379717407e+02;3.881467879e-02
4.381908264e+02;3.934669122e-02
4.384099121e+02;3.942649066e-02
4.386290283e+02;3.865507618e-02
4.388481140e+02;4.112892970e-02
4.390672607e+02;3.974569961e-02
4.392863770e+02;4.091612250e-02
4.395055237e+02;4.205995053e-02
4.397246704e+02;4.221955314e-02
4.399438171e+02;4.190034419e-02
4.401629944e+02;4.080972075e-02
4.403821716e+02;3.729844466e-02
4.406013794e+02;4.078312218e-02
4.408205872e+02;4.035751149e-02
4.410397949e+02;4.091612250e-02
4.412590332e+02;4.155453667e-02
4.414782410e+02;4.080972075e-02
4.416975098e+02;4.376238585e-02
4.419167480e+02;4.511901364e-02
4.421360168e+02;4.227275401e-02
4.423552856e+02;4.245895892e-02
4.425745850e+02;4.464020580e-02
4.427938843e+02;4.458700493e-02
4.430131836e+02;4.448060319e-02
4.432325134e+02;4.937510937e-02
4.434518433e+02;4.570422694e-02
4.436711731e+02;4.732686281e-02
4.438905029e+02;4.634264112e-02
4.441098633e+02;4.679485038e-02
4.443292542e+02;4.636924341e-02
4.445486145e+02;4.732686281e-02
4.447680054e+02;4.450720176e-02
4.449874268e+02;4.695445672e-02
4.452068176e+02;4.711405933e-02
4.454262390e+02;4.769927263e-02
4.456456909e+02;4.692785442e-02
4.458651123e+02;4.764607176e-02
4.460845642e+02;4.793867841e-02
4.463040466e+02;4.839088768e-02
4.465234985e+02;4.876329377e-02
4.467429810e+02;5.075833946e-02
4.469624939e+02;5.416321382e-02
4.471819763e+02;5.320559070e-02
4.474014893e+02;5.219477043e-02
4.476210327e+02;5.203516781e-02
4.478405457e+02;5.280658230e-02
4.480601196e+02;5.144995451e-02
4.482796631e+02;5.057213455e-02
4.484992371e+02;5.328539386e-02
4.487188110e+02;5.387060717e-02
4.489383850e+02;5.139675364e-02
4.491579895e+02;5.182236061e-02
4.493775940e+02;5.190216377e-02
4.495972290e+02;5.437601730e-02
4.498168335e+02;5.437601730e-02
4.500364685e+02;5.272678286e-02
4.502561340e+02;5.392380804e-02
4.504757996e+02;5.631785840e-02
4.506954651e+02;5.397700891e-02
4.509151306e+02;5.645086244e-02
4.511348267e+02;5.759468675e-02
4.513545227e+02;5.544003844e-02
4.515742493e+02;5.988233536e-02
4.517939758e+02;6.174437702e-02
4.520137024e+02;6.057395041e-02
4.522334290e+02;5.849910527e-02
4.524531860e+02;5.621145666e-02
4.526729431e+02;5.775428936e-02
4.528927307e+02;6.036114693e-02
4.531125183e+02;5.844590440e-02
4.533323059e+02;5.841930583e-02
4.535521240e+02;5.815329775e-02
4.537719421e+02;5.905772001e-02
4.539917603e+02;6.206358597e-02
4.542115784e+02;6.145177037e-02
4.544314270e+02;6.025474519e-02
4.546513062e+02;6.076015532e-02
4.548711548e+02;5.871191248e-02
4.550910339e+02;6.509605050e-02
4.553109131e+02;6.243599206e-02
4.555308228e+02;6.350001693e-02
4.557507324e+02;6.395222247e-02
4.559706421e+02;6.392562389e-02
4.561905823e+02;6.283500046e-02
4.564105225e+02;6.429803371e-02
4.566304626e+02;6.246259436e-02
4.568504333e+02;6.392562389e-02
4.570704041e+02;6.355321407e-02
4.572903748e+02;6.490984559e-02
4.575103760e+02;6.573446095e-02
4.577303772e+02;6.443103403e-02
4.579503784e+02;6.512264907e-02
4.581704102e+02;6.799551100e-02
4.583904419e+02;6.679848582e-02
4.586104736e+02;7.230480760e-02
4.588305359e+02;6.948514283e-02
4.590505981e+02;6.706449389e-02
4.592706604e+02;6.927233934e-02
4.594907532e+02;6.812851876e-02
4.597108459e+02;7.219840586e-02
4.599309692e+02;7.233140618e-02
4.601510620e+02;7.257081568e-02
4.603711853e+02;7.257081568e-02
4.605913391e+02;7.235800475e-02
4.608114929e+02;7.038956881e-02
4.610316467e+02;7.472545654e-02
4.612518005e+02;7.187920064e-02
4.614719849e+02;7.241120934e-02
4.616921692e+02;6.985755265e-02
4.619123535e+02;7.219840586e-02
4.621325684e+02;7.310282439e-02
4.623527832e+02;7.525747269e-02
4.625730286e+02;7.791753113e-02
4.627932739e+02;7.648109645e-02
4.630135193e+02;7.730571926e-02
4.632337646e+02;7.711951435e-02
4.634540405e+02;7.775792480e-02
4.636743164e+02;8.063078672e-02
4.638946228e+02;7.844953984e-02
4.641149292e+02;8.084359020e-02
4.643352356e+02;7.964656502e-02
4.645555420e+02;8.057758957e-02
4.647758789e+02;7.773132622e-02
4.649962158e+02;8.012537658e-02
4.652165833e+02;7.954016328e-02
4.654369507e+02;7.680030167e-02
4.656573181e+02;7.879535109e-02
4.658777161e+02;8.071058989e-02
4.660980835e+02;8.483368158e-02
4.663185120e+02;8.212041855e-02
4.665389099e+02;8.204061538e-02
4.667593384e+02;8.416866511e-02
4.669797668e+02;8.427506685e-02
4.672002258e+02;8.587110043e-02
4.674206848e+02;8.132240176e-02
4.676411438e+02;8.642971516e-02
4.678616333e+02;9.129761904e-02
4.680821228e+02;8.427506685e-02
4.683026123e+02;8.448787034e-02
4.685231323e+02;8.834495395e-02
4.687436523e+02;8.408886194e-02
4.689641724e+02;8.706812561e-02
4.691847229e+02;8.563169837e-02
4.694052734e+02;8.845135570e-02
4.696258240e+02;8.760014176e-02
4.698464050e+02;8.775974065e-02
4.700669861e+02;8.347705007e-02
4.702875671e+02;8.512628824e-02
4.705081787e+02;9.018039703e-02
4.707287903e+02;8.898337185e-02
4.709494019e+02;8.611050993e-02
4.711700439e+02;8.741393685e-02
4.713906860e+02;9.039320052e-02
4.716113281e+02;8.962178230e-02
4.718320007e+02;8.885036409e-02
4.720526733e+02;8.656271547e-02
4.722733459e+02;8.890356869e-02
4.724940491e+02;9.281385690e-02
4.727147522e+02;8.725433052e-02
4.729354553e+02;9.403748065e-02
4.731561890e+02;8.810555190e-02
4.733769226e+02;9.270744771e-02
4.735976868e+02;9.081880748e-02
4.738184204e+02;9.039320052e-02
4.740391846e+02;9.276065230e-02
4.742599792e+02;8.818535507e-02
4.744807739e+02;9.002079070e-02
4.747015686e+02;9.167002887e-02
4.749223633e+02;9.345226735e-02
4.751431885e+02;9.581971914e-02
4.753640137e+02;9.300005436e-02
4.755848694e+02;9.177643061e-02
4.758056946e+02;9.504830092e-02
4.760265503e+02;9.486209601e-02
4.762474365e+02;9.584631771e-02
4.764683228e+02;9.377147257e-02
4.766892090e+02;9.581971914e-02
4.769100952e+02;9.502170235e-02
4.771310120e+02;9.486209601e-02
4.773519287e+02;9.813396633e-02
4.775728760e+02;9.419708699e-02
4.777938232e+02;9.744235128e-02
4.780147705e+02;9.584631771e-02
4.782357178e+02;9.762855619e-02
4.784566956e+02;9.991620481e-02
4.786777039e+02;9.566011280e-02
4.788986816e+02;9.555371106e-02
4.791196899e+02;9.595271945e-02
4.793406982e+02;9.834677726e-02
4.795617371e+02;9.922458977e-02
4.797827759e+02;9.701674432e-02
4.800038147e+02;9.879898280e-02
4.802248535e+02;9.855958074e-02
4.804459229e+02;1.016718447e-01
4.806670227e+02;1.015122458e-01
4.808880920e+02;9.882558137e-02
4.811091919e+02;1.024964675e-01
4.813302917e+02;1.010068282e-01
4.815514221e+02;1.023634598e-01
4.817725525e+02;1.002354175e-01
4.819936829e+02;9.808076918e-02
4.822148438e+02;1.009270325e-01
4.824360046e+02;1.010334343e-01
4.826571655e+02;1.022038609e-01
4.828783569e+02;9.978320450e-02
4.830995483e+02;1.031348780e-01
4.833207397e+02;1.003950164e-01
4.835419617e+02;1.003950164e-01
4.837631836e+02;1.030284762e-01
4.839844055e+02;1.059013382e-01
4.842056580e+02;1.050501168e-01
4.844269104e+02;1.028954759e-01
4.846481628e+02;1.013792381e-01
4.848694458e+02;1.053693295e-01
4.850907288e+02;1.054491252e-01
4.853120117e+02;1.081357896e-01
4.855333252e+02;1.032678783e-01
4.857546387e+02;1.055023298e-01
4.859759521e+02;1.049437150e-01
4.861972961e+02;1.069919616e-01
4.864186401e+02;1.046777144e-01
4.866399841e+02;1.031614766e-01
4.868613586e+02;1.032146811e-01
4.870827332e+02;1.059811413e-01
4.873041077e+02;1.073111668e-01
4.875255127e+02;1.064599529e-01
4.877469177e+02;1.037998945e-01
4.879683228e+02;1.101308316e-01
4.881897583e+02;1.084017903e-01
4.884111938e+02;1.085879952e-01
4.886326599e+02;1.072047651e-01
4.888540955e+02;1.094126180e-01
4.890755615e+02;1.098382249e-01
4.892970581e+02;1.100510284e-01
4.895185547e+02;1.091732085e-01
4.897400513e+02;1.111948565e-01
4.899615479e+02;1.056087315e-01
4.901830750e+02;1.049969196e-01
4.904046021e+02;1.097318232e-01
4.906261597e+02;1.097318232e-01
4.908476868e+02;1.049171165e-01
4.910692749e+02;1.095988154e-01
4.912908325e+02;1.063801497e-01
4.915124207e+02;1.028156728e-01
4.917340088e+02;1.085879952e-01
4.919555969e+02;1.098382249e-01
4.921772156e+02;1.099712253e-01
4.923988342e+02;1.095988154e-01
4.926204834e+02;1.106894463e-01
4.928421326e+02;1.134027019e-01
4.930637817e+02;1.091998070e-01
4.932854309e+02;1.096520200e-01
4.935071106e+02;1.116204634e-01
4.937287903e+02;1.094392166e-01
4.939505005e+02;1.122854799e-01
4.941722107e+02;1.046511084e-01
4.943939209e+02;1.073643714e-01
4.946156616e+02;1.099180281e-01
4.948373718e+02;1.107692420e-01
4.950591431e+02;1.071249619e-01
4.952808838e+02;1.105830371e-01
4.955026550e+02;1.107160449e-01
4.957244263e+02;1.066727564e-01
4.959462280e+02;1.095456183e-01
4.961680298e+02;1.067259535e-01
4.963898315e+02;1.095456183e-01
4.966116638e+02;1.082687899e-01
4.968334961e+02;1.088806018e-01
4.970553284e+02;1.066461578e-01
4.972771606e+02;1.102106348e-01
4.974990234e+02;1.081091836e-01
4.977209167e+02;1.094924137e-01
4.979427795e+02;1.068323553e-01
4.981646729e+02;1.097318232e-01
4.983865662e+02;1.094126180e-01
4.986084900e+02;1.052363217e-01
4.988304138e+02;1.081357896e-01
4.990523376e+02;1.065131500e-01
4.992742920e+02;1.025496647e-01
4.994962463e+02;1.054757312e-01
4.997182007e+02;1.039860994e-01
4.999401855e+02;1.031348780e-01
5.001621704e+02;1.034806892e-01
5.003841553e+02;1.032944843e-01
5.006061707e+02;1.041989028e-01
5.008281860e+02;1.050235182e-01
5.010502014e+02;1.019644514e-01
5.012722473e+02;1.035338864e-01
5.014942932e+02;1.020708531e-01
5.017163391e+02;1.034008861e-01
5.019384155e+02;1.030284762e-01
5.021604919e+02;1.021506563e-01
5.023825684e+02;1.011398360e-01
5.026046753e+02;1.004216224e-01
5.028267822e+02;9.826697409e-02
5.030488892e+02;1.003684178e-01
5.032710266e+02;1.013526395e-01
5.034931641e+02;9.480889887e-02
5.037153015e+02;9.773495793e-02
5.039374695e+02;9.980980307e-02
5.041596375e+02;9.717635065e-02
5.043818054e+02;9.805417061e-02
5.046040039e+02;9.326606244e-02
5.048262024e+02;9.837337583e-02
5.050484314e+02;9.757535905e-02
5.052706299e+02;9.185623378e-02
5.054928589e+02;9.571331739e-02
5.057151184e+02;9.435668588e-02
5.059373779e+02;9.161682427e-02
5.061596375e+02;9.438328445e-02
5.063818970e+02;8.807895333e-02
5.066041870e+02;8.924937248e-02
5.068264771e+02;8.927597851e-02
5.070487671e+02;9.151042253e-02
5.072710876e+02;8.946218342e-02
5.074934082e+02;8.775974065e-02
5.077157593e+02;8.690852672e-02
5.079380798e+02;8.749374002e-02
5.081604614e+02;8.462087810e-02
5.083828125e+02;8.525928855e-02
5.086051941e+02;8.597750217e-02
5.088275757e+02;8.568489552e-02
5.090499573e+02;8.408886194e-02
5.092723694e+02;8.446127176e-02
5.094947815e+02;8.736073226e-02
5.097172241e+02;8.345045149e-02
5.099396667e+02;8.353025466e-02
5.101621094e+02;8.225342631e-02
5.103845520e+02;8.446127176e-02
5.106070251e+02;8.198741823e-02
5.108294983e+02;8.214702457e-02
5.110520020e+02;8.188101649e-02
5.112745056e+02;8.190761507e-02
5.114970093e+02;8.094999194e-02
5.117195129e+02;7.999237627e-02
5.119420471e+02;7.653430104e-02
5.121646118e+02;7.677370310e-02
5.123871460e+02;7.642789930e-02
5.126096802e+02;7.876874506e-02
5.128322754e+02;7.999237627e-02
5.130548706e+02;7.499146461e-02
5.132774658e+02;7.985936850e-02
5.135000610e+02;7.738551497e-02
5.137226562e+02;7.890175283e-02
5.139452515e+02;7.778452337e-02
5.141679077e+02;7.884854823e-02
5.143905640e+02;7.456585765e-02
5.146132202e+02;7.759832591e-02
5.148358765e+02;7.701311260e-02
5.150585327e+02;7.858254015e-02
5.152812500e+02;7.499146461e-02
5.155039062e+02;7.414025068e-02
5.157266235e+02;7.068217546e-02
5.159493408e+02;7.451265305e-02
5.161720581e+02;6.892653555e-02
5.163947754e+02;7.464566082e-02
5.166175537e+02;7.477866113e-02
5.168402710e+02;7.467225939e-02
5.170630493e+02;7.355503738e-02
5.172858276e+02;7.640129328e-02
5.175086060e+02;7.265061140e-02
5.177314453e+02;7.658749819e-02
5.179542236e+02;7.624169439e-02
5.181770630e+02;7.725251466e-02
5.183999023e+02;7.408704609e-02
5.186227417e+02;7.358163595e-02
5.188455811e+02;7.275702059e-02
5.190684204e+02;7.209200412e-02
5.192912598e+02;7.344863564e-02
5.195141602e+02;7.275702059e-02
5.197370605e+02;7.408704609e-02
5.199599609e+02;7.052256912e-02
5.201828613e+02;7.086837292e-02
5.204057617e+02;7.320922613e-02
5.206287231e+02;7.142698765e-02
5.208516235e+02;7.007035613e-02
5.210745850e+02;7.227820903e-02
5.212975464e+02;7.105457783e-02
5.215205078e+02;7.233140618e-02
5.217435303e+02;7.198560238e-02
5.219664917e+02;7.289002091e-02
5.221895142e+02;7.419344783e-02
5.224125366e+02;7.512446493e-02
5.226355591e+02;7.384764403e-02
5.228585815e+02;7.411364466e-02
5.230816040e+02;7.602889091e-02
5.233046875e+02;7.589588314e-02
5.235277100e+02;7.171959430e-02
5.237507935e+02;7.499146461e-02
5.239738770e+02;7.033636421e-02
5.241969604e+02;7.169299573e-02
5.244201050e+02;6.940534711e-02
5.246431885e+02;7.155998796e-02
5.248663330e+02;6.985755265e-02
5.250894775e+02;7.121418417e-02
5.253126221e+02;6.993735582e-02
5.255357666e+02;6.884673238e-02
5.257589111e+02;7.171959430e-02
5.259821167e+02;7.629489154e-02
5.262053223e+02;7.368803769e-02
5.264285278e+02;7.432644814e-02
5.266517334e+02;7.289002091e-02
5.268749390e+02;7.528407127e-02
5.270981445e+02;7.100138068e-02
5.273214111e+02;7.219840586e-02
5.275446167e+02;6.868712604e-02
5.277678833e+02;7.499146461e-02
5.279911499e+02;7.201220095e-02
5.282144165e+02;6.916593760e-02
5.284377441e+02;7.190579921e-02
5.286610107e+02;6.935214251e-02
5.288843384e+02;6.980435550e-02
5.291076660e+02;6.895313412e-02
5.293309937e+02;6.661228091e-02
5.295543213e+02;6.772951037e-02
5.297777100e+02;6.733050197e-02
5.300010376e+02;6.969795376e-02
5.302244263e+02;7.022996247e-02
5.304478149e+02;7.076197118e-02
5.306712036e+02;6.852752715e-02
5.308945923e+02;6.807531416e-02
5.311179810e+02;6.919253618e-02
5.313414307e+02;6.932554394e-02
5.315648804e+02;6.658568233e-02
5.317883301e+02;6.669208407e-02
5.320117798e+02;6.379262358e-02
5.322352295e+02;6.549505889e-02
5.324586792e+02;6.421823055e-02
5.326821899e+02;6.214338541e-02
5.329057007e+02;6.169117615e-02
5.331291504e+02;5.932372436e-02
5.333527222e+02;6.222318858e-02
5.335762329e+02;6.083995849e-02
5.337997437e+02;5.759468675e-02
5.340233154e+02;5.892471597e-02
5.342468262e+02;6.028134376e-02
5.344703979e+02;5.831290409e-02
5.346939697e+02;5.538683757e-02
5.349176025e+02;5.772769079e-02
5.351411743e+02;5.661046505e-02
5.353648071e+02;5.855230615e-02
5.355883789e+02;5.536023900e-02
5.358120117e+02;5.591885000e-02
5.360356445e+02;5.280658230e-02
5.362593384e+02;5.448241904e-02
5.364829712e+02;5.336519331e-02
5.367066650e+02;5.131695047e-02
5.369302979e+02;4.964111373e-02
5.371539917e+02;4.868349433e-02
5.373776855e+02;4.847068712e-02
5.376014404e+02;4.793867841e-02
5.378251343e+02;4.559782520e-02
5.380488892e+02;4.655544832e-02
5.382726440e+02;4.464020580e-02
5.384963379e+02;4.402839020e-02
5.387201538e+02;4.410819337e-02
5.389439087e+02;4.227275401e-02
5.391676636e+02;4.195354506e-02
5.393914795e+02;4.131513089e-02
5.396152954e+02;4.115552828e-02
5.398391113e+02;4.057031497e-02
5.400629272e+02;4.011810571e-02
5.402867432e+02;3.884127736e-02
5.405105591e+02;3.881467879e-02
5.407344360e+02;3.514380008e-02
5.409583130e+02;3.522359952e-02
5.411821899e+02;3.681963310e-02
5.414060669e+02;3.556940705e-02
5.416299438e+02;3.517039865e-02
5.418538818e+02;3.203153238e-02
5.420777588e+02;3.341476247e-02
5.423016968e+02;3.405317292e-02
5.425256348e+02;3.149951994e-02
5.427495728e+02;3.094090708e-02
5.429735107e+02;3.014289029e-02
5.431975098e+02;2.852025442e-02
5.434214478e+02;3.043549508e-02
5.436454468e+02;2.836064994e-02
5.438694458e+02;2.995668538e-02
5.440934448e+02;2.854685485e-02
5.443174438e+02;2.828084864e-02
5.445415039e+02;2.889266238e-02
5.447655640e+02;2.766903490e-02
5.449895630e+02;2.479617298e-02
5.452136230e+02;2.155090310e-02
5.454376831e+02;2.141789906e-02
5.456618042e+02;2.120509557e-02
5.458858643e+02;2.338634245e-02
5.461099854e+02;2.224251814e-02
5.463341064e+02;2.256172523e-02
5.465582275e+02;2.099229023e-02
5.467823486e+02;2.117849514e-02
5.470064697e+02;2.218931541e-02
5.472306519e+02;2.096568979e-02
5.474547729e+02;1.974206232e-02
5.476789551e+02;2.016767301e-02
5.479031372e+02;2.136469819e-02
5.481273193e+02;2.022087388e-02
5.483515015e+02;1.987506635e-02
5.485757446e+02;1.894404553e-02
5.487999878e+02;1.910365000e-02
5.490241699e+02;1.793322340e-02
5.492484131e+02;1.841203496e-02
5.494726562e+02;1.936965436e-02
5.496969604e+02;1.700220257e-02
5.499212036e+02;1.652339287e-02
5.501455078e+02;1.660319418e-02
5.503698120e+02;1.681599952e-02
5.505941162e+02;1.713520661e-02
5.508184204e+02;1.575197652e-02
5.510427246e+02;1.721500792e-02
5.512670898e+02;1.476775482e-02
5.514913940e+02;1.753421500e-02
5.517157593e+02;1.508696191e-02
5.519401245e+02;1.639039069e-02
5.521644897e+02;1.788002253e-02
5.523889160e+02;1.636379026e-02
5.526132812e+02;1.708200574e-02
5.528377075e+02;1.559237298e-02
5.530621338e+02;1.521996502e-02
5.532865601e+02;1.500715967e-02
5.535109863e+02;1.734801009e-02
5.537354126e+02;1.357072871e-02
5.539598999e+02;1.455495041e-02
5.541843262e+02;1.628398709e-02
5.544088135e+02;1.415594108e-02
5.546333008e+02;1.255990658e-02
5.548577881e+02;1.378353313e-02
5.550823364e+02;1.484755613e-02
5.553068237e+02;1.769381762e-02
5.555313721e+02;1.455495041e-02
5.557559204e+02;1.498055924e-02
5.559804688e+02;1.625738665e-02
5.562050171e+02;1.585837826e-02
5.564295654e+02;1.631058753e-02
5.566541748e+02;1.591157913e-02
5.568787231e+02;1.615098491e-02
5.571033325e+02;1.484755613e-02
5.573279419e+02;1.740121283e-02
5.575525513e+02;1.516676322e-02
5.577772217e+02;1.623078622e-02
5.580018311e+02;1.410274021e-02
5.582265015e+02;1.684259996e-02
5.584511719e+02;1.476775482e-02
5.586758423e+02;1.580517739e-02
5.589005127e+02;1.506036147e-02
5.591251831e+02;1.827903092e-02
5.593499146e+02;1.758741587e-02
5.595745850e+02;1.700220257e-02
5.597993164e+02;1.931645349e-02
5.600240479e+02;1.681599952e-02
5.602488403e+02;1.772041991e-02
5.604735718e+02;1.979526505e-02
5.606983032e+02;1.809282787e-02
5.609230957e+02;2.357254550e-02
5.611478882e+02;2.048688009e-02
5.613726807e+02;2.248192206e-02
5.615974731e+02;2.431736328e-02
5.618223267e+02;2.495577745e-02
5.620471191e+02;2.447696589e-02
5.622719727e+02;2.522178181e-02
5.624968262e+02;2.237552032e-02
5.627216797e+02;2.341294289e-02
5.629465332e+02;2.460996993e-02
5.631713867e+02;2.705722302e-02
5.633963013e+02;2.732322738e-02
5.636211548e+02;2.809464559e-02
5.638460693e+02;3.000988625e-02
5.640709839e+02;3.027589247e-02
5.642958984e+02;3.094090708e-02
5.645208740e+02;3.548960760e-02
5.647457886e+02;3.362756595e-02
5.649707642e+02;3.413297608e-02
5.651957397e+02;3.801666200e-02
5.654207153e+02;3.897428140e-02
5.656456909e+02;4.038411379e-02
5.658707275e+02;3.916048631e-02
5.660957031e+02;4.227275401e-02
5.663207397e+02;4.205995053e-02
5.665457764e+02;4.190034419e-02
5.667708130e+02;4.631604254e-02
5.669958496e+02;4.597023502e-02
5.672208862e+02;4.964111373e-02
5.674459839e+02;5.192876235e-02
5.676710205e+02;5.504103005e-02
5.678961182e+02;5.618485808e-02
5.681212158e+02;5.812669918e-02
5.683463745e+02;5.650406331e-02
5.685714722e+02;6.227638945e-02
5.687966309e+02;6.610687077e-02
5.690217285e+02;6.786251068e-02
5.692468872e+02;6.895313412e-02
5.694720459e+02;7.722591609e-02
5.696972046e+02;7.884854823e-02
5.699224243e+02;8.206722140e-02
5.701475830e+02;8.536569029e-02
5.703728027e+02;8.906317502e-02
5.705980225e+02;9.012719244e-02
5.708232422e+02;9.129761904e-02
5.710484619e+02;9.978320450e-02
5.712736816e+02;1.010068282e-01
5.714989624e+02;1.061407402e-01
5.717242432e+02;1.070185602e-01
5.719495239e+02;1.125780866e-01
5.721748047e+02;1.180578023e-01
5.724000854e+02;1.215158775e-01
5.726253662e+02;1.302142739e-01
5.728507080e+02;1.337787509e-01
5.730760498e+02;1.378486305e-01
5.733013306e+02;1.436209530e-01
5.735266724e+02;1.485952735e-01
5.737520752e+02;1.519735456e-01
5.739774170e+02;1.609645337e-01
5.742028198e+02;1.633053869e-01
5.744281616e+02;1.740520149e-01
5.746535645e+02;1.736796200e-01
5.748789673e+02;1.829366088e-01
5.751043701e+02;1.879109293e-01
5.753298340e+02;1.950664818e-01
5.755552368e+02;2.028338462e-01
5.757807007e+02;2.049352974e-01
5.760061646e+02;2.071697414e-01
5.762316284e+02;2.185547948e-01
5.764570923e+02;2.243005186e-01
5.766826172e+02;2.306048572e-01
5.769080811e+02;2.461661845e-01
5.771336060e+02;2.430805266e-01
5.773591309e+02;2.595462799e-01
5.775846558e+02;2.635097802e-01
5.778101807e+02;2.708515227e-01
5.780357666e+02;2.734051943e-01
5.782612915e+02;2.830612063e-01
5.784868774e+02;2.859074473e-01
5.787124634e+02;2.949250638e-01
5.789380493e+02;3.068687022e-01
5.791636353e+02;3.073209226e-01
5.793892212e+02;3.180941641e-01
5.796148682e+02;3.172163367e-01
5.798405151e+02;3.288939893e-01
5.800661621e+02;3.319796622e-01
5.802918091e+02;3.409174681e-01
5.805174561e+02;3.485784233e-01
5.807431030e+02;3.571438193e-01
5.809688110e+02;3.591122627e-01
5.811944580e+02;3.606284857e-01
5.814201660e+02;3.723593354e-01
5.816458740e+02;3.810577393e-01
5.818716431e+02;3.918575644e-01
5.820973511e+02;3.889580965e-01
5.823231201e+02;4.012741745e-01
5.825488281e+02;4.056632519e-01
5.827745972e+02;4.105311632e-01
5.830003662e+02;4.163034856e-01
5.832261963e+02;4.265181124e-01
5.834519653e+02;4.271831214e-01
5.836777344e+02;4.349771142e-01
5.839035645e+02;4.385947883e-01
5.841293945e+02;4.429306686e-01
5.843552246e+02;4.520546794e-01
5.845810547e+02;4.585186243e-01
5.848069458e+02;4.626151025e-01
5.850327759e+02;4.612052739e-01
5.852586670e+02;4.690258503e-01
5.854845581e+02;4.729361236e-01
5.857104492e+02;4.830177426e-01
5.859363403e+02;4.872738421e-01
5.861622925e+02;4.916363358e-01
5.863881836e+02;4.962382317e-01
5.866141357e+02;5.026489496e-01
5.868400879e+02;5.125443935e-01
5.870660400e+02;5.083947182e-01
5.872919922e+02;5.142202377e-01
5.875180054e+02;5.174388885e-01
5.877439575e+02;5.255254507e-01
5.879699707e+02;5.250998735e-01
5.881959839e+02;5.329470634e-01
5.884219971e+02;5.346494913e-01
5.886480103e+02;5.407941937e-01
5.888740234e+02;5.383203626e-01
5.891000977e+02;5.495724082e-01
5.893261719e+02;5.479497313e-01
5.895522461e+02;5.543870926e-01
5.897783203e+02;5.566215515e-01
5.900043945e+02;5.601062179e-01
5.902304688e+02;5.625268817e-01
5.904566040e+02;5.658785701e-01
5.906827393e+02;5.633780956e-01
5.909088135e+02;5.777423978e-01
5.911350098e+02;5.757207870e-01
5.913611450e+02;5.875314474e-01
5.915872803e+02;5.811738968e-01
5.918134766e+02;5.879038572e-01
5.920396118e+02;5.911490917e-01
5.922658081e+02;5.919204950e-01
5.924920044e+02;5.962032080e-01
5.927182617e+02;5.892604589e-01
5.929444580e+02;5.979588628e-01
5.931707153e+02;6.138393879e-01
5.933969116e+02;6.036247611e-01
5.936231689e+02;6.062316298e-01
5.938494263e+02;6.077212691e-01
5.940757446e+02;6.127487421e-01
5.943020020e+02;6.122699380e-01
5.945282593e+02;6.152758002e-01
5.947545776e+02;6.196383238e-01
5.949808960e+02;6.253840327e-01
5.952072144e+02;6.226707697e-01
5.954335327e+02;6.342686415e-01
5.956599121e+02;6.265810728e-01
5.958862305e+02;6.338430047e-01
5.961126099e+02;6.301987767e-01
5.963389893e+02;6.361572742e-01
5.965653687e+02;6.350134611e-01
5.967917480e+02;6.498299837e-01
5.970181885e+02;6.444566846e-01
5.972445679e+02;6.459994912e-01
5.974710083e+02;6.461591125e-01
5.976974487e+02;6.474625468e-01
5.979238892e+02;6.538200378e-01
5.981503296e+02;6.540594697e-01
5.983768311e+02;6.479945183e-01
5.986032715e+02;6.615874171e-01
5.988297729e+02;6.581027508e-01
5.990562744e+02;6.608692408e-01
5.992827759e+02;6.687163711e-01
5.995092773e+02;6.739301085e-01
5.997357788e+02;6.665883660e-01
5.999623413e+02;6.703390479e-01
6.001889038e+02;6.718552709e-01
6.004154663e+02;6.730788946e-01
6.006420288e+02;6.825221181e-01
6.008685913e+02;6.845437288e-01
6.010951538e+02;6.772285700e-01
6.013217773e+02;6.838254929e-01
6.015484009e+02;6.804738641e-01
6.017749634e+02;6.850757599e-01
6.020015869e+02;6.845703125e-01
6.022282715e+02;6.865121722e-01
6.024548950e+02;6.916992664e-01
6.026815796e+02;6.860067844e-01
6.029082031e+02;6.884008050e-01
6.031348877e+02;6.869643927e-01
6.033615723e+02;6.981366277e-01
6.035883179e+02;6.947317719e-01
6.038150024e+02;6.931889057e-01
6.040416870e+02;6.941199303e-01
6.042684326e+02;7.019405365e-01
6.044951782e+02;7.074468136e-01
6.047219238e+02;7.067286372e-01
6.049486694e+02;7.077128291e-01
6.051754761e+02;7.082980275e-01
6.054022217e+02;7.088034749e-01
6.056290283e+02;7.113038898e-01
6.058558350e+02;7.192043066e-01
6.060826416e+02;7.103729248e-01
6.063094482e+02;7.168634534e-01
6.065363159e+02;7.130329609e-01
6.067631226e+02;7.168634534e-01
6.069899902e+02;7.202417254e-01
6.072168579e+02;7.227155566e-01
6.074437256e+02;7.254022360e-01
6.076705933e+02;7.236199975e-01
6.078974609e+02;7.262002230e-01
6.081243896e+02;7.247105837e-01
6.083513184e+02;7.354306579e-01
6.085781860e+02;7.319725752e-01
6.088051147e+02;7.308819294e-01
6.090321045e+02;7.347390056e-01
6.092590332e+02;7.385694981e-01
6.094860229e+02;7.376384735e-01
6.097129517e+02;7.330099940e-01
6.099399414e+02;7.360956669e-01
6.101669312e+02;7.449802756e-01
6.103939209e+02;7.407507300e-01
6.106209717e+02;7.458580732e-01
6.108479614e+02;7.443684340e-01
6.110750122e+02;7.448472381e-01
6.113020630e+02;7.453792691e-01
6.115291138e+02;7.497683764e-01
6.117561646e+02;7.534392476e-01
6.119832764e+02;7.464964986e-01
6.122103271e+02;7.533594370e-01
6.124374390e+02;7.519761920e-01
6.126645508e+02;7.396335602e-01
6.128916626e+02;7.535722256e-01
6.131187744e+02;7.620311975e-01
6.133458862e+02;7.624834180e-01
6.135730591e+02;7.544500828e-01
6.138002319e+02;7.644518614e-01
6.140273438e+02;7.567908764e-01
6.142545166e+02;7.534658313e-01
6.144817505e+02;7.683355808e-01
6.147089233e+02;7.565780878e-01
6.149361572e+02;7.616587877e-01
6.151633301e+02;7.681493759e-01
6.153905640e+02;7.643454671e-01
6.156177979e+02;7.672715187e-01
6.158450317e+02;7.693197727e-01
6.160723267e+02;7.734694481e-01
6.162995605e+02;7.740547061e-01
6.165268555e+02;7.692931890e-01
6.167541504e+02;7.709158063e-01
6.169814453e+02;7.791619897e-01
6.172087402e+02;7.687877417e-01
6.174360352e+02;7.818752527e-01
6.176633911e+02;7.847481370e-01
6.178907471e+02;7.791619897e-01
6.181180420e+02;7.781777978e-01
6.183453979e+02;7.794545889e-01
6.185728149e+02;7.846150994e-01
6.188001709e+02;7.765019536e-01
6.190275879e+02;7.870623469e-01
6.192549438e+02;7.771403193e-01
6.194823608e+02;7.873017788e-01
6.197097778e+02;7.838969231e-01
6.199371948e+02;7.857323289e-01
6.201646729e+02;7.913716435e-01
6.203920898e+02;7.879933715e-01
6.206195679e+02;7.842161059e-01
6.208470459e+02;7.886850238e-01
6.210745239e+02;7.906268239e-01
6.213020020e+02;7.945105433e-01
6.215294800e+02;7.899086475e-01
6.217570190e+02;7.904938459e-01
6.219844971e+02;7.867165804e-01
6.222120361e+02;7.879135609e-01
6.224395752e+02;7.904406190e-01
6.226671143e+02;7.892169952e-01
6.228947144e+02;7.927548885e-01
6.231222534e+02;7.807048559e-01
6.233498535e+02;7.989262342e-01
6.235774536e+02;7.901480198e-01
6.238050537e+02;8.055497408e-01
6.240326538e+02;8.009212613e-01
6.242602539e+02;8.010276556e-01
6.244879150e+02;8.009744883e-01
6.247155762e+02;7.955479622e-01
6.249431763e+02;7.980217934e-01
6.251708374e+02;8.017724752e-01
6.253985596e+02;8.010276556e-01
6.256262207e+02;7.978355885e-01
6.258538818e+02;7.914780378e-01
6.260816040e+02;7.989794016e-01
6.263093262e+02;7.959203720e-01
6.265370483e+02;8.032355309e-01
6.267647705e+02;8.010010719e-01
6.269924927e+02;7.956277728e-01
6.272202759e+02;8.107900620e-01
6.274480591e+02;8.079438210e-01
6.276757812e+02;8.028365374e-01
6.279035645e+02;8.099654913e-01
6.281314087e+02;8.010808825e-01
6.283591919e+02;8.085822463e-01
6.285869751e+02;8.096462488e-01
6.288148193e+02;8.105240464e-01
6.290426636e+02;8.107368946e-01
6.292705078e+02;8.168017864e-01
6.294983521e+02;8.050975800e-01
6.297261963e+02;8.113753200e-01
6.299541016e+02;8.151260018e-01
6.301819458e+02;8.147003651e-01
6.304098511e+02;8.136895299e-01
6.306377563e+02;8.117477298e-01
6.308656616e+02;8.139023781e-01
6.310936279e+02;8.108167052e-01
6.313215332e+02;8.094866276e-01
6.315494995e+02;8.175466061e-01
6.317774658e+02;8.196215034e-01
6.320054321e+02;8.176530600e-01
6.322333984e+02;8.153653741e-01
6.324613647e+02;8.276016712e-01
6.326893921e+02;8.108167052e-01
6.329173584e+02;8.218027353e-01
6.331453857e+02;8.268302083e-01
6.333734131e+02;8.191160560e-01
6.336014404e+02;8.288252950e-01
6.338294678e+02;8.181584477e-01
6.340575562e+02;8.212972879e-01
6.342855835e+02;8.217495084e-01
6.345136719e+02;8.319375515e-01
6.347417603e+02;8.204993010e-01
6.349698486e+02;8.274952173e-01
6.351979980e+02;8.190096617e-01
6.354260864e+02;8.260853887e-01
6.356542358e+02;8.297296762e-01
6.358823853e+02;8.310331106e-01
6.361105347e+02;8.273888230e-01
6.363386841e+02;8.332143426e-01
6.365668335e+02;8.270696402e-01
6.367949829e+02;8.240637779e-01
6.370231934e+02;8.302617073e-01
6.372514038e+02;8.380556703e-01
6.374796143e+02;8.209781051e-01
6.377078247e+02;8.271228075e-01
6.379360352e+02;8.312193155e-01
6.381643066e+02;8.297829032e-01
6.383925171e+02;8.323631287e-01
6.386207886e+02;8.226007223e-01
6.388490601e+02;8.289316893e-01
6.390773315e+02;8.357148170e-01
6.393056030e+02;8.340656161e-01
6.395339355e+02;8.300489187e-01
6.397622070e+02;8.287986517e-01
6.399905396e+02;8.473832011e-01
6.402188721e+02;8.352180123e-01
6.404472046e+02;8.388620019e-01
6.406755371e+02;8.473309875e-01
6.409039307e+02;8.444710374e-01
6.411323242e+02;8.529933691e-01
6.413606567e+02;8.415969014e-01
6.415890503e+02;8.481675386e-01
6.418174438e+02;8.453885913e-01
6.420458984e+02;8.540398479e-01
6.422742920e+02;8.405538797e-01
6.425027466e+02;8.471707106e-01
6.427311401e+02;8.308418989e-01
6.429595947e+02;8.463903069e-01
6.431880493e+02;8.429524302e-01
6.434165649e+02;8.323329687e-01
6.436450195e+02;8.314716220e-01
6.438735352e+02;8.542743325e-01
6.441019897e+02;8.432486057e-01
6.443305054e+02;8.330422640e-01
6.445590210e+02;8.403277397e-01
6.447875977e+02;8.299174309e-01
6.450161133e+02;8.378037214e-01
6.452446899e+02;8.246310353e-01
6.454732056e+02;8.306367397e-01
6.457017822e+02;8.239059448e-01
6.459303589e+02;8.357970715e-01
6.461589966e+02;8.333073854e-01
6.463875732e+02;8.167935610e-01
6.466162109e+02;8.444977999e-01
6.468447876e+02;8.420786262e-01
6.470734253e+02;8.278962970e-01
6.473020630e+02;8.468564153e-01
6.475307617e+02;8.609588146e-01
6.477593994e+02;8.402848244e-01
6.479880981e+02;8.544124365e-01
6.482167358e+02;8.465785980e-01
6.484454346e+02;8.513413072e-01
6.486741333e+02;8.286336660e-01
6.489028320e+02;8.353194594e-01
6.491315918e+02;8.366419673e-01
6.493602905e+02;8.358241320e-01
6.495890503e+02;8.382684588e-01
6.498178101e+02;8.338261843e-01
6.500465698e+02;8.383216858e-01
6.502753296e+02;8.332143426e-01
6.505041504e+02;8.305543065e-01
6.507329102e+02;8.214303255e-01
6.509617310e+02;8.326557279e-01
6.511905518e+02;8.305277228e-01
6.514193726e+02;8.186106682e-01
6.516481934e+02;8.264046311e-01
6.518770142e+02;8.240105510e-01
6.521058960e+02;8.175200224e-01
6.523347778e+02;8.226273656e-01
6.525636597e+02;8.210313320e-01
6.527925415e+02;8.282932639e-01
6.530214233e+02;8.229199648e-01
6.532503052e+02;8.223347068e-01
6.534792480e+02;8.192224503e-01
6.537081299e+02;8.112688661e-01
6.539370728e+02;8.200470805e-01
6.541660156e+02;8.228401542e-01
6.543949585e+02;8.206589222e-01
6.546239624e+02;8.198608756e-01
6.548529053e+02;8.208717108e-01
6.550819092e+02;8.221485019e-01
6.553109131e+02;8.235849738e-01
6.555399170e+02;8.150993586e-01
6.557689209e+02;8.182382584e-01
6.559979248e+02;8.250746131e-01
6.562269897e+02;8.232391477e-01
6.564560547e+02;8.187702298e-01
6.566851196e+02;8.170678020e-01
6.569141846e+02;8.175732493e-01
6.571432495e+02;8.210046887e-01
6.573723145e+02;8.241967559e-01
6.576014404e+02;8.212707043e-01
6.578305054e+02;8.203929067e-01
6.580596313e+02;8.206056952e-01
6.582887573e+02;8.260056376e-01
6.585178833e+02;8.180520535e-01
6.587470703e+02;8.218559027e-01
6.589761963e+02;8.142215610e-01
6.592053833e+02;8.217495084e-01
6.594345703e+02;8.169614077e-01
6.596637573e+02;8.137161732e-01
6.598929443e+02;8.056029677e-01
6.601221313e+02;8.176530600e-01
6.603513794e+02;8.045123219e-01
6.605805664e+02;8.087418079e-01
6.608098145e+02;8.038473129e-01
6.610390625e+02;8.041399121e-01
6.612683105e+02;8.015596867e-01
6.614975586e+02;8.066138029e-01
6.617268677e+02;8.076512218e-01
6.619561768e+02;8.115881085e-01
6.621854248e+02;8.082364202e-01
6.624147339e+02;8.004424572e-01
6.626441040e+02;8.057093620e-01
6.628734131e+02;8.078374267e-01
6.631027222e+02;7.960533500e-01
6.633320923e+02;8.020650744e-01
6.635614624e+02;8.041133285e-01
6.637908325e+02;8.048847318e-01
6.640202026e+02;8.087684512e-01
6.642495728e+02;8.124127388e-01
6.644790039e+02;8.032621145e-01
6.647083740e+02;8.096462488e-01
6.649378052e+02;7.988996506e-01
6.651672363e+02;7.990060449e-01
6.653966675e+02;8.056561947e-01
6.656260986e+02;8.014798760e-01
6.658555908e+02;7.981016040e-01
6.660850220e+02;8.014798760e-01
6.663145142e+02;7.957341671e-01
6.665440063e+02;7.950957417e-01
6.667734985e+02;8.068798184e-01
6.670030518e+02;7.992720604e-01
6.672325439e+02;7.995646596e-01
6.674620972e+02;8.025705218e-01
6.676915894e+02;7.962661386e-01
6.679211426e+02;8.005754352e-01
6.681506958e+02;7.958671451e-01
6.683803101e+02;7.974631786e-01
6.686098633e+02;7.986868024e-01
6.688394775e+02;7.964257598e-01
6.690690308e+02;7.931272984e-01
6.692986450e+02;7.931272984e-01
6.695282593e+02;7.945371270e-01
6.697579346e+02;7.946435213e-01
6.699875488e+02;7.958139777e-01
6.702172241e+02;7.920898795e-01
6.704468384e+02;7.929676771e-01
6.706765137e+02;7.944041491e-01
6.709061890e+02;8.051773310e-01
6.711359253e+02;7.911588550e-01
6.713656006e+02;7.915312648e-01
6.715953369e+02;7.929410934e-01
6.718250122e+02;7.880731821e-01
6.720547485e+02;7.928612828e-01
6.722844849e+02;7.885519862e-01
6.725142822e+02;7.968247533e-01
6.727440186e+02;7.931538820e-01
6.729738159e+02;7.882593870e-01
6.732035522e+02;7.934997082e-01
6.734333496e+02;7.949627638e-01
6.736631470e+02;7.953617573e-01
6.738929443e+02;7.965853810e-01
6.741228027e+02;7.889776230e-01
6.743526001e+02;7.897490263e-01
6.745824585e+02;7.841895223e-01
6.748123169e+02;7.896160483e-01
6.750421753e+02;7.894564271e-01
6.752720337e+02;7.902544141e-01
6.755019531e+02;7.905204296e-01
6.757318115e+02;7.844288945e-01
6.759617310e+02;7.920898795e-01
6.761916504e+02;7.913450599e-01
6.764215698e+02;7.869293690e-01
6.766514893e+02;7.866899371e-01
6.768814087e+02;7.863175273e-01
6.771113892e+02;7.865037322e-01
6.773413696e+02;7.869559526e-01
6.775712891e+02;7.903874516e-01
6.778012695e+02;7.856525183e-01
6.780313110e+02;7.932869196e-01
6.782612915e+02;7.859451175e-01
6.784912720e+02;7.973302007e-01
6.787213135e+02;7.850673199e-01
6.789513550e+02;7.909726501e-01
6.791813965e+02;7.863175273e-01
6.794114380e+02;7.851205468e-01
6.796415405e+02;7.898022532e-01
6.798715820e+02;7.849875093e-01
6.801016846e+02;7.883923650e-01
6.803317871e+02;7.858919501e-01
6.805618896e+02;7.909992337e-01
6.807919922e+02;7.802526355e-01
6.810220947e+02;7.869027853e-01
6.812522583e+02;7.940317392e-01
6.814823608e+02;7.859185338e-01
6.817125244e+02;7.863973379e-01
6.819426880e+02;7.816358209e-01
6.821728516e+02;7.867165804e-01
6.824030151e+02;7.841895223e-01
6.826332397e+02;7.817954421e-01
6.828634644e+02;7.813964486e-01
6.830936279e+02;7.900948524e-01
6.833238525e+02;7.875145674e-01
6.835540771e+02;7.885785699e-01
6.837843628e+02;7.783373594e-01
6.840145874e+02;7.864771485e-01
6.842448730e+02;7.845619321e-01
6.844751587e+02;7.910790443e-01
6.847054443e+02;7.860249281e-01
6.849357300e+02;7.837638855e-01
6.851660156e+02;7.731236815e-01
6.853963623e+02;7.835776806e-01
6.856266479e+02;7.852269411e-01
6.858569946e+02;7.820614576e-01
6.860873413e+02;7.826732993e-01
6.863176880e+02;7.814496160e-01
6.865480347e+02;7.801728249e-01
6.867784424e+02;7.837107182e-01
6.870087891e+02;7.778053880e-01
6.872391968e+02;7.806250453e-01
6.874696045e+02;7.728842497e-01
6.877000122e+02;7.793747783e-01
6.879304199e+02;7.744536996e-01
6.881608887e+02;7.739482522e-01
6.883912964e+02;7.814496160e-01
6.886217651e+02;7.759433389e-01
6.888522339e+02;7.699581981e-01
6.890827026e+02;7.692399621e-01
6.893131714e+02;7.796142101e-01
6.895437012e+02;7.675641179e-01
6.897741699e+02;7.742940784e-01
6.900046997e+02;7.790023685e-01
6.902352295e+02;7.701178193e-01
6.904657593e+02;7.776989341e-01
6.906962891e+02;7.739748955e-01
6.909268799e+02;7.674311399e-01
6.911574097e+02;7.683621645e-01
6.913880005e+02;7.756507397e-01
6.916185913e+02;7.717670202e-01
6.918491821e+02;7.692931890e-01
6.920797729e+02;7.646912932e-01
6.923104248e+02;7.742674947e-01
6.925410156e+02;7.675907612e-01
6.927716675e+02;7.629888654e-01
6.930023193e+02;7.614725828e-01
6.932329712e+02;7.645848989e-01
6.934636230e+02;7.622972131e-01
6.936942749e+02;7.582805157e-01
6.939249878e+02;7.622440457e-01
6.941557007e+02;7.624834180e-01
6.943864136e+02;7.557801008e-01
6.946171265e+02;7.590785623e-01
6.948478394e+02;7.623238564e-01
6.950785522e+02;7.537850142e-01
6.953093262e+02;7.639464736e-01
6.955400391e+02;7.551416755e-01
6.957708130e+02;7.546362877e-01
6.960015869e+02;7.532263994e-01
6.962323608e+02;7.607011795e-01
6.964631958e+02;7.581209540e-01
6.966939697e+02;7.546628714e-01
6.969248047e+02;7.470816970e-01
6.971556396e+02;7.502737641e-01
6.973864746e+02;7.491299510e-01
6.976173096e+02;7.604883909e-01
6.978481445e+02;7.578283548e-01
6.980790405e+02;7.575356960e-01
6.983099365e+02;7.474008799e-01
6.985407715e+02;7.535190582e-01
6.987716675e+02;7.530402541e-01
6.990025635e+02;7.602223754e-01
6.992335205e+02;7.544234395e-01
6.994644165e+02;7.523486018e-01
6.996953735e+02;7.526944280e-01
6.999263306e+02;7.558332682e-01
7.001572876e+02;7.544234395e-01
7.003882446e+02;7.562323213e-01
7.006192017e+02;7.464964986e-01
7.008502197e+02;7.531998158e-01
7.010811768e+02;7.498481274e-01
7.013121948e+02;7.535722256e-01
7.015432129e+02;7.458314896e-01
7.017742310e+02;7.497151494e-01
7.020052490e+02;7.514441609e-01
7.022363281e+02;7.467625141e-01
7.024674072e+02;7.528008223e-01
7.026984253e+02;7.512047887e-01
7.029295044e+02;7.445546389e-01
7.031605835e+02;7.533062100e-01
7.033917236e+02;7.498747706e-01
7.036228027e+02;7.517634034e-01
7.038539429e+02;7.429851890e-01
7.040850220e+02;7.563652992e-01
7.043161621e+02;7.468156815e-01
7.045473022e+02;7.522156239e-01
7.047785034e+02;7.466560602e-01
7.050096436e+02;7.485447526e-01
7.052408447e+02;7.396867275e-01
7.054719849e+02;7.478531003e-01
7.057031860e+02;7.469753027e-01
7.059343872e+02;7.456186414e-01
7.061656494e+02;7.576155066e-01
7.063968506e+02;7.538648248e-01
7.066281128e+02;7.490235567e-01
7.068593140e+02;7.490767241e-01
7.070905762e+02;7.455122471e-01
7.073218384e+02;7.499013543e-01
7.075531616e+02;7.480925322e-01
7.077844238e+02;7.524549961e-01
7.080157471e+02;7.521889806e-01
7.082470093e+02;7.534392476e-01
7.084783325e+02;7.491831183e-01
7.087096558e+02;7.583071589e-01
7.089409790e+02;7.471880913e-01
7.091723633e+02;7.550618649e-01
7.094036865e+02;7.517368197e-01
7.096350708e+02;7.465763092e-01
7.098664551e+02;7.428787947e-01
7.100978394e+02;7.563120723e-01
7.103292236e+02;7.470284700e-01
7.105606689e+02;7.481989264e-01
7.107920532e+02;7.525082231e-01
7.110234985e+02;7.492629290e-01
7.112549438e+02;7.412029505e-01
7.114863892e+02;7.456186414e-01
7.117178345e+02;7.351912260e-01
7.119492798e+02;7.445280552e-01
7.121807861e+02;7.354572415e-01
7.124122314e+02;7.418946028e-01
7.126437378e+02;7.363616824e-01
7.128752441e+02;7.537318468e-01
7.131067505e+02;7.280356884e-01
7.133383179e+02;7.303499579e-01
7.135698242e+02;7.279292941e-01
7.138013916e+02;7.377980947e-01
7.140329590e+02;7.348720431e-01
7.142645264e+02;7.377980947e-01
7.144960938e+02;7.327972054e-01
7.147276611e+02;7.256948352e-01
7.149592896e+02;7.200022936e-01
7.151908569e+02;7.281953096e-01
7.154224854e+02;7.225293517e-01
7.156541138e+02;7.321321964e-01
7.158857422e+02;7.234072089e-01
7.161173706e+02;7.214121222e-01
7.163490601e+02;7.185658813e-01
7.165806885e+02;7.158260345e-01
7.168123779e+02;7.192574739e-01
7.170440674e+02;7.163580060e-01
7.172757568e+02;7.158526182e-01
7.175075073e+02;7.141767740e-01
7.177391968e+02;6.963278055e-01
7.179709473e+02;7.071276307e-01
7.182026367e+02;7.035631537e-01
7.184343872e+02;7.091492414e-01
7.186661377e+02;7.030045390e-01
7.188979492e+02;6.999454498e-01
7.191296997e+02;6.987218261e-01
7.193615112e+02;7.014350891e-01
7.195933228e+02;6.928963065e-01
7.198250732e+02;6.925238967e-01
7.200569458e+02;6.880283952e-01
7.202887573e+02;6.909278631e-01
7.205205688e+02;6.898106337e-01
7.207524414e+02;6.916992664e-01
7.209842529e+02;6.943593621e-01
7.212161255e+02;6.891190410e-01
7.214479980e+02;6.844107509e-01
7.216799316e+02;6.866983771e-01
7.219118042e+02;6.800216436e-01
7.221437378e+02;6.792235970e-01
7.223756104e+02;6.761113405e-01
7.226075439e+02;6.821230650e-01
7.228394775e+02;6.740365028e-01
7.230714111e+02;6.815112829e-01
7.233034058e+02;6.757655144e-01
7.235353394e+02;6.772817969e-01
7.237673340e+02;6.737439036e-01
7.239993286e+02;6.703124046e-01
7.242313232e+02;6.631036401e-01
7.244633179e+02;6.660829186e-01
7.246953735e+02;6.607894301e-01
7.249273682e+02;6.661361456e-01
7.251594238e+02;6.618534327e-01
7.253914795e+02;6.644070745e-01
7.256235352e+02;6.600180268e-01
7.258555908e+02;6.611086130e-01
7.260876465e+02;6.553629041e-01
7.263197632e+02;6.581825614e-01
7.265518188e+02;6.557618976e-01
7.267839355e+02;6.558682919e-01
7.270160522e+02;6.517984271e-01
7.272481689e+02;6.564269066e-01
7.274803467e+02;6.432330608e-01
7.277124634e+02;6.521708369e-01
7.279446411e+02;6.456270814e-01
7.281768188e+02;6.453344822e-01
7.284089355e+02;6.427808404e-01
7.286411743e+02;6.438448429e-01
7.288733521e+02;6.383651495e-01
7.291055298e+02;6.408389807e-01
7.293377686e+02;6.381523013e-01
7.295700073e+02;6.314489841e-01
7.298022461e+02;6.376734972e-01
7.300344849e+02;6.318213940e-01
7.302667236e+02;6.321405768e-01
7.304990234e+02;6.305445433e-01
7.307312622e+02;6.319277883e-01
7.309635620e+02;6.273790598e-01
7.311958618e+02;6.319012046e-01
7.314281616e+02;6.264746785e-01
7.316604614e+02;6.305445433e-01
7.318928223e+02;6.172974706e-01
7.321251221e+02;6.206225157e-01
7.323574829e+02;6.206491590e-01
7.325898438e+02;6.175634861e-01
7.328222046e+02;6.300923228e-01
7.330545654e+02;6.093173027e-01
7.332869873e+02;6.145309806e-01
7.335193481e+02;6.203565598e-01
7.337517700e+02;6.173506975e-01
7.339841919e+02;6.122965813e-01
7.342166138e+02;6.080138683e-01
7.344490356e+02;6.109133363e-01
7.346815186e+02;6.077212691e-01
7.349139404e+02;6.075882316e-01
7.351464233e+02;6.022947431e-01
7.353789062e+02;6.019489169e-01
7.356113892e+02;6.016031504e-01
7.358438721e+02;5.968948007e-01
7.360763550e+02;6.032523513e-01
7.363088989e+02;5.936495662e-01
7.365414429e+02;5.964958072e-01
7.367739258e+02;5.892072320e-01
7.370065308e+02;5.928515196e-01
7.372390747e+02;5.943677425e-01
7.374716187e+02;5.969480276e-01
7.377042236e+02;5.838605165e-01
7.379367676e+02;5.923992991e-01
7.381693726e+02;5.844989419e-01
7.384019775e+02;5.899254680e-01
7.386345825e+02;5.808014870e-01
7.388672485e+02;5.823975205e-01
7.390998535e+02;5.792852640e-01
7.393325195e+02;5.798704624e-01
7.395651855e+02;5.750025511e-01
7.397978516e+02;5.749493241e-01
7.400305176e+02;5.739651322e-01
7.402631836e+02;5.791522264e-01
7.404959106e+02;5.766518116e-01
7.407285767e+02;5.673682094e-01
7.409613037e+02;5.621278882e-01
7.411940308e+02;5.661179423e-01
7.414267578e+02;5.680863857e-01
7.416594849e+02;5.634046793e-01
7.418922729e+02;5.615958571e-01
7.421250000e+02;5.561427474e-01
7.423577881e+02;5.621810555e-01
7.425905762e+02;5.540679097e-01
7.428233643e+02;5.564353466e-01
7.430562134e+02;5.601328015e-01
7.432890015e+02;5.524452329e-01
7.435218506e+02;5.532432795e-01
7.437546387e+02;5.565949678e-01
7.439874878e+02;5.595741868e-01
7.442203369e+02;5.492798090e-01
7.444532471e+02;5.456621051e-01
7.446860962e+02;5.422572494e-01
7.449190063e+02;5.426562428e-01
7.451518555e+02;5.424168110e-01
7.453847656e+02;5.452098846e-01
7.456176758e+02;5.447310805e-01
7.458506470e+02;5.315904021e-01
7.460835571e+02;5.343568921e-01
7.463164673e+02;5.429754257e-01
7.465494385e+02;5.364848971e-01
7.467824097e+02;5.263234973e-01
7.470153809e+02;5.292229652e-01
7.472483521e+02;5.304997563e-01
7.474813843e+02;5.318031907e-01
7.477143555e+02;5.281589031e-01
7.479473877e+02;5.274673104e-01
7.481804199e+02;5.306593776e-01
7.484134521e+02;5.187157393e-01
7.486464844e+02;5.200457573e-01
7.488795166e+02;5.199925303e-01
7.491126099e+02;5.215885639e-01
7.493457031e+02;5.145128369e-01
7.495787354e+02;5.164014697e-01
7.498118286e+02;5.116399527e-01
7.500449829e+02;5.197797418e-01
7.502780762e+02;5.093257427e-01
7.505111694e+02;5.113473535e-01
7.507443237e+02;5.056548119e-01
7.509774780e+02;5.118528008e-01
7.512106323e+02;5.113739371e-01
7.514437866e+02;5.110547543e-01
7.516769409e+02;5.065060854e-01
7.519101562e+02;5.069582462e-01
7.521433105e+02;5.048035979e-01
7.523765259e+02;5.078892708e-01
7.526097412e+02;5.020371675e-01
7.528429565e+02;5.046440363e-01
7.530762329e+02;4.952008128e-01
7.533094482e+02;4.953338206e-01
7.535427246e+02;4.963446259e-01
7.537759399e+02;4.971160591e-01
7.540092163e+02;4.934185743e-01
7.542425537e+02;4.876196384e-01
7.544758301e+02;4.980736673e-01
7.547091064e+02;4.895880818e-01
7.549424438e+02;4.905457199e-01
7.551757812e+02;4.901201129e-01
7.554090576e+02;4.875930548e-01
7.556424561e+02;4.870876372e-01
7.558757935e+02;4.880984724e-01
7.561091309e+02;4.819005132e-01
7.563425293e+02;4.831507504e-01
7.565759277e+02;4.798788726e-01
7.568092651e+02;4.842679799e-01
7.570426636e+02;4.790542722e-01
7.572761230e+02;4.838689566e-01
7.575095215e+02;4.823527336e-01
7.577429810e+02;4.849861860e-01
7.579763794e+02;4.756227732e-01
7.582098389e+02;4.781764448e-01
7.584432983e+02;4.732819498e-01
7.586767578e+02;4.798522890e-01
7.589102783e+02;4.677756131e-01
7.591437378e+02;4.748513699e-01
7.593772583e+02;4.730159342e-01
7.596107788e+02;4.705952704e-01
7.598442993e+02;4.702494740e-01
7.600778198e+02;4.627746940e-01
7.603113403e+02;4.675095975e-01
7.605449219e+02;4.643973410e-01
7.607785034e+02;4.669775963e-01
7.610120239e+02;4.635993242e-01
7.612456055e+02;4.669243991e-01
7.614792480e+02;4.686002433e-01
7.617128296e+02;4.584654272e-01
7.619464111e+02;4.622426927e-01
7.621800537e+02;4.597156346e-01
7.624136963e+02;4.601146579e-01
7.626473389e+02;4.564437568e-01
7.628809814e+02;4.616308808e-01
7.631146240e+02;4.544753134e-01
7.633483276e+02;4.557787478e-01
7.635819702e+02;4.519216716e-01
7.638156738e+02;4.502990246e-01
7.640493774e+02;4.525334835e-01
7.642830811e+02;4.509906471e-01
7.645167847e+02;4.481709898e-01
7.647505493e+02;4.475059807e-01
7.649842529e+02;4.512300491e-01
7.652180176e+02;4.465483427e-01
7.654517822e+02;4.484902024e-01
7.656855469e+02;4.574279785e-01
7.659193726e+02;4.416006505e-01
7.661531372e+02;4.460695386e-01
7.663869019e+02;4.410420358e-01
7.666207275e+02;4.451917112e-01
7.668545532e+02;4.369721413e-01
7.670883789e+02;4.440478981e-01
7.673222046e+02;4.380361736e-01
7.675560913e+02;4.365465343e-01
7.677899170e+02;4.363869429e-01
7.680238037e+02;4.347642958e-01
7.682576904e+02;4.342056811e-01
7.684915771e+02;4.338598847e-01
7.687254639e+02;4.337800741e-01
7.689594116e+02;4.313594103e-01
7.691932983e+02;4.325830638e-01
7.694272461e+02;4.311466217e-01
7.696611938e+02;4.259063005e-01
7.698951416e+02;4.268107116e-01
7.701290894e+02;4.215704203e-01
7.703630371e+02;4.284599721e-01
7.705970459e+02;4.262787104e-01
7.708309937e+02;4.234058559e-01
7.710650024e+02;4.199477732e-01
7.712990112e+02;4.250284731e-01
7.715330200e+02;4.184581339e-01
7.717670898e+02;4.200807810e-01
7.720010986e+02;4.210915864e-01
7.722351685e+02;4.186975360e-01
7.724692383e+02;4.167290926e-01
7.727033081e+02;4.168887138e-01
7.729373779e+02;4.158246815e-01
7.731714478e+02;4.180325270e-01
7.734055176e+02;4.096799493e-01
7.736396484e+02;4.089883268e-01
7.738737793e+02;4.036150277e-01
7.741079102e+02;4.109301865e-01
7.743420410e+02;4.054770470e-01
7.745761719e+02;4.072592854e-01
7.748103638e+02;4.050248563e-01
7.750444946e+02;4.073922932e-01
7.752786865e+02;3.977096975e-01
7.755128784e+02;4.085361362e-01
7.757470703e+02;4.003697336e-01
7.759812622e+02;3.997845352e-01
7.762155151e+02;3.984545171e-01
7.764497070e+02;3.972574770e-01
7.766839600e+02;3.966456652e-01
7.769182129e+02;3.968584836e-01
7.771524658e+02;3.962732553e-01
7.773867188e+02;3.941186070e-01
7.776209717e+02;3.912989497e-01
7.778552856e+02;3.900487125e-01
7.780895996e+02;3.950762451e-01
7.783239136e+02;3.924693763e-01
7.785582275e+02;3.885058761e-01
7.787925415e+02;3.893571198e-01
7.790268555e+02;3.884792924e-01
7.792612305e+02;3.897827268e-01
7.794955444e+02;3.812173307e-01
7.797299194e+02;3.841699958e-01
7.799642944e+02;3.890911043e-01
7.801986694e+02;3.815897405e-01
7.804331055e+02;3.798873127e-01
7.806674805e+02;3.838241994e-01
7.809019165e+02;3.821217418e-01
7.811363525e+02;3.778922558e-01
7.813707886e+02;3.781848550e-01
7.816052246e+02;3.771208525e-01
7.818396606e+02;3.749927878e-01
7.820741577e+02;3.756312132e-01
7.823085938e+02;3.744873703e-01
7.825430908e+02;3.791158795e-01
7.827775879e+02;3.739819825e-01
7.830120850e+02;3.718273342e-01
7.832465820e+02;3.731307685e-01
7.834811401e+02;3.713219166e-01
7.837156372e+02;3.715879321e-01
7.839501953e+02;3.680766523e-01
7.841847534e+02;3.726519346e-01
7.844193115e+02;3.722529411e-01
7.846539307e+02;3.643259704e-01
7.848884888e+02;3.719337285e-01
7.851231079e+02;3.683160543e-01
7.853576660e+02;3.691672683e-01
7.855922852e+02;3.649111688e-01
7.858269043e+02;3.621447086e-01
7.860615845e+02;3.637939394e-01
7.862962036e+02;3.626767397e-01
7.865308228e+02;3.531537056e-01
7.867655029e+02;3.589792550e-01
7.870001831e+02;3.623043299e-01
7.872348633e+02;3.641929626e-01
7.874695435e+02;3.598038554e-01
7.877042847e+02;3.620915115e-01
7.879389648e+02;3.520365059e-01
7.881737061e+02;3.560797870e-01
7.884084473e+02;3.543507457e-01
7.886431885e+02;3.536857367e-01
7.888779297e+02;3.569576144e-01
7.891126709e+02;3.562127948e-01
7.893474731e+02;3.544571400e-01
7.895822144e+02;3.565585911e-01
7.898170166e+02;3.526483178e-01
7.900518188e+02;3.549625576e-01
7.902866211e+02;3.513714671e-01
7.905214844e+02;3.510788679e-01
7.907562866e+02;3.512118757e-01
7.909911499e+02;3.526749015e-01
7.912260132e+02;3.483390212e-01
7.914608765e+02;3.458385468e-01
7.916957397e+02;3.496424556e-01
7.919306030e+02;3.496158421e-01
7.921655273e+02;3.469291925e-01
7.924003906e+02;3.512916863e-01
7.926353149e+02;3.437105119e-01
7.928702393e+02;3.490572274e-01
7.931051636e+02;3.424336910e-01
7.933400879e+02;3.453863561e-01
7.935750732e+02;3.447745442e-01
7.938099976e+02;3.422740698e-01
7.940449829e+02;3.446947336e-01
7.942799683e+02;3.423538804e-01
7.945149536e+02;3.337087035e-01
7.947499390e+02;3.366879523e-01
7.949849854e+02;3.365017474e-01
7.952199707e+02;3.405450583e-01
7.954550171e+02;3.397736251e-01
7.956900635e+02;3.411834538e-01
7.959251099e+02;3.340279162e-01
7.961601562e+02;3.374593854e-01
7.963952026e+02;3.370337784e-01
7.966303101e+02;3.334693015e-01
7.968654175e+02;3.338150978e-01
7.971004639e+02;3.334426880e-01
7.973355713e+02;3.315008581e-01
7.975707397e+02;3.362357616e-01
7.978058472e+02;3.348525167e-01
7.980410156e+02;3.333362937e-01
7.982761230e+02;3.286013901e-01
7.985112915e+02;3.319796622e-01
7.987464600e+02;3.317136467e-01
7.989816284e+02;3.328840733e-01
7.992167969e+02;3.292930126e-01
7.994520264e+02;3.325382769e-01
7.996872559e+02;3.310220242e-01
7.999224243e+02;3.291600049e-01
8.001576538e+02;3.207010031e-01
8.003928833e+02;3.239994943e-01
8.006281738e+02;3.228024542e-01
8.008634033e+02;3.272447586e-01
8.010986938e+02;3.219246268e-01
8.013339844e+02;3.232014775e-01
8.015692749e+02;3.196370006e-01
8.018045654e+02;3.205946088e-01
8.020398560e+02;3.209670186e-01
8.022751465e+02;3.254359066e-01
8.025104980e+02;3.195305765e-01
8.027458496e+02;3.137848675e-01
8.029812012e+02;3.104864061e-01
8.032165527e+02;3.186261654e-01
8.034519043e+02;3.162587285e-01
8.036872559e+02;3.146094680e-01
8.039226685e+02;3.135720491e-01
8.041580811e+02;3.091563582e-01
8.043934326e+02;3.190251887e-01
8.046288452e+02;3.163385093e-01
8.048643188e+02;3.097149730e-01
8.050997314e+02;3.105396032e-01
8.053352051e+02;3.088903427e-01
8.055706177e+02;3.065761030e-01
8.058060913e+02;3.084115386e-01
8.060415649e+02;3.075071275e-01
8.062770386e+02;3.052992821e-01
8.065125732e+02;3.089169562e-01
8.067480469e+02;3.025328219e-01
8.069835815e+02;3.070549071e-01
8.072191162e+02;3.009633720e-01
8.074546509e+02;3.045810759e-01
8.076901855e+02;2.952442467e-01
8.079257202e+02;3.070017099e-01
8.081613159e+02;2.960954905e-01
8.083968506e+02;2.996865511e-01
8.086324463e+02;3.003781736e-01
8.088680420e+02;2.960954905e-01
8.091036377e+02;2.979841232e-01
8.093392334e+02;3.000589609e-01
8.095748901e+02;2.981703281e-01
8.098104858e+02;2.943132520e-01
8.100461426e+02;2.941004336e-01
8.102817993e+02;2.916265726e-01
8.105174561e+02;2.879557014e-01
8.107531128e+02;2.908551693e-01
8.109888306e+02;2.857744396e-01
8.112244873e+02;2.851626277e-01
8.114602051e+02;2.900837362e-01
8.116959229e+02;2.803745270e-01
8.119316406e+02;2.890463173e-01
8.121673584e+02;2.843646109e-01
8.124031372e+02;2.810395360e-01
8.126388550e+02;2.801085413e-01
8.128746338e+02;2.793371081e-01
8.131104126e+02;2.791775167e-01
8.133461914e+02;2.735647857e-01
8.135819702e+02;2.716761529e-01
8.138177490e+02;2.701599002e-01
8.140535889e+02;2.753736377e-01
8.142894287e+02;2.740435898e-01
8.145252075e+02;2.715165317e-01
8.147610474e+02;2.779538929e-01
8.149969482e+02;2.699736953e-01
8.152327881e+02;2.683776617e-01
8.154686279e+02;2.717825472e-01
8.157045288e+02;2.706387341e-01
8.159404297e+02;2.655580044e-01
8.161763306e+02;2.726337612e-01
8.164122314e+02;2.647599876e-01
8.166481323e+02;2.696013153e-01
8.168840942e+02;2.663028240e-01
8.171199951e+02;2.634033561e-01
8.173559570e+02;2.611689270e-01
8.175919189e+02;2.640417814e-01
8.178278809e+02;2.596526742e-01
8.180638428e+02;2.622329295e-01
8.182998657e+02;2.556093931e-01
8.185358276e+02;2.595728934e-01
8.187718506e+02;2.508744895e-01
8.190078735e+02;2.585886717e-01
8.192438965e+02;2.514331043e-01
8.194799194e+02;2.548645735e-01
8.197160034e+02;2.543325722e-01
8.199520264e+02;2.527365386e-01
8.201881104e+02;2.535611391e-01
8.204241943e+02;2.522045374e-01
8.206602783e+02;2.495976686e-01
8.208963623e+02;2.557424009e-01
8.211325073e+02;2.474962175e-01
8.213685913e+02;2.504222989e-01
8.216047363e+02;2.477090210e-01
8.218408813e+02;2.497306764e-01
8.220770264e+02;2.446765602e-01
8.223131714e+02;2.445435524e-01
8.225493164e+02;2.393830419e-01
8.227855225e+02;2.482942343e-01
8.230216675e+02;2.413248867e-01
8.232578735e+02;2.404470742e-01
8.234940796e+02;2.391968369e-01
8.237302856e+02;2.444105595e-01
8.239665527e+02;2.418569028e-01
8.242027588e+02;2.405800670e-01
8.244390259e+02;2.390106320e-01
8.246752930e+02;2.355791628e-01
8.249115601e+02;2.403938621e-01
8.251478271e+02;2.390372306e-01
8.253840942e+02;2.436391413e-01
8.256203613e+02;2.427347153e-01
8.258566895e+02;2.363505810e-01
8.260930176e+02;2.366697788e-01
8.263293457e+02;2.386382222e-01
8.265656738e+02;2.327328920e-01
8.268020020e+02;2.343289405e-01
8.270383301e+02;2.357919663e-01
8.272747192e+02;2.289290130e-01
8.275111084e+02;2.321476936e-01
8.277474976e+02;2.311102599e-01
8.279838867e+02;2.330255061e-01
8.282202759e+02;2.329989076e-01
8.284566650e+02;2.288492173e-01
8.286931152e+02;2.309240550e-01
8.289295044e+02;2.319614887e-01
8.291659546e+02;2.345417440e-01
8.294024048e+02;2.274127901e-01
8.296388550e+02;2.303920537e-01
8.298753662e+02;2.313230634e-01
8.301118164e+02;2.250719368e-01
8.303483276e+02;2.321476936e-01
8.305848389e+02;2.317486703e-01
8.308213501e+02;2.234759033e-01
8.310578613e+02;2.274925858e-01
8.312943726e+02;2.244867235e-01
8.315309448e+02;2.197518200e-01
8.317674561e+02;2.238216996e-01
8.320040283e+02;2.263753563e-01
8.322406006e+02;2.248325199e-01
8.324771729e+02;2.247261256e-01
8.327138062e+02;2.231034935e-01
8.329503784e+02;2.234492898e-01
8.331870117e+02;2.240345031e-01
8.334235840e+02;2.202572227e-01
8.336602173e+02;2.202040255e-01
8.338968506e+02;2.195390165e-01
8.341335449e+02;2.225980759e-01
8.343701782e+02;2.212148458e-01
8.346068726e+02;2.202306241e-01
8.348435059e+02;2.159213275e-01
8.350802002e+02;2.211882472e-01
8.353168945e+02;2.164267451e-01
8.355535889e+02;2.222788781e-01
8.357903442e+02;2.184217870e-01
8.360270386e+02;2.203902304e-01
8.362637939e+02;2.202838212e-01
8.365005493e+02;2.145380974e-01
8.367373047e+02;2.172513604e-01
8.369740601e+02;2.144583017e-01
8.372108765e+02;2.181557864e-01
8.374476318e+02;2.141923010e-01
8.376844482e+02;2.130218744e-01
8.379212646e+02;2.135538757e-01
8.381580200e+02;2.160277367e-01
8.383948975e+02;2.166661471e-01
8.386317139e+02;2.169055492e-01
8.388685303e+02;2.155223191e-01
8.391054077e+02;2.117184401e-01
8.393422852e+02;2.178099751e-01
8.395791626e+02;2.104682177e-01
8.398160400e+02;2.103352100e-01
8.400529175e+02;2.130484730e-01
8.402898560e+02;2.088987827e-01
8.405267334e+02;2.072495371e-01
8.407636719e+02;2.112928331e-01
8.410006104e+02;2.123036534e-01
8.412375488e+02;2.092711926e-01
8.414744873e+02;2.046692818e-01
8.417114868e+02;2.115588337e-01
8.419484253e+02;2.126760632e-01
8.421854248e+02;2.094839960e-01
8.424224243e+02;2.074623555e-01
8.426594238e+02;2.116386443e-01
8.428964233e+02;2.045894861e-01
8.431334839e+02;2.109204233e-01
8.433704834e+02;2.049884945e-01
8.436075439e+02;2.094307989e-01
8.438446045e+02;2.063717246e-01
8.440816650e+02;2.058397084e-01
8.443187256e+02;2.031530589e-01
8.445557861e+02;2.081805617e-01
8.447929077e+02;2.041638792e-01
8.450299683e+02;2.050150931e-01
8.452670898e+02;2.027274519e-01
8.455042114e+02;2.050949037e-01
8.457413330e+02;2.039776742e-01
8.459785156e+02;2.028072476e-01
8.462156372e+02;2.011846155e-01
8.464528198e+02;2.042702734e-01
8.466899414e+02;2.015304267e-01
8.469271240e+02;1.998013854e-01
8.471643677e+02;1.985245496e-01
8.474015503e+02;2.021688372e-01
8.476387329e+02;1.970083266e-01
8.478759766e+02;2.020624280e-01
8.481132202e+02;1.983383447e-01
8.483504639e+02;1.960507035e-01
8.485877075e+02;1.962635070e-01
8.488249512e+02;1.979659498e-01
8.490621948e+02;1.926458329e-01
8.492994995e+02;1.954388916e-01
8.495368042e+02;1.931512356e-01
8.497740479e+02;1.937098503e-01
8.500113525e+02;1.971413195e-01
8.502487183e+02;1.906241775e-01
8.504860229e+02;1.894271523e-01
8.507233887e+02;1.931246370e-01
8.509606934e+02;1.907039881e-01
8.511980591e+02;1.918744147e-01
8.514354248e+02;1.913158000e-01
8.516727905e+02;1.907837838e-01
8.519102173e+02;1.916616112e-01
8.521475830e+02;1.889749467e-01
8.523850098e+02;1.903581768e-01
8.526224365e+02;1.887089461e-01
8.528598633e+02;1.890015453e-01
8.530972900e+02;1.884961426e-01
8.533347168e+02;1.868468970e-01
8.535721436e+02;1.881237328e-01
8.538096313e+02;1.839208305e-01
8.540471191e+02;1.847986579e-01
8.542846069e+02;1.804361641e-01
8.545220947e+02;1.852508634e-01
8.547595825e+02;1.792657375e-01
8.549971313e+02;1.835218221e-01
8.552346191e+02;1.805691570e-01
8.554721680e+02;1.798509508e-01
8.557097168e+02;1.832292229e-01
8.559472656e+02;1.795583367e-01
8.561848145e+02;1.814469844e-01
8.564224243e+02;1.841602474e-01
8.566599731e+02;1.787071228e-01
8.568975830e+02;1.801435500e-01
8.571351929e+02;1.788401306e-01
8.573728027e+02;1.770046800e-01
8.576104126e+02;1.792923361e-01
8.578480225e+02;1.790263355e-01
8.580856934e+02;1.751692444e-01
8.583233032e+02;1.791327298e-01
8.585609741e+02;1.791061312e-01
8.587986450e+02;1.730944067e-01
8.590363159e+02;1.738658249e-01
8.592740479e+02;1.746638417e-01
8.595117188e+02;1.736264080e-01
8.597494507e+02;1.708333492e-01
8.599871826e+02;1.695299298e-01
8.602249146e+02;1.719505787e-01
8.604626465e+02;1.692373157e-01
8.607003784e+02;1.699289382e-01
8.609381714e+02;1.742116213e-01
8.611759033e+02;1.721367836e-01
8.614136963e+02;1.727219969e-01
8.616514893e+02;1.705141515e-01
8.618892822e+02;1.719505787e-01
8.621270752e+02;1.681200862e-01
8.623649292e+02;1.737594157e-01
8.626027222e+02;1.716579646e-01
8.628405762e+02;1.643428057e-01
8.630784302e+02;1.686787009e-01
8.633162842e+02;1.639970094e-01
8.635541382e+02;1.726421863e-01
8.637919922e+02;1.673486829e-01
8.640299072e+02;1.653004289e-01
8.642678223e+02;1.670826674e-01
8.645057373e+02;1.629063785e-01
8.647436523e+02;1.604325324e-01
8.649815674e+02;1.618423611e-01
8.652194824e+02;1.624275744e-01
8.654574585e+02;1.647152156e-01
8.656953735e+02;1.606719345e-01
8.659333496e+02;1.622413695e-01
8.661713257e+02;1.635181904e-01
8.664093018e+02;1.640768051e-01
8.666472778e+02;1.612305492e-01
8.668853149e+02;1.626669765e-01
8.671233521e+02;1.599005163e-01
8.673613281e+02;1.593153030e-01
8.675993652e+02;1.610975415e-01
8.678374023e+02;1.597941071e-01
8.680755005e+02;1.599537134e-01
8.683135376e+02;1.583842784e-01
8.685516357e+02;1.552454084e-01
8.687896729e+02;1.591822952e-01
8.690277710e+02;1.551922113e-01
8.692658691e+02;1.557242274e-01
8.695040283e+02;1.592088938e-01
8.697421265e+02;1.536493748e-01
8.699802856e+02;1.580916792e-01
8.702183838e+02;1.556178182e-01
8.704565430e+02;1.535695791e-01
8.706947021e+02;1.560700238e-01
8.709328613e+02;1.525321603e-01
8.711710815e+02;1.531705707e-01
8.714092407e+02;1.487282664e-01
8.716474609e+02;1.508563161e-01
8.718856812e+02;1.502445042e-01
8.721239014e+02;1.463076174e-01
8.723621216e+02;1.488612741e-01
8.726003418e+02;1.488878727e-01
8.728386230e+02;1.471588314e-01
8.730768433e+02;1.462012082e-01
8.733151245e+02;1.475312412e-01
8.735534058e+02;1.484622657e-01
8.737916870e+02;1.460682154e-01
8.740299683e+02;1.456958055e-01
8.742683105e+02;1.489942819e-01
8.745066528e+02;1.459618062e-01
8.747449341e+02;1.458288133e-01
8.749832764e+02;1.418387145e-01
8.752216187e+02;1.458288133e-01
8.754600220e+02;1.443391740e-01
8.756983643e+02;1.417589188e-01
8.759367065e+02;1.415727139e-01
8.761751099e+02;1.435145587e-01
8.764135132e+02;1.406150907e-01
8.766519165e+02;1.405884922e-01
8.768903198e+02;1.421579272e-01
8.771287842e+02;1.347629726e-01
8.773671875e+02;1.381412446e-01
8.776056519e+02;1.403224915e-01
8.778441162e+02;1.405086964e-01
8.780825806e+02;1.396308690e-01
8.783210449e+02;1.371304244e-01
8.785595093e+02;1.377422363e-01
8.787980347e+02;1.325019151e-01
8.790364990e+02;1.360131949e-01
8.792750244e+02;1.355875880e-01
8.795135498e+02;1.359333992e-01
8.797520752e+02;1.350555718e-01
8.799906616e+02;1.368378103e-01
8.802291870e+02;1.353481859e-01
8.804677734e+02;1.371836215e-01
8.807062988e+02;1.334861368e-01
8.809448853e+02;1.347363591e-01
8.811834717e+02;1.308792830e-01
8.814221191e+02;1.342043579e-01
8.816607056e+02;1.288842410e-01
8.818993530e+02;1.311186850e-01
8.821379395e+02;1.326615214e-01
8.823765869e+02;1.316241026e-01
8.826152344e+02;1.319167018e-01
8.828539429e+02;1.303738654e-01
8.830925903e+02;1.301078647e-01
8.833312988e+02;1.319433004e-01
8.835699463e+02;1.282458305e-01
8.838086548e+02;1.275542080e-01
8.840473633e+02;1.283788234e-01
8.842860718e+02;1.278734207e-01
8.845248413e+02;1.274744123e-01
8.847635498e+02;1.291236430e-01
8.850023193e+02;1.252399534e-01
8.852410889e+02;1.278468221e-01
8.854798584e+02;1.227927059e-01
8.857186279e+02;1.233779192e-01
8.859573975e+02;1.207976639e-01
8.861961670e+02;1.218882874e-01
8.864349976e+02;1.235641241e-01
8.866738281e+02;1.201326475e-01
8.869126587e+02;1.220212877e-01
8.871514893e+02;1.223670989e-01
8.873903198e+02;1.199996471e-01
8.876292114e+02;1.208508611e-01
8.878680420e+02;1.236971244e-01
8.881069336e+02;1.251335591e-01
8.883458252e+02;1.197602376e-01
8.885847168e+02;1.218084842e-01
8.888236084e+02;1.185898110e-01
8.890625000e+02;1.230055094e-01
8.893014526e+02;1.173927858e-01
8.895404053e+02;1.199464425e-01
8.897793579e+02;1.186962202e-01
8.900183105e+02;1.215690821e-01
8.902572632e+02;1.173661873e-01
8.904962158e+02;1.165149659e-01
8.907352295e+02;1.156105474e-01
8.909741821e+02;1.187228188e-01
8.912131958e+02;1.156903505e-01
8.914522095e+02;1.137751117e-01
8.916912231e+02;1.144401208e-01
8.919302368e+02;1.169139817e-01
8.921693115e+02;1.200794503e-01
8.924083862e+02;1.149987355e-01
8.926473999e+02;1.138549149e-01
8.928864746e+02;1.181110069e-01
8.931255493e+02;1.160095558e-01
8.933646851e+02;1.136421040e-01
8.936037598e+02;1.127642915e-01
8.938428955e+02;1.098648235e-01
8.940819702e+02;1.114342585e-01
8.943211060e+02;1.119130701e-01
8.945602417e+02;1.103436351e-01
8.947994385e+02;1.081091836e-01
8.950385742e+02;1.078165770e-01
8.952777100e+02;1.091200113e-01
8.955169067e+02;1.085613966e-01
8.957561035e+02;1.085879952e-01
8.959953003e+02;1.093062162e-01
8.962344971e+02;1.087210029e-01
8.964737549e+02;1.099712253e-01
8.967129517e+02;1.074441746e-01
8.969522095e+02;1.074175686e-01
8.971914673e+02;1.072579697e-01
8.974307251e+02;1.112480536e-01
8.976699829e+02;1.092264131e-01
8.979092407e+02;1.089072004e-01
8.981484985e+02;1.066461578e-01
8.983878174e+02;1.037998945e-01
8.986271362e+02;1.056885347e-01
8.988664551e+02;1.030018777e-01
8.991057739e+02;1.058481410e-01
8.993450928e+02;1.073643714e-01
8.995844727e+02;1.052629277e-01
8.998237915e+02;1.010600328e-01
9.000631714e+02;1.042787060e-01
9.003025513e+02;1.014590412e-01
9.005419312e+02;1.040925011e-01
9.007813110e+02;1.028422713e-01
9.010206909e+02;1.042255014e-01
9.012601318e+02;1.004482210e-01
9.014995728e+02;1.034008861e-01
9.017390137e+02;1.002886146e-01
9.019784546e+02;9.996940941e-02
9.022178955e+02;9.895858914e-02
9.024573364e+02;9.696354717e-02
9.026968384e+02;9.773495793e-02
9.029362793e+02;1.016984433e-01
9.031757812e+02;9.701674432e-02
9.034152832e+02;9.863938391e-02
9.036547852e+02;9.499510378e-02
9.038943481e+02;9.510150552e-02
9.041338501e+02;9.510150552e-02
9.043734131e+02;9.507489949e-02
9.046129150e+02;9.760195762e-02
9.048524780e+02;9.632512927e-02
9.050920410e+02;9.661773592e-02
9.053316650e+02;9.762855619e-02
9.055712280e+02;9.802756459e-02
9.058108521e+02;9.555371106e-02
9.060504150e+02;9.991620481e-02
9.062900391e+02;9.393107891e-02
9.065296631e+02;9.305325896e-02
9.067693481e+02;9.757535905e-02
9.070089722e+02;9.385127574e-02
9.072486572e+02;9.730935097e-02
9.074882812e+02;9.448969364e-02
9.077279663e+02;9.310646355e-02
9.079676514e+02;9.363847226e-02
9.082073364e+02;9.448969364e-02
9.084470825e+02;9.145722538e-02
9.086867676e+02;8.970158547e-02
9.089265137e+02;8.767994493e-02
9.091662598e+02;9.390448034e-02
9.094060059e+02;8.948878199e-02
9.096457520e+02;8.842475712e-02
9.098854980e+02;8.783954382e-02
9.101252441e+02;8.924937248e-02
9.103650513e+02;8.954197913e-02
9.106048584e+02;9.151042253e-02
9.108446655e+02;8.898337185e-02
9.110844727e+02;8.903656900e-02
9.113242798e+02;8.733413368e-02
9.115641479e+02;8.932917565e-02
9.118039551e+02;8.666911721e-02
9.120438232e+02;8.512628824e-02
9.122836914e+02;8.783954382e-02
9.125235596e+02;8.874396235e-02
9.127634277e+02;8.270563185e-02
9.130032959e+02;8.334404975e-02
9.132432251e+02;8.634991199e-02
9.134831543e+02;8.589770645e-02
9.137230225e+02;8.448787034e-02
9.139629517e+02;8.384945989e-02
9.142029419e+02;8.555189520e-02
9.144428711e+02;8.565829694e-02
9.146828003e+02;8.337064832e-02
9.149227905e+02;8.430166543e-02
9.151627808e+02;8.153520525e-02
9.154027710e+02;8.595090359e-02
9.156427612e+02;8.624351025e-02
9.158827515e+02;8.509968221e-02
9.161228027e+02;8.158840984e-02
9.163627930e+02;8.496668190e-02
9.166028442e+02;8.164160699e-02
9.168428955e+02;8.525928855e-02
9.170829468e+02;8.148200810e-02
9.173229980e+02;8.071058989e-02
9.175631104e+02;8.142880350e-02
9.178031616e+02;7.980617136e-02
9.180432739e+02;7.719931006e-02
9.182833862e+02;7.961996645e-02
9.185234985e+02;7.977957278e-02
9.187636108e+02;8.017858118e-02
9.190037231e+02;7.807713002e-02
9.192438965e+02;7.677370310e-02
9.194840698e+02;7.642789930e-02
9.197241821e+02;7.954016328e-02
9.199643555e+02;7.610868663e-02
9.202045898e+02;7.813033462e-02
9.204447632e+02;8.020517975e-02
9.206849365e+02;8.174801618e-02
9.209251709e+02;7.773132622e-02
9.211654053e+02;7.847613841e-02
9.214056396e+02;7.738551497e-02
9.216458740e+02;7.533727586e-02
9.218861084e+02;7.304961979e-02
9.221264038e+02;7.422004640e-02
9.223666382e+02;7.496486604e-02
9.226069336e+02;7.382103801e-02
9.228472290e+02;7.411364466e-02
9.230875244e+02;7.493826747e-02
9.233278198e+02;7.257081568e-02
9.235681763e+02;7.387424260e-02
9.238084717e+02;7.408704609e-02
9.240488281e+02;7.461905479e-02
9.242891846e+02;7.680030167e-02
9.245295410e+02;7.419344783e-02
9.247698975e+02;7.448605448e-02
9.250102539e+02;7.469885796e-02
9.252506714e+02;7.440625131e-02
9.254910278e+02;7.475206256e-02
9.257314453e+02;7.326243073e-02
9.259718628e+02;6.945854425e-02
9.262122803e+02;7.267721742e-02
9.264527588e+02;7.081517577e-02
9.266931763e+02;6.674528867e-02
9.269336548e+02;7.009696215e-02
9.271741333e+02;6.706449389e-02
9.274146118e+02;6.759650260e-02
9.276550903e+02;6.855412573e-02
9.278955688e+02;6.879352778e-02
9.281360474e+02;6.953834742e-02
9.283765869e+02;7.150679082e-02
9.286171265e+02;6.812851876e-02
9.288576660e+02;6.826151907e-02
9.290982056e+02;6.999056041e-02
9.293387451e+02;6.996395439e-02
9.295792847e+02;6.996395439e-02
9.298198853e+02;6.839451939e-02
9.300604248e+02;6.842112541e-02
9.303010254e+02;6.557486206e-02
9.305416260e+02;6.392562389e-02
9.307822266e+02;6.919253618e-02
9.310228882e+02;6.350001693e-02
9.312634888e+02;6.339361519e-02
9.315041504e+02;6.443103403e-02
9.317448120e+02;5.791389570e-02
9.319854736e+02;6.219658628e-02
9.322261353e+02;6.342021376e-02
9.324667969e+02;6.209018454e-02
9.327075195e+02;6.427143514e-02
9.329481812e+02;6.328721344e-02
9.331889038e+02;6.493644416e-02
9.334296265e+02;6.318081170e-02
9.336703491e+02;6.054735184e-02
9.339110718e+02;6.283500046e-02
9.341518555e+02;6.384582072e-02
9.343925781e+02;6.248919293e-02
9.346333618e+02;6.477684528e-02
9.348741455e+02;6.083995849e-02
9.351149292e+02;5.759468675e-02
9.353557129e+02;5.863210931e-02
9.355964966e+02;5.666366592e-02
9.358373413e+02;5.772769079e-02
9.360781250e+02;5.852570757e-02
9.363189697e+02;5.820649862e-02
9.365598145e+02;5.977593362e-02
9.368006592e+02;5.708927661e-02
9.370415649e+02;5.674346909e-02
9.372824097e+02;5.966953188e-02
9.375233154e+02;5.482822657e-02
9.377642212e+02;5.727548152e-02
9.380051270e+02;5.852570757e-02
9.382460327e+02;5.759468675e-02
9.384869385e+02;5.879171193e-02
9.387278442e+02;5.698287487e-02
9.389688110e+02;5.472182482e-02
9.392097778e+02;5.573264509e-02
9.394507446e+02;5.655726418e-02
9.396917114e+02;5.623805895e-02
9.399326782e+02;5.211496726e-02
9.401736450e+02;5.304598808e-02
9.404146729e+02;5.317899212e-02
9.406556396e+02;5.280658230e-02
9.408966675e+02;5.222136900e-02
9.411376953e+02;4.998692125e-02
9.413787842e+02;5.200856552e-02
9.416198120e+02;5.121054873e-02
9.418608398e+02;5.086474121e-02
9.421019287e+02;5.272678286e-02
9.423430176e+02;5.216816813e-02
9.425841064e+02;5.099774525e-02
9.428251953e+02;5.256717652e-02
9.430662842e+02;5.307259038e-02
9.433074341e+02;5.051893368e-02
9.435485229e+02;5.206176639e-02
9.437896729e+02;5.001352355e-02
9.440308228e+02;5.317899212e-02
9.442719727e+02;4.652884603e-02
9.445131226e+02;5.137015134e-02
9.447543335e+02;4.360278323e-02
9.449954834e+02;4.655544832e-02
9.452366943e+02;4.804508016e-02
9.454779053e+02;4.485300928e-02
9.457191162e+02;4.551802576e-02
9.459603271e+02;4.905590042e-02
9.462015381e+02;4.748646542e-02
9.464428101e+02;4.655544832e-02
9.466840820e+02;4.527861997e-02
9.469252930e+02;4.711405933e-02
9.471665649e+02;4.549142346e-02
9.474078979e+02;4.530521855e-02
9.476491699e+02;4.745986685e-02
9.478904419e+02;4.796527699e-02
9.481317749e+02;4.727366194e-02
9.483731079e+02;4.666185006e-02
9.486144409e+02;4.402839020e-02
9.488557739e+02;4.503921419e-02
9.490971069e+02;4.147473723e-02
9.493384399e+02;4.096932337e-02
9.495798340e+02;4.184714332e-02
9.498212280e+02;4.434759915e-02
9.500626221e+02;4.102252796e-02
9.503040161e+02;4.163433984e-02
9.505454102e+02;4.299096763e-02
9.507868042e+02;4.131513089e-02
9.510282593e+02;4.102252796e-02
9.512697144e+02;4.253875837e-02
9.515111084e+02;4.160773754e-02
9.517525635e+02;4.041071236e-02
9.519940796e+02;3.857527301e-02
9.522355347e+02;4.277816415e-02
9.524769897e+02;4.134173319e-02
9.527185059e+02;4.320377484e-02
9.529600220e+02;4.174074158e-02
9.532015381e+02;4.014470801e-02
9.534430542e+02;3.822946548e-02
9.536845703e+02;3.671323135e-02
9.539261475e+02;3.751124814e-02
9.541676636e+02;3.889447823e-02
9.544092407e+02;3.681963310e-02
9.546508179e+02;3.737824783e-02
9.548923950e+02;3.729844466e-02
9.551339722e+02;3.902748227e-02
9.553756104e+02;3.463838622e-02
9.556171875e+02;3.764425218e-02
9.558588257e+02;3.559600934e-02
9.561004639e+02;3.644722700e-02
9.563421021e+02;3.615462035e-02
9.565837402e+02;3.836246952e-02
9.568253784e+02;3.700583801e-02
9.570670776e+02;3.588861600e-02
9.573087158e+02;3.434577957e-02
9.575504150e+02;3.365416452e-02
9.577921143e+02;3.248374164e-02
9.580338135e+02;3.099410795e-02
9.582755737e+02;3.312215582e-02
9.585172729e+02;3.155272081e-02
9.587590332e+02;3.293595091e-02
9.590007324e+02;3.147291765e-02
9.592424927e+02;3.027589247e-02
9.594843140e+02;3.157931939e-02
9.597260742e+02;3.128671274e-02
9.599678345e+02;3.298915178e-02
9.602096558e+02;3.133991733e-02
9.604514160e+02;2.875966020e-02
9.606932373e+02;3.200493008e-02
9.609350586e+02;3.091430664e-02
9.611769409e+02;3.040889464e-02
9.614187622e+02;3.197832778e-02
9.616605835e+02;3.288275003e-02
9.619024658e+02;2.969067916e-02
9.621443481e+02;3.219113499e-02
9.623862305e+02;2.647200972e-02
9.626281128e+02;3.024929203e-02
9.628699951e+02;2.713702433e-02
9.631119385e+02;2.899906412e-02
9.633538818e+02;2.737643011e-02
9.635957642e+02;2.705722302e-02
9.638377075e+02;2.809464559e-02
9.640796509e+02;2.907886542e-02
9.643216553e+02;2.649861015e-02
9.645635986e+02;2.841385268e-02
9.648056030e+02;2.830744907e-02
9.650475464e+02;2.860005572e-02
9.652895508e+02;2.793504111e-02
9.655315552e+02;2.798824199e-02
9.657735596e+02;2.777543850e-02
9.660156250e+02;2.830744907e-02
9.662576294e+02;2.817444690e-02
9.664996948e+02;2.926507033e-02
9.667417603e+02;2.543458715e-02
9.669838257e+02;2.506217919e-02
9.672258911e+02;2.790844068e-02
9.674679565e+02;2.530158497e-02
9.677100830e+02;2.439716458e-02
9.679522095e+02;2.327994071e-02
9.681942749e+02;2.386515215e-02
9.684364014e+02;2.492917515e-02
9.686785278e+02;2.320013754e-02
9.689207153e+02;2.216271497e-02
9.691628418e+02;2.575379424e-02
9.694050293e+02;2.495577745e-02
9.696471558e+02;2.596659772e-02
9.698893433e+02;2.562079020e-02
9.701315308e+02;2.349274419e-02
9.703737793e+02;2.748283185e-02
9.706159668e+02;2.476957254e-02
9.708582153e+02;2.524838224e-02
9.711004028e+02;2.649861015e-02
9.713426514e+02;2.423756011e-02
9.715848999e+02;2.205631323e-02
9.718271484e+02;2.495577745e-02
9.720694580e+02;2.437056415e-02
9.723117065e+02;2.093908936e-02
9.725540161e+02;2.367894910e-02
9.727963257e+02;2.322673798e-02
9.730386353e+02;2.269472741e-02
9.732809448e+02;2.367894910e-02
9.735232544e+02;2.266812697e-02
9.737655640e+02;2.322673798e-02
9.740079346e+02;2.290753275e-02
9.742503052e+02;2.264152654e-02
9.744926758e+02;2.543458715e-02
9.747350464e+02;2.280112915e-02
9.749774170e+02;2.237552032e-02
9.752197876e+02;2.426416241e-02
9.754622192e+02;2.266812697e-02
9.757046509e+02;2.290753275e-02
9.759470825e+02;2.261492610e-02
9.761895142e+02;2.208291367e-02
9.764319458e+02;2.165730484e-02
9.766743774e+02;2.415775880e-02
9.769168701e+02;2.189671062e-02
9.771593018e+02;2.115189284e-02
9.774017944e+02;1.998146810e-02
9.776442871e+02;2.104549110e-02
9.778867798e+02;2.014107257e-02
9.781292725e+02;1.995486766e-02
9.783718262e+02;2.054008096e-02
9.786143799e+02;2.149770036e-02
9.788568726e+02;1.998146810e-02
9.790994263e+02;2.056668140e-02
9.793419800e+02;2.213611454e-02
9.795845947e+02;2.099229023e-02
9.798271484e+02;2.147109993e-02
9.800697021e+02;2.397155575e-02
9.803123169e+02;2.173710614e-02
9.805549316e+02;2.109869197e-02
9.807975464e+02;1.966226101e-02
9.810401611e+02;2.054008096e-02
9.812828369e+02;1.857163757e-02
9.815254517e+02;1.803962514e-02
9.817681274e+02;1.798642427e-02
9.820108032e+02;1.910365000e-02
9.822534790e+02;1.889084466e-02
9.824961548e+02;1.851843670e-02
9.827388306e+02;1.894404553e-02
9.829815674e+02;2.000806853e-02
9.832242432e+02;1.803962514e-02
9.834669800e+02;2.120509557e-02
9.837097168e+02;1.963566057e-02
9.839524536e+02;2.152430266e-02
9.841951904e+02;1.734801009e-02
9.844379883e+02;2.104549110e-02
9.846807251e+02;1.955585927e-02
9.849235229e+02;2.173710614e-02
9.851663208e+02;1.907704771e-02
9.854091187e+02;2.085928805e-02
9.856519165e+02;1.647019200e-02
9.858947144e+02;1.862483844e-02
9.861375732e+02;1.742781326e-02
9.863804321e+02;1.963566057e-02
9.866232300e+02;1.615098491e-02
9.868660889e+02;1.835883223e-02
9.871089478e+02;1.692240126e-02
9.873518677e+02;1.769381762e-02
9.875947266e+02;1.742781326e-02
9.878376465e+02;1.748101413e-02
9.880805664e+02;1.654999331e-02
9.883234863e+02;1.713520661e-02
9.885664062e+02;1.926325262e-02
9.888093262e+02;1.974206232e-02
9.890522461e+02;1.865143888e-02
9.892952271e+02;1.886424422e-02
9.895382080e+02;1.918345131e-02
9.897811279e+02;2.022087388e-02
9.900241699e+02;1.859823801e-02
9.902671509e+02;1.577857696e-02
9.905101318e+02;1.529976632e-02
9.907531738e+02;1.838543266e-02
9.909961548e+02;1.314511988e-02
9.912391968e+02;1.689580083e-02
9.914822388e+02;1.681599952e-02
9.917252808e+02;1.585837826e-02
9.919683838e+02;1.545936987e-02
9.922114258e+02;1.740121283e-02
9.924545288e+02;1.575197652e-02
9.926975708e+02;1.665639505e-02
9.929406738e+02;1.556577254e-02
9.931837769e+02;1.734801009e-02
9.934269409e+02;1.628398709e-02
9.936700439e+02;1.713520661e-02
9.939132080e+02;1.907704771e-02
9.941563110e+02;1.891744509e-02
9.943994751e+02;1.716180705e-02
9.946426392e+02;1.559237298e-02
9.948858643e+02;1.362392958e-02
9.951290283e+02;1.516676322e-02
9.953721924e+02;1.649679244e-02
9.956154175e+02;1.442194730e-02
9.958586426e+02;1.439534687e-02
9.961018677e+02;1.498055924e-02
9.963450928e+02;1.335792430e-02
9.965883179e+02;1.484755613e-02
9.968316040e+02;1.596478000e-02
9.970748291e+02;1.383673493e-02
9.973181152e+02;1.697560214e-02
9.975614014e+02;1.665639505e-02
9.978046875e+02;1.878444292e-02
9.980480347e+02;1.468795259e-02
9.982913208e+02;1.604458317e-02
9.985346680e+02;1.428894419e-02
9.987779541e+02;1.580517739e-02
9.990213013e+02;1.569877565e-02
9.992646484e+02;1.593817957e-02
9.995079956e+02;1.420914289e-02
9.997514038e+02;1.396973711e-02
9.999947510e+02;1.506036147e-02
1.000238159e+03;1.322492119e-02
1.000481567e+03;1.263970882e-02
1.000724976e+03;1.508696191e-02
1.000968384e+03;1.365053002e-02
1.001211792e+03;1.229390129e-02
1.001455261e+03;1.250670571e-02
1.001698669e+03;1.692240126e-02
1.001942139e+03;1.391653623e-02
1.002185608e+03;1.311851852e-02
1.002429077e+03;1.506036147e-02
1.002672546e+03;1.378353313e-02
1.002916077e+03;1.657659374e-02
1.003159546e+03;1.617758535e-02
1.003403076e+03;1.298551634e-02
1.003646606e+03;1.508696191e-02
1.003890137e+03;1.335792430e-02
1.004133667e+03;1.402293891e-02
1.004377258e+03;1.354412828e-02
1.004620789e+03;1.083086897e-02
1.004864380e+03;1.287911367e-02
1.005107971e+03;1.341112517e-02
1.005351562e+03;1.338452473e-02
1.005595154e+03;1.234710217e-02
1.005838745e+03;1.144268271e-02
1.006082336e+03;1.263970882e-02
1.006325989e+03;1.197469421e-02
1.006569641e+03;1.466135215e-02
1.006813293e+03;1.391653623e-02
1.007056946e+03;1.335792430e-02
1.007300598e+03;1.373033226e-02
1.007544312e+03;1.412934065e-02
1.007787964e+03;1.277271099e-02
1.008031677e+03;1.160228625e-02
1.008275391e+03;1.514016278e-02
1.008519104e+03;1.056486368e-02
1.008762817e+03;1.298551634e-02
1.009006531e+03;1.136288047e-02
1.009250305e+03;1.157568488e-02
1.009494019e+03;1.160228625e-02
1.009737793e+03;1.442194730e-02
1.009981567e+03;1.285251323e-02
1.010225342e+03;1.072446723e-02
1.010469177e+03;1.104367338e-02
1.010712952e+03;1.338452473e-02
1.010956787e+03;1.085746940e-02
1.011200623e+03;1.322492119e-02
1.011444397e+03;1.349092741e-02
1.011688293e+03;1.287911367e-02
1.011932129e+03;1.362392958e-02
1.012175964e+03;1.351752784e-02
1.012419861e+03;1.346432604e-02
1.012663696e+03;1.170868799e-02
1.012907593e+03;1.396973711e-02
1.013151489e+03;1.165548712e-02
1.013395447e+03;1.138948090e-02
1.013639343e+03;1.021905616e-02
1.013883240e+03;1.221409906e-02
1.014127197e+03;9.554041550e-03
1.014371155e+03;9.766845964e-03
1.014615112e+03;1.096387208e-02
1.014859070e+03;1.120327692e-02
1.015103027e+03;1.027225703e-02
1.015347046e+03;1.277271099e-02
1.015591003e+03;1.178849023e-02
1.015835022e+03;1.412934065e-02
1.016079041e+03;1.141608227e-02
1.016323059e+03;1.277271099e-02
1.016567078e+03;1.112347562e-02
1.016811157e+03;9.234834462e-03
1.017055176e+03;1.154908445e-02
1.017299255e+03;9.687043726e-03
1.017543335e+03;1.184169110e-02
1.017787415e+03;1.138948090e-02
1.018031494e+03;8.117609657e-03
1.018275574e+03;9.766845964e-03
1.018519714e+03;7.904805243e-03
1.018763855e+03;6.627977826e-03
1.019007935e+03;-1.325595542e-03
1.019252075e+03;2.371884882e-03
1.019496216e+03;5.896461662e-04
1.019740417e+03;6.694478798e-04
1.019984558e+03;1.919675153e-03
1.020228760e+03;2.770893741e-03
[EndOfFile]
