#Thorlabs FTS
[SpectrumHeader]
#Date;20251107
#Time;17593123
#GMTTime;20593123
#Instrument;0
#InstrModel;CCS200
#Series;0
#InterferometerSerial;M00311012
#Type;emission
#ChannelIndex;0
#XAxisUnit;nm_air
#YAxisUnit;intensity
#Average;1
#RollingAverage;0
#SpectrumSmooth;0
#SSmoothParam1;0
#SSmoothParam2;0
#SSmoothParam3;0
#SSmoothParam4;0
#IntegrationTime;0.145000
#TriggerMode;0
#AirMeasureOpt;0
#AirTemp;0.00
#AirPressure;0.00
#AirRelHum;0.00
#WnrMin;9799.037109
#WnrMax;50982.906250
#Length;3648
#Resolution;0.0000000000e+00
#ADC;0
#InstrStatus;0
#RefLaserLocked;0
#ChannelIndex;0
#AttenuationFilter;0
#Stitched;0
#ExcitationWavelength_nm;0
#SoftwareVersion;3.310000
#FirmwareVersion;
#Motor_FirmwareVersion;
#ReconstructionAlgorithms_SoftwareVersion;
#Sensor_FirmwareVersion;
#InstrSeriesIdentifier;MUN_CCS_SERIES
#RefGainIndex;0
#RefSignalInPerecent;0.0
#BBRefGainIndex;0
#BBRefSignalInPerecent;0.0
#AutogainStatus;0
#Name;
#Comment;""
#ExtComment;""
#Source;
[Data]
1.960870056e+02;1.620878757e-04
1.962940979e+02;-8.770507993e-04
1.965012054e+02;1.334449393e-03
1.967083282e+02;4.818228481e-04
1.969154510e+02;2.187076025e-03
1.971225891e+02;2.666678512e-03
1.973297424e+02;2.693323186e-03
1.975368958e+02;1.654184423e-03
1.977440643e+02;1.734118210e-03
1.979512482e+02;1.654184423e-03
1.981584320e+02;2.267009811e-03
1.983656311e+02;2.719967626e-03
1.985728455e+02;3.119636327e-03
1.987800751e+02;3.918973729e-03
1.989873047e+02;3.066347213e-03
1.991945496e+02;1.920630224e-03
1.994018097e+02;6.416903343e-04
1.996090698e+02;9.347807500e-04
1.998163452e+02;5.884011625e-04
2.000236359e+02;2.886496259e-05
2.002309418e+02;-5.839603837e-04
2.004382477e+02;-1.889544888e-03
2.006455688e+02;-7.771336095e-05
2.008528900e+02;-2.442420009e-05
2.010602417e+02;8.015577914e-04
2.012675934e+02;-1.576471113e-04
2.014749451e+02;2.346943598e-03
2.016823273e+02;6.150457775e-04
2.018897095e+02;4.212064203e-03
2.020971069e+02;1.041359035e-03
2.023045044e+02;2.400232712e-03
2.025119171e+02;2.799901413e-03
2.027193451e+02;1.494316966e-03
2.029267883e+02;4.958112724e-03
2.031342316e+02;3.219553619e-04
2.033416901e+02;6.949795061e-04
2.035491638e+02;2.053853124e-03
2.037566376e+02;-2.442420009e-05
2.039641418e+02;8.548469632e-04
2.041716309e+02;2.107142238e-03
2.043791504e+02;-3.441591689e-04
2.045866699e+02;-1.036918256e-03
2.047942047e+02;1.520961523e-03
2.050017548e+02;-7.771336095e-05
2.052093048e+02;1.041359035e-03
2.054168701e+02;3.219553619e-04
2.056244507e+02;5.617566057e-04
2.058320312e+02;5.550954302e-05
2.060396423e+02;-2.442420009e-05
2.062472534e+02;1.760762767e-03
2.064548645e+02;1.014714479e-03
2.066624908e+02;1.068003592e-03
2.068701324e+02;2.879835200e-03
2.070777893e+02;1.973919338e-03
2.072854462e+02;4.691666458e-03
2.074931335e+02;3.412726801e-03
2.077008057e+02;1.441027736e-03
2.079085083e+02;7.216240629e-04
2.081162109e+02;2.160431352e-03
2.083239288e+02;-1.043579468e-04
2.085316467e+02;5.084674340e-04
2.087393951e+02;-6.372495554e-04
2.089471436e+02;8.282024064e-04
2.091548920e+02;-9.036953561e-04
2.093626709e+02;1.520961523e-03
2.095704498e+02;-7.438278990e-04
2.097782440e+02;2.986413427e-03
2.099860382e+02;1.627539867e-03
2.101938629e+02;1.893985667e-03
2.104016724e+02;-8.504062425e-04
2.106095123e+02;4.291997757e-03
2.108173523e+02;1.787407324e-03
2.110252075e+02;2.240365138e-03
2.112330780e+02;2.346943598e-03
2.114409637e+02;3.332793014e-03
2.116488495e+02;2.293654485e-03
2.118567505e+02;3.545949701e-03
2.120646515e+02;9.081361350e-04
2.122725677e+02;1.707473537e-03
2.124804993e+02;-6.638941704e-04
2.126884460e+02;2.373588039e-03
2.128963928e+02;-7.438278990e-04
2.131043549e+02;-1.043579468e-04
2.133123322e+02;-5.306712701e-04
2.135203094e+02;1.041359035e-03
2.137283173e+02;8.282024064e-04
2.139363098e+02;-5.573158269e-04
2.141443329e+02;2.959768986e-03
2.143523560e+02;3.892329289e-03
2.145603943e+02;2.000564011e-03
2.147684479e+02;3.066347213e-03
2.149765015e+02;3.252859227e-03
2.151845703e+02;2.853190526e-03
2.153926544e+02;3.066347213e-03
2.156007538e+02;3.679172602e-03
2.158088531e+02;1.920630224e-03
2.160169678e+02;4.291997757e-03
2.162250824e+02;7.216240629e-04
2.164332123e+02;1.867341110e-03
2.166413574e+02;1.334449393e-03
2.168495178e+02;1.734118210e-03
2.170576782e+02;3.485999478e-04
2.172658691e+02;2.420216188e-04
2.174740448e+02;4.818228481e-04
2.176822510e+02;1.281160279e-03
2.178904572e+02;1.680828980e-03
2.180986786e+02;1.654184423e-03
2.183069000e+02;8.215412527e-05
2.185151520e+02;2.560100285e-03
2.187234039e+02;1.973919338e-03
2.189316559e+02;3.306148574e-03
2.191399384e+02;8.015577914e-04
2.193482208e+02;3.945618402e-03
2.195565186e+02;2.107142238e-03
2.197648163e+02;3.013058100e-03
2.199731293e+02;4.285336763e-04
2.201814575e+02;3.412726801e-03
2.203898010e+02;2.000564011e-03
2.205981445e+02;1.307804836e-03
2.208065033e+02;1.147937379e-03
2.210148773e+02;2.746612299e-03
2.212232513e+02;-5.106878234e-05
2.214316406e+02;1.620878757e-04
2.216400452e+02;-7.971170708e-04
2.218484650e+02;9.081361350e-04
2.220568848e+02;-1.276719500e-03
2.222653198e+02;8.282024064e-04
2.224737549e+02;3.219553619e-04
2.226822205e+02;1.787407324e-03
2.228906860e+02;6.150457775e-04
2.230991516e+02;1.254515722e-03
2.233076477e+02;3.679172602e-03
2.235161438e+02;2.959768986e-03
2.237246552e+02;1.814051881e-03
2.239331665e+02;3.013058100e-03
2.241416931e+02;3.199570114e-03
2.243502350e+02;2.560100285e-03
2.245587921e+02;8.015577914e-04
2.247673492e+02;2.187076025e-03
2.249759216e+02;-1.063562813e-03
2.251845093e+02;-7.971170708e-04
2.253930969e+02;-7.704724558e-04
2.256017151e+02;-2.642254403e-04
2.258103180e+02;-5.306712701e-04
2.260189514e+02;1.840696437e-03
2.262275848e+02;2.959768986e-03
2.264362335e+02;-2.109362686e-04
2.266448975e+02;2.799901413e-03
2.268535614e+02;4.478510004e-03
2.270622406e+02;8.015577914e-04
2.272709351e+02;2.240365138e-03
2.274796295e+02;1.574250637e-03
2.276883392e+02;1.574250637e-03
2.278970642e+02;4.052196629e-03
2.281058044e+02;3.572594374e-03
2.283145447e+02;1.307804836e-03
2.285233002e+02;4.478510004e-03
2.287320557e+02;1.147937379e-03
2.289408417e+02;1.494316966e-03
2.291496277e+02;-2.375808544e-04
2.293584137e+02;2.506810939e-03
2.295672302e+02;5.084674340e-04
2.297760468e+02;5.617566057e-04
2.299848785e+02;-1.842916827e-04
2.301937103e+02;4.018890904e-04
2.304025726e+02;1.014714479e-03
2.306114197e+02;2.000564011e-03
2.308202972e+02;2.220381703e-06
2.310291748e+02;1.840696437e-03
2.312380676e+02;5.617566057e-04
2.314469757e+02;3.199570114e-03
2.316558990e+02;3.092991887e-03
2.318648224e+02;2.906479640e-03
2.320737610e+02;1.600895310e-03
2.322826996e+02;3.812395502e-03
2.324916534e+02;9.614253067e-04
2.327006226e+02;1.973919338e-03
2.329096069e+02;1.547606080e-03
2.331185913e+02;-2.642254403e-04
2.333275909e+02;-1.569809858e-03
2.335366058e+02;1.387738623e-03
2.337456207e+02;-1.383297844e-03
2.339546661e+02;2.000564011e-03
2.341636963e+02;9.347807500e-04
2.343727570e+02;-6.905387272e-04
2.345818176e+02;4.018890904e-04
2.347908936e+02;1.041359035e-03
2.349999847e+02;5.884011625e-04
2.352090759e+02;1.973919338e-03
2.354181824e+02;1.087987039e-04
2.356273041e+02;6.683348911e-04
2.358364258e+02;2.480166499e-03
2.360455627e+02;3.146281000e-03
2.362547150e+02;-2.442420009e-05
2.364638824e+02;2.373588039e-03
2.366730499e+02;2.773256740e-03
2.368822327e+02;1.973919338e-03
2.370914154e+02;2.000564011e-03
2.373006287e+02;4.818228481e-04
2.375098419e+02;7.482686779e-04
2.377190552e+02;5.617566057e-04
2.379282990e+02;-7.704724558e-04
2.381375427e+02;2.187076025e-03
2.383468018e+02;2.886496259e-05
2.385560608e+02;-4.240929266e-04
2.387653503e+02;1.414383180e-03
2.389746246e+02;2.213720698e-03
2.391839294e+02;2.320298925e-03
2.393932343e+02;3.466015914e-03
2.396025543e+02;6.683348911e-04
2.398118896e+02;6.683348911e-04
2.400212402e+02;1.840696437e-03
2.402305908e+02;3.492660588e-03
2.404399414e+02;2.826546086e-03
2.406493225e+02;2.666678512e-03
2.408587036e+02;2.027208451e-03
2.410681000e+02;2.080497798e-03
2.412775116e+02;-3.441591689e-04
2.414869232e+02;2.686661901e-04
2.416963501e+02;-3.441591689e-04
2.419057922e+02;1.920630224e-03
2.421152344e+02;4.818228481e-04
2.423246918e+02;9.347807500e-04
2.425341644e+02;8.015577914e-04
2.427436371e+02;4.551782622e-04
2.429531403e+02;1.121292822e-03
2.431626434e+02;-6.106049987e-04
2.433721466e+02;5.084674340e-04
2.435816650e+02;1.254515722e-03
2.437911987e+02;2.480166499e-03
2.440007477e+02;4.078841303e-03
2.442103119e+02;1.707473537e-03
2.444198761e+02;3.492660588e-03
2.446294403e+02;1.520961523e-03
2.448390350e+02;3.092991887e-03
2.450486298e+02;3.013058100e-03
2.452582397e+02;1.147937379e-03
2.454678650e+02;-5.106878234e-05
2.456774902e+02;3.785750829e-03
2.458871307e+02;1.414383180e-03
2.460967865e+02;-7.971170708e-04
2.463064423e+02;-2.369147260e-03
2.465161133e+02;1.174581936e-03
2.467257996e+02;1.254515722e-03
2.469354858e+02;1.547606080e-03
2.471451874e+02;9.614253067e-04
2.473549042e+02;2.027208451e-03
2.475646362e+02;2.000564011e-03
2.477743683e+02;1.520961523e-03
2.479841156e+02;1.920630224e-03
2.481938782e+02;3.839040175e-03
2.484036407e+02;1.068003592e-03
2.486134186e+02;1.867341110e-03
2.488232117e+02;4.531799350e-03
2.490330048e+02;2.560100285e-03
2.492428284e+02;3.485999478e-04
2.494526367e+02;2.506810939e-03
2.496624756e+02;-1.063562813e-03
2.498723145e+02;-6.372495554e-04
2.500821686e+02;-2.109362686e-04
2.502920380e+02;-1.842916827e-04
2.505019073e+02;5.884011625e-04
2.507117920e+02;1.201226492e-03
2.509216919e+02;6.416903343e-04
2.511315918e+02;2.160431352e-03
2.513415222e+02;2.953107760e-04
2.515514374e+02;3.092991887e-03
2.517613831e+02;7.482686779e-04
2.519713287e+02;9.880699217e-04
2.521812897e+02;1.734118210e-03
2.523912659e+02;5.277847406e-03
2.526012421e+02;1.867341110e-03
2.528112335e+02;2.959768986e-03
2.530212402e+02;2.959768986e-03
2.532312469e+02;2.373588039e-03
2.534412689e+02;8.814915782e-04
2.536513062e+02;2.773256740e-03
2.538613586e+02;7.749132346e-04
2.540714111e+02;1.227871166e-03
2.542814789e+02;1.893985667e-03
2.544915466e+02;1.094648265e-03
2.547016449e+02;1.893985667e-03
2.549117432e+02;1.087987039e-04
2.551218567e+02;3.752445336e-04
2.553319702e+02;1.520961523e-03
2.555420990e+02;2.773256740e-03
2.557522430e+02;3.945618402e-03
2.559623871e+02;3.412726801e-03
2.561725464e+02;3.679172602e-03
2.563827209e+02;3.812395502e-03
2.565928955e+02;1.680828980e-03
2.568031006e+02;3.652527928e-03
2.570133057e+02;1.787407324e-03
2.572235107e+02;-1.576471113e-04
2.574337463e+02;1.094648265e-03
2.576439819e+02;1.121292822e-03
2.578542480e+02;-7.704724558e-04
2.580644836e+02;-1.676388201e-03
2.582747498e+02;2.686661901e-04
2.584850464e+02;-5.106878234e-05
2.586953430e+02;-2.642254403e-04
2.589056396e+02;5.084674340e-04
2.591159363e+02;2.160431352e-03
2.593262634e+02;1.387738623e-03
2.595365906e+02;1.814051881e-03
2.597469482e+02;3.839040175e-03
2.599573059e+02;1.094648265e-03
2.601676636e+02;2.613389399e-03
2.603780212e+02;2.480166499e-03
2.605884094e+02;3.119636327e-03
2.607988281e+02;9.614253067e-04
2.610092163e+02;6.949795061e-04
2.612196350e+02;3.092991887e-03
2.614300842e+02;-1.063562813e-03
2.616405029e+02;3.252859227e-03
2.618509521e+02;1.387738623e-03
2.620614319e+02;3.752445336e-04
2.622718811e+02;-3.708037548e-04
2.624823608e+02;2.267009811e-03
2.626928711e+02;3.219553619e-04
2.629033508e+02;1.014714479e-03
2.631138916e+02;-5.573158269e-04
2.633244019e+02;1.654184423e-03
2.635349426e+02;1.947274781e-03
2.637454834e+02;2.906479640e-03
2.639560242e+02;-5.106878234e-05
2.641665955e+02;2.986413427e-03
2.643771973e+02;4.318642430e-03
2.645877686e+02;3.039702540e-03
2.647983704e+02;1.520961523e-03
2.650089722e+02;2.480166499e-03
2.652196045e+02;3.865684615e-03
2.654302368e+02;3.519305028e-03
2.656408691e+02;5.084674340e-04
2.658515320e+02;-7.438278990e-04
2.660621948e+02;-1.090207486e-03
2.662728577e+02;5.084674340e-04
2.664835510e+02;-1.310025254e-04
2.666942444e+02;-1.543165301e-03
2.669049377e+02;-1.842916827e-04
2.671156616e+02;3.439371474e-03
2.673263855e+02;1.387738623e-03
2.675371094e+02;1.760762767e-03
2.677478638e+02;3.219553619e-04
2.679586182e+02;2.213720698e-03
2.681694031e+02;1.281160279e-03
2.683801575e+02;2.719967626e-03
2.685909729e+02;1.307804836e-03
2.688017578e+02;3.439371474e-03
2.690125732e+02;2.533455612e-03
2.692233887e+02;3.918973729e-03
2.694342346e+02;1.307804836e-03
2.696450806e+02;3.485999478e-04
2.698559265e+02;4.551782622e-04
2.700667725e+02;7.216240629e-04
2.702776489e+02;-1.063562813e-03
2.704885559e+02;7.749132346e-04
2.706994324e+02;4.285336763e-04
2.709103394e+02;5.351119908e-04
2.711212769e+02;-5.839603837e-04
2.713321838e+02;6.150457775e-04
2.715431213e+02;2.000564011e-03
2.717540894e+02;1.494316966e-03
2.719650269e+02;1.840696437e-03
2.721760254e+02;1.361094066e-03
2.723869934e+02;1.494316966e-03
2.725979919e+02;3.599238815e-03
2.728089905e+02;1.787407324e-03
2.730199890e+02;2.426877385e-03
2.732310181e+02;1.254515722e-03
2.734420471e+02;2.133786911e-03
2.736531067e+02;-7.438278990e-04
2.738641663e+02;2.153770329e-04
2.740752258e+02;-1.036918256e-03
2.742862854e+02;2.267009811e-03
2.744973755e+02;-5.306712701e-04
2.747084961e+02;1.547606080e-03
2.749195862e+02;1.121292822e-03
2.751307068e+02;2.906479640e-03
2.753418274e+02;1.014714479e-03
2.755529785e+02;2.213720698e-03
2.757641296e+02;1.947274781e-03
2.759752808e+02;1.414383180e-03
2.761864624e+02;2.160431352e-03
2.763976440e+02;1.947274781e-03
2.766088562e+02;2.133786911e-03
2.768200378e+02;3.732461715e-03
2.770312500e+02;4.585088231e-03
2.772424927e+02;3.625883488e-03
2.774537354e+02;6.416903343e-04
2.776649780e+02;2.187076025e-03
2.778762207e+02;5.884011625e-04
2.780874939e+02;2.746612299e-03
2.782987671e+02;-1.996123232e-03
2.785100708e+02;3.485999478e-04
2.787213745e+02;-1.043579468e-04
2.789326782e+02;5.550954302e-05
2.791439819e+02;5.351119908e-04
2.793553162e+02;2.293654485e-03
2.795666504e+02;2.953107760e-04
2.797780151e+02;3.652527928e-03
2.799893799e+02;2.346943598e-03
2.802007446e+02;5.351119908e-04
2.804121399e+02;1.441027736e-03
2.806235352e+02;1.840696437e-03
2.808349304e+02;8.282024064e-04
2.810463562e+02;2.906479640e-03
2.812577820e+02;1.334449393e-03
2.814692078e+02;1.973919338e-03
2.816806641e+02;-1.063562813e-03
2.818921204e+02;-9.569845279e-04
2.821036072e+02;-1.649743645e-03
2.823150635e+02;1.654184423e-03
2.825265808e+02;-1.889544888e-03
2.827380676e+02;2.080497798e-03
2.829495850e+02;2.586744726e-03
2.831611023e+02;1.334449393e-03
2.833726501e+02;4.818228481e-04
2.835841675e+02;3.039702540e-03
2.837957458e+02;1.973919338e-03
2.840072937e+02;1.467672409e-03
2.842188721e+02;2.959768986e-03
2.844304504e+02;2.533455612e-03
2.846420593e+02;3.599238815e-03
2.848536682e+02;2.986413427e-03
2.850652771e+02;1.334449393e-03
2.852769165e+02;2.853190526e-03
2.854885559e+02;-6.372495554e-04
2.857001953e+02;1.600895310e-03
2.859118652e+02;-2.442420009e-05
2.861235352e+02;-1.383297844e-03
2.863352051e+02;1.201226492e-03
2.865469055e+02;6.683348911e-04
2.867586060e+02;-5.306712701e-04
2.869703064e+02;1.361094066e-03
2.871820374e+02;9.880699217e-04
2.873937683e+02;2.000564011e-03
2.876055298e+02;-1.576471113e-04
2.878172913e+02;2.506810939e-03
2.880290527e+02;5.351119908e-04
2.882408142e+02;2.480166499e-03
2.884526062e+02;2.240365138e-03
2.886643982e+02;3.839040175e-03
2.888762207e+02;1.334449393e-03
2.890880432e+02;2.453521825e-03
2.892998657e+02;1.574250637e-03
2.895116882e+02;3.146281000e-03
2.897235413e+02;1.361094066e-03
2.899354248e+02;4.818228481e-04
2.901472778e+02;-4.507375124e-04
2.903591614e+02;1.414383180e-03
2.905710754e+02;3.752445336e-04
2.907829590e+02;1.068003592e-03
2.909948730e+02;1.281160279e-03
2.912068176e+02;1.840696437e-03
2.914187317e+02;9.880699217e-04
2.916306763e+02;2.746612299e-03
2.918426514e+02;2.293654485e-03
2.920546265e+02;8.282024064e-04
2.922666016e+02;2.426877385e-03
2.924785767e+02;2.000564011e-03
2.926905823e+02;1.361094066e-03
2.929025879e+02;1.867341110e-03
2.931146240e+02;3.679172602e-03
2.933266296e+02;1.467672409e-03
2.935386963e+02;1.254515722e-03
2.937507324e+02;2.886496259e-05
2.939627991e+02;1.620878757e-04
2.941748657e+02;2.240365138e-03
2.943869629e+02;4.018890904e-04
2.945990601e+02;3.226214787e-03
2.948111572e+02;-9.569845279e-04
2.950232849e+02;3.412726801e-03
2.952354126e+02;6.416903343e-04
2.954475403e+02;2.560100285e-03
2.956596680e+02;1.094648265e-03
2.958718262e+02;1.600895310e-03
2.960840149e+02;1.627539867e-03
2.962962036e+02;1.600895310e-03
2.965083923e+02;1.920630224e-03
2.967205811e+02;1.494316966e-03
2.969328003e+02;1.600895310e-03
2.971450195e+02;2.187076025e-03
2.973572388e+02;2.346943598e-03
2.975694885e+02;3.172925441e-03
2.977817383e+02;-3.974483407e-04
2.979940186e+02;1.893985667e-03
2.982062683e+02;3.219553619e-04
2.984185791e+02;1.414383180e-03
2.986308594e+02;2.220381703e-06
2.988431702e+02;1.201226492e-03
2.990554810e+02;2.187076025e-03
2.992678223e+02;2.826546086e-03
2.994801636e+02;1.520961523e-03
2.996925049e+02;2.400232712e-03
2.999048462e+02;2.666678512e-03
3.001172180e+02;1.680828980e-03
3.003296204e+02;1.121292822e-03
3.005419922e+02;2.533455612e-03
3.007543945e+02;1.281160279e-03
3.009668274e+02;1.840696437e-03
3.011792297e+02;2.933124313e-03
3.013916626e+02;6.683348911e-04
3.016041260e+02;8.282024064e-04
3.018165588e+02;1.281160279e-03
3.020290222e+02;1.887324470e-04
3.022415161e+02;8.015577914e-04
3.024539795e+02;1.147937379e-03
3.026665039e+02;1.947274781e-03
3.028789978e+02;1.814051881e-03
3.030915222e+02;6.683348911e-04
3.033040466e+02;5.884011625e-04
3.035165710e+02;3.752445336e-04
3.037291260e+02;2.000564011e-03
3.039416809e+02;3.492660588e-03
3.041542664e+02;2.160431352e-03
3.043668518e+02;1.947274781e-03
3.045794373e+02;2.933124313e-03
3.047920532e+02;2.027208451e-03
3.050046387e+02;1.547606080e-03
3.052172852e+02;6.150457775e-04
3.054299011e+02;1.121292822e-03
3.056425476e+02;1.973919338e-03
3.058552246e+02;-9.569845279e-04
3.060678711e+02;1.814051881e-03
3.062805481e+02;1.734118210e-03
3.064932556e+02;1.734118210e-03
3.067059326e+02;1.620878757e-04
3.069186401e+02;2.293654485e-03
3.071313782e+02;6.949795061e-04
3.073440857e+02;1.174581936e-03
3.075568237e+02;1.887324470e-04
3.077695923e+02;5.810739007e-03
3.079823608e+02;3.306148574e-03
3.081951294e+02;5.171269178e-03
3.084078979e+02;1.147937379e-03
3.086206970e+02;2.480166499e-03
3.088334961e+02;3.918973729e-03
3.090463257e+02;2.773256740e-03
3.092591248e+02;-6.106049987e-04
3.094719849e+02;2.586744726e-03
3.096848145e+02;4.018890904e-04
3.098976746e+02;1.707473537e-03
3.101105347e+02;-6.638941704e-04
3.103234253e+02;1.041359035e-03
3.105363159e+02;2.906479640e-03
3.107492065e+02;3.485999478e-04
3.109621277e+02;2.400232712e-03
3.111750183e+02;7.482686779e-04
3.113879700e+02;1.654184423e-03
3.116008911e+02;2.906479640e-03
3.118138428e+02;-3.708037548e-04
3.120268250e+02;3.519305028e-03
3.122397766e+02;1.973919338e-03
3.124527588e+02;2.533455612e-03
3.126657715e+02;2.187076025e-03
3.128787842e+02;1.973919338e-03
3.130917969e+02;1.920630224e-03
3.133048096e+02;2.187076025e-03
3.135178528e+02;1.547606080e-03
3.137308960e+02;2.666678512e-03
3.139439392e+02;5.084674340e-04
3.141570129e+02;1.620878757e-04
3.143700867e+02;5.084674340e-04
3.145831909e+02;1.307804836e-03
3.147962952e+02;6.150457775e-04
3.150093994e+02;1.254515722e-03
3.152225037e+02;-2.442420009e-05
3.154356384e+02;2.799901413e-03
3.156487732e+02;1.734118210e-03
3.158619385e+02;2.640033839e-03
3.160751038e+02;4.018890904e-04
3.162882690e+02;3.599238815e-03
3.165014648e+02;3.092991887e-03
3.167146606e+02;1.121292822e-03
3.169278564e+02;1.068003592e-03
3.171410828e+02;1.281160279e-03
3.173543091e+02;1.867341110e-03
3.175675354e+02;1.600895310e-03
3.177807922e+02;1.174581936e-03
3.179940491e+02;2.799901413e-03
3.182073059e+02;-1.043579468e-04
3.184205933e+02;3.039702540e-03
3.186338806e+02;-3.175145830e-04
3.188471680e+02;7.482686779e-04
3.190604858e+02;1.334449393e-03
3.192738037e+02;1.307804836e-03
3.194871521e+02;1.307804836e-03
3.197004700e+02;1.387738623e-03
3.199138184e+02;2.160431352e-03
3.201271973e+02;2.213720698e-03
3.203405762e+02;3.013058100e-03
3.205539551e+02;1.520961523e-03
3.207673340e+02;1.147937379e-03
3.209807434e+02;3.226214787e-03
3.211941833e+02;1.654184423e-03
3.214075928e+02;2.933124313e-03
3.216210327e+02;1.887324470e-04
3.218344727e+02;1.840696437e-03
3.220479431e+02;1.414383180e-03
3.222614136e+02;2.986413427e-03
3.224748840e+02;-2.109362686e-04
3.226883850e+02;3.332793014e-03
3.229018860e+02;5.884011625e-04
3.231153870e+02;2.560100285e-03
3.233289185e+02;1.973919338e-03
3.235424500e+02;-7.171832840e-04
3.237559814e+02;3.039702540e-03
3.239695435e+02;2.693323186e-03
3.241831055e+02;2.986413427e-03
3.243966675e+02;1.334449393e-03
3.246102600e+02;7.482686779e-04
3.248238525e+02;3.466015914e-03
3.250374451e+02;1.068003592e-03
3.252510681e+02;6.150457775e-04
3.254646912e+02;-5.106878234e-05
3.256783447e+02;8.548469632e-04
3.258919983e+02;1.281160279e-03
3.261056519e+02;2.686661901e-04
3.263193054e+02;1.760762767e-03
3.265329895e+02;4.818228481e-04
3.267466736e+02;7.482686779e-04
3.269603882e+02;2.480166499e-03
3.271741028e+02;2.107142238e-03
3.273878174e+02;2.187076025e-03
3.276015625e+02;3.519305028e-03
3.278152771e+02;3.092991887e-03
3.280290527e+02;2.586744726e-03
3.282427979e+02;3.066347213e-03
3.284565735e+02;3.972263075e-03
3.286703796e+02;1.574250637e-03
3.288841553e+02;5.351119908e-04
3.290979614e+02;1.840696437e-03
3.293117981e+02;2.000564011e-03
3.295256042e+02;2.686661901e-04
3.297394409e+02;1.121292822e-03
3.299533081e+02;-5.106878234e-05
3.301671448e+02;-6.905387272e-04
3.303810425e+02;5.084674340e-04
3.305949097e+02;-9.036953561e-04
3.308088074e+02;4.285336763e-04
3.310227051e+02;2.107142238e-03
3.312366028e+02;2.686661901e-04
3.314505310e+02;8.215412527e-05
3.316644592e+02;4.052196629e-03
3.318784180e+02;1.887324470e-04
3.320923767e+02;2.080497798e-03
3.323063354e+02;1.121292822e-03
3.325202942e+02;2.853190526e-03
3.327342834e+02;1.627539867e-03
3.329482727e+02;1.887324470e-04
3.331622925e+02;4.818228481e-04
3.333763123e+02;2.160431352e-03
3.335903320e+02;-2.642254403e-04
3.338043823e+02;-1.463231631e-03
3.340184326e+02;-7.771336095e-05
3.342324829e+02;-6.638941704e-04
3.344465332e+02;5.351119908e-04
3.346606140e+02;1.354432898e-04
3.348747253e+02;4.018890904e-04
3.350888062e+02;2.267009811e-03
3.353029175e+02;2.480166499e-03
3.355170593e+02;1.654184423e-03
3.357311707e+02;2.879835200e-03
3.359453125e+02;3.252859227e-03
3.361594849e+02;1.680828980e-03
3.363736572e+02;4.824889824e-03
3.365878296e+02;8.548469632e-04
3.368020020e+02;3.839040175e-03
3.370162048e+02;-1.090207486e-03
3.372304077e+02;1.574250637e-03
3.374446106e+02;2.346943598e-03
3.376588440e+02;-1.436586957e-03
3.378730774e+02;-6.905387272e-04
3.380873413e+02;1.547606080e-03
3.383016052e+02;8.282024064e-04
3.385158691e+02;1.734118210e-03
3.387301331e+02;2.267009811e-03
3.389444275e+02;1.201226492e-03
3.391587524e+02;2.027208451e-03
3.393730469e+02;2.293654485e-03
3.395873718e+02;3.332793014e-03
3.398016968e+02;3.679172602e-03
3.400160522e+02;2.426877385e-03
3.402304077e+02;2.107142238e-03
3.404447632e+02;2.053853124e-03
3.406591492e+02;1.920630224e-03
3.408735352e+02;2.533455612e-03
3.410879211e+02;-4.240929266e-04
3.413023376e+02;2.719967626e-03
3.415167542e+02;1.707473537e-03
3.417311707e+02;-5.573158269e-04
3.419456177e+02;4.551782622e-04
3.421600647e+02;-3.974483407e-04
3.423745117e+02;7.216240629e-04
3.425889893e+02;9.347807500e-04
3.428034668e+02;4.052196629e-03
3.430179443e+02;1.201226492e-03
3.432324524e+02;2.027208451e-03
3.434469604e+02;1.254515722e-03
3.436614990e+02;1.600895310e-03
3.438760376e+02;2.506810939e-03
3.440905762e+02;2.133786911e-03
3.443051147e+02;2.480166499e-03
3.445196838e+02;2.746612299e-03
3.447342529e+02;-2.908700262e-04
3.449488525e+02;1.760762767e-03
3.451634521e+02;-3.441591689e-04
3.453780518e+02;1.893985667e-03
3.455926514e+02;1.467672409e-03
3.458072815e+02;1.654184423e-03
3.460219116e+02;-1.543165301e-03
3.462365723e+02;1.973919338e-03
3.464512329e+02;-2.908700262e-04
3.466658936e+02;-4.507375124e-04
3.468805847e+02;-5.106878234e-05
3.470952759e+02;2.986413427e-03
3.473099670e+02;1.734118210e-03
3.475246887e+02;3.492660588e-03
3.477394104e+02;1.494316966e-03
3.479541321e+02;1.354432898e-04
3.481688843e+02;2.213720698e-03
3.483836365e+02;3.306148574e-03
3.485983887e+02;9.347807500e-04
3.488131714e+02;2.213720698e-03
3.490279541e+02;2.640033839e-03
3.492427673e+02;2.613389399e-03
3.494575500e+02;-9.303399711e-04
3.496723633e+02;5.884011625e-04
3.498872070e+02;-2.109362686e-04
3.501020508e+02;6.150457775e-04
3.503168945e+02;-3.441591689e-04
3.505317383e+02;1.654184423e-03
3.507466125e+02;1.334449393e-03
3.509614868e+02;2.693323186e-03
3.511763916e+02;2.640033839e-03
3.513912964e+02;-9.036953561e-04
3.516062012e+02;1.121292822e-03
3.518211060e+02;3.146281000e-03
3.520360413e+02;1.361094066e-03
3.522509766e+02;1.354432898e-04
3.524659424e+02;3.066347213e-03
3.526809082e+02;2.320298925e-03
3.528958740e+02;1.147937379e-03
3.531108704e+02;1.893985667e-03
3.533258667e+02;4.551782622e-04
3.535408630e+02;9.347807500e-04
3.537558899e+02;-1.409942401e-03
3.539709167e+02;1.574250637e-03
3.541859436e+02;6.416903343e-04
3.544010010e+02;2.107142238e-03
3.546160583e+02;6.683348911e-04
3.548311157e+02;3.652527928e-03
3.550462036e+02;8.282024064e-04
3.552612915e+02;9.880699217e-04
3.554763794e+02;2.320298925e-03
3.556914978e+02;4.105485976e-03
3.559066162e+02;3.332793014e-03
3.561217651e+02;2.560100285e-03
3.563368835e+02;4.585088231e-03
3.565520325e+02;1.068003592e-03
3.567672119e+02;1.014714479e-03
3.569823914e+02;3.752445336e-04
3.571975708e+02;7.482686779e-04
3.574127502e+02;-3.974483407e-04
3.576279602e+02;6.683348911e-04
3.578431702e+02;1.467672409e-03
3.580584106e+02;2.153770329e-04
3.582736511e+02;2.240365138e-03
3.584888916e+02;1.354432898e-04
3.587041626e+02;1.281160279e-03
3.589194031e+02;6.949795061e-04
3.591347046e+02;1.307804836e-03
3.593499756e+02;1.840696437e-03
3.595652771e+02;3.625883488e-03
3.597806091e+02;2.953107760e-04
3.599959106e+02;4.638377577e-03
3.602112427e+02;2.773256740e-03
3.604265747e+02;7.482686779e-04
3.606419373e+02;2.613389399e-03
3.608572998e+02;3.306148574e-03
3.610726624e+02;9.880699217e-04
3.612880554e+02;8.215412527e-05
3.615034485e+02;-1.623099088e-03
3.617188416e+02;3.599238815e-03
3.619342651e+02;8.814915782e-04
3.621496887e+02;1.361094066e-03
3.623651428e+02;-3.175145830e-04
3.625805664e+02;4.551782622e-04
3.627960510e+02;1.787407324e-03
3.630115051e+02;1.920630224e-03
3.632269897e+02;1.627539867e-03
3.634424744e+02;2.160431352e-03
3.636579590e+02;1.361094066e-03
3.638734741e+02;3.785750829e-03
3.640889893e+02;1.307804836e-03
3.643045349e+02;4.851534031e-03
3.645200806e+02;4.818228481e-04
3.647356262e+02;2.613389399e-03
3.649511719e+02;1.121292822e-03
3.651667480e+02;4.818228481e-04
3.653823242e+02;1.121292822e-03
3.655979309e+02;-5.106878234e-05
3.658135376e+02;1.494316966e-03
3.660291443e+02;8.015577914e-04
3.662447815e+02;2.160431352e-03
3.664604187e+02;9.081361350e-04
3.666760559e+02;-3.974483407e-04
3.668917236e+02;2.613389399e-03
3.671073914e+02;2.826546086e-03
3.673230591e+02;2.959768986e-03
3.675387268e+02;1.600895310e-03
3.677544250e+02;1.467672409e-03
3.679701538e+02;2.240365138e-03
3.681858826e+02;3.732461715e-03
3.684016113e+02;3.172925441e-03
3.686173401e+02;2.426877385e-03
3.688330994e+02;2.560100285e-03
3.690488586e+02;3.998907749e-03
3.692646179e+02;-6.638941704e-04
3.694804077e+02;3.972263075e-03
3.696961975e+02;2.293654485e-03
3.699119873e+02;1.467672409e-03
3.701278076e+02;-1.569809858e-03
3.703436279e+02;2.613389399e-03
3.705594788e+02;1.467672409e-03
3.707752991e+02;1.254515722e-03
3.709911804e+02;-5.573158269e-04
3.712070312e+02;4.478510004e-03
3.714229126e+02;2.586744726e-03
3.716387939e+02;2.799901413e-03
3.718547058e+02;2.187076025e-03
3.720706177e+02;2.506810939e-03
3.722865295e+02;1.814051881e-03
3.725024414e+02;3.146281000e-03
3.727183838e+02;2.773256740e-03
3.729343262e+02;3.519305028e-03
3.731502991e+02;2.346943598e-03
3.733662720e+02;2.886496259e-05
3.735822449e+02;1.041359035e-03
3.737982483e+02;2.853190526e-03
3.740142517e+02;1.014714479e-03
3.742302551e+02;3.679172602e-03
3.744462891e+02;1.814051881e-03
3.746623230e+02;4.451865330e-03
3.748783569e+02;3.252859227e-03
3.750944214e+02;2.666678512e-03
3.753104858e+02;1.814051881e-03
3.755265503e+02;4.798245151e-03
3.757426453e+02;1.893985667e-03
3.759587402e+02;6.263697054e-03
3.761748352e+02;4.052196629e-03
3.763909607e+02;4.238708876e-03
3.766070862e+02;2.187076025e-03
3.768232117e+02;2.906479640e-03
3.770393677e+02;3.066347213e-03
3.772555237e+02;3.439371474e-03
3.774717102e+02;4.265353549e-03
3.776878662e+02;3.359437687e-03
3.779040833e+02;-5.573158269e-04
3.781202698e+02;3.545949701e-03
3.783364868e+02;2.666678512e-03
3.785527039e+02;3.359437687e-03
3.787689514e+02;1.947274781e-03
3.789851685e+02;2.666678512e-03
3.792014465e+02;2.746612299e-03
3.794176941e+02;4.318642430e-03
3.796339722e+02;3.519305028e-03
3.798502502e+02;4.398576450e-03
3.800665588e+02;4.771600477e-03
3.802828674e+02;5.837383680e-03
3.804991760e+02;1.973919338e-03
3.807154846e+02;5.224558525e-03
3.809318237e+02;2.027208451e-03
3.811481934e+02;3.386082128e-03
3.813645325e+02;2.480166499e-03
3.815809021e+02;3.918973729e-03
3.817973022e+02;1.041359035e-03
3.820136719e+02;2.719967626e-03
3.822300720e+02;2.613389399e-03
3.824465027e+02;3.812395502e-03
3.826629028e+02;9.081361350e-04
3.828793335e+02;3.679172602e-03
3.830957947e+02;5.011401605e-03
3.833122253e+02;5.544293206e-03
3.835286865e+02;2.906479640e-03
3.837451782e+02;4.904823378e-03
3.839616394e+02;5.704160780e-03
3.841781616e+02;6.423564628e-03
3.843946533e+02;5.677516107e-03
3.846111755e+02;4.984756932e-03
3.848276978e+02;3.199570114e-03
3.850442200e+02;3.386082128e-03
3.852607727e+02;4.478510004e-03
3.854773254e+02;5.224558525e-03
3.856939087e+02;4.551782622e-04
3.859104614e+02;3.279503901e-03
3.861270752e+02;2.640033839e-03
3.863436584e+02;1.734118210e-03
3.865602722e+02;3.839040175e-03
3.867768860e+02;3.545949701e-03
3.869935303e+02;4.691666458e-03
3.872101746e+02;6.450208835e-03
3.874268188e+02;4.611732904e-03
3.876434631e+02;6.103829481e-03
3.878601379e+02;6.876522209e-03
3.880768127e+02;6.183763035e-03
3.882935181e+02;6.476853509e-03
3.885102234e+02;6.396919955e-03
3.887269287e+02;4.531799350e-03
3.889436646e+02;9.647558443e-03
3.891604004e+02;3.279503901e-03
3.893771362e+02;5.251202732e-03
3.895939026e+02;6.610076409e-03
3.898106689e+02;3.252859227e-03
3.900274353e+02;5.517648533e-03
3.902442322e+02;7.142968010e-03
3.904610291e+02;3.466015914e-03
3.906778259e+02;5.304492079e-03
3.908946533e+02;2.719967626e-03
3.911114807e+02;6.583431736e-03
3.913283081e+02;4.025551956e-03
3.915451660e+02;5.517648533e-03
3.917620239e+02;6.823233329e-03
3.919788818e+02;5.437714979e-03
3.921957703e+02;5.064690951e-03
3.924126587e+02;7.595926058e-03
3.926295776e+02;7.782438304e-03
3.928464661e+02;9.088022634e-03
3.930634155e+02;7.222902030e-03
3.932803345e+02;7.089679129e-03
3.934972839e+02;4.958112724e-03
3.937142334e+02;7.622570731e-03
3.939311829e+02;6.023895927e-03
3.941481628e+02;5.917317234e-03
3.943651428e+02;6.450208835e-03
3.945821533e+02;4.824889824e-03
3.947991638e+02;5.064690951e-03
3.950161743e+02;7.489347830e-03
3.952332153e+02;6.556787528e-03
3.954502258e+02;8.368618786e-03
3.956672974e+02;9.514335543e-03
3.958843384e+02;8.235395886e-03
3.961014099e+02;7.782438304e-03
3.963184814e+02;9.967293590e-03
3.965355835e+02;8.821576834e-03
3.967526855e+02;1.015380584e-02
3.969697876e+02;8.528486826e-03
3.971869202e+02;8.155462332e-03
3.974040527e+02;5.890673026e-03
3.976211853e+02;7.169612683e-03
3.978383484e+02;5.064690951e-03
3.980555115e+02;8.048883639e-03
3.982726746e+02;6.823233329e-03
3.984898682e+02;6.210407708e-03
3.987070618e+02;7.729148958e-03
3.989242554e+02;8.528486826e-03
3.991414795e+02;6.183763035e-03
3.993587036e+02;8.821576834e-03
3.995759277e+02;8.395263925e-03
3.997931824e+02;8.048883639e-03
4.000104370e+02;9.514335543e-03
4.002276917e+02;8.448552340e-03
4.004449768e+02;9.487691335e-03
4.006622620e+02;1.265839674e-02
4.008795776e+02;8.235395886e-03
4.010968933e+02;1.183241419e-02
4.013142090e+02;6.290341727e-03
4.015315247e+02;1.007387228e-02
4.017488708e+02;8.315329440e-03
4.019662170e+02;1.076663099e-02
4.021835938e+02;8.288685232e-03
4.024009399e+02;8.661709726e-03
4.026183472e+02;8.022239432e-03
4.028357239e+02;1.020709518e-02
4.030531311e+02;9.914004244e-03
4.032705383e+02;8.475197479e-03
4.034879761e+02;1.036696229e-02
4.037054138e+02;1.143274549e-02
4.039228516e+02;1.111301035e-02
4.041402893e+02;1.185905933e-02
4.043577576e+02;1.172583643e-02
4.045752563e+02;1.132616773e-02
4.047927246e+02;9.141311981e-03
4.050102234e+02;1.199228223e-02
4.052277222e+02;9.194601327e-03
4.054452515e+02;8.635064587e-03
4.056627808e+02;8.928155527e-03
4.058803101e+02;1.079327613e-02
4.060978699e+02;9.194601327e-03
4.063154297e+02;8.821576834e-03
4.065329895e+02;9.807426482e-03
4.067505798e+02;9.860715829e-03
4.069681702e+02;1.247188449e-02
4.071857605e+02;1.036696229e-02
4.074033813e+02;1.348437835e-02
4.076210022e+02;1.145939063e-02
4.078386230e+02;1.391069219e-02
4.080562744e+02;1.204557158e-02
4.082739258e+02;1.329786610e-02
4.084915771e+02;1.153932419e-02
4.087092590e+02;1.428371575e-02
4.089269409e+02;1.289819740e-02
4.091446533e+02;1.638863795e-02
4.093623352e+02;1.036696229e-02
4.095800781e+02;1.452351734e-02
4.097977905e+02;1.018045004e-02
4.100155334e+02;1.225872803e-02
4.102332764e+02;1.292484254e-02
4.104510193e+02;1.263175160e-02
4.106687927e+02;1.164590195e-02
4.108865662e+02;1.279161964e-02
4.111043701e+02;1.356431190e-02
4.113221741e+02;1.247188449e-02
4.115399780e+02;1.300477609e-02
4.117577820e+02;1.436364930e-02
4.119756165e+02;1.316464320e-02
4.121934509e+02;1.625541411e-02
4.124113159e+02;1.606890373e-02
4.126291809e+02;1.542943250e-02
4.128470459e+02;1.494983025e-02
4.130649414e+02;1.734784245e-02
4.132828369e+02;1.478996314e-02
4.135007324e+02;1.588239148e-02
4.137186279e+02;1.391069219e-02
4.139365540e+02;1.561594475e-02
4.141545105e+02;1.385740284e-02
4.143724365e+02;1.396398060e-02
4.145903931e+02;1.223208290e-02
4.148083801e+02;1.569587924e-02
4.150263367e+02;1.391069219e-02
4.152443237e+02;1.764093339e-02
4.154623413e+02;1.750770956e-02
4.156803284e+02;1.710804179e-02
4.158983459e+02;1.915967464e-02
4.161163940e+02;1.796066761e-02
4.163344116e+02;1.766757853e-02
4.165524597e+02;2.083828300e-02
4.167705383e+02;1.876000501e-02
4.169885864e+02;1.822711341e-02
4.172066650e+02;1.777415536e-02
4.174247742e+02;1.620212570e-02
4.176428833e+02;1.702810824e-02
4.178609924e+02;1.540278830e-02
4.180791016e+02;1.732119732e-02
4.182972412e+02;1.902645081e-02
4.185153809e+02;1.764093339e-02
4.187335205e+02;1.830704696e-02
4.189516907e+02;1.830704696e-02
4.191698608e+02;1.939947531e-02
4.193880615e+02;1.785408892e-02
4.196062622e+02;1.958598755e-02
4.198244629e+02;2.009223402e-02
4.200426636e+02;1.955934241e-02
4.202608948e+02;1.931954175e-02
4.204791260e+02;2.217051201e-02
4.206973877e+02;2.131788619e-02
4.209156494e+02;1.953269914e-02
4.211339111e+02;2.416885644e-02
4.213521729e+02;2.078499459e-02
4.215704651e+02;2.033203654e-02
4.217887573e+02;1.993236691e-02
4.220070801e+02;2.019881271e-02
4.222254028e+02;1.923960820e-02
4.224437256e+02;2.038532495e-02
4.226620789e+02;2.001230046e-02
4.228804321e+02;1.969256625e-02
4.230987854e+02;1.820047013e-02
4.233171692e+02;2.339616232e-02
4.235355225e+02;2.294320427e-02
4.237539368e+02;2.198399976e-02
4.239723206e+02;2.480832487e-02
4.241907349e+02;2.105144039e-02
4.244091797e+02;2.547444031e-02
4.246275940e+02;2.526128292e-02
4.248460388e+02;2.542115003e-02
4.250645142e+02;2.323629521e-02
4.252829590e+02;2.459516935e-02
4.255014343e+02;2.310307324e-02
4.257199402e+02;2.555437386e-02
4.259384155e+02;2.376918681e-02
4.261569214e+02;2.384912036e-02
4.263754578e+02;2.241031267e-02
4.265939941e+02;2.182413265e-02
4.268125305e+02;2.387576550e-02
4.270310669e+02;2.350274101e-02
4.272496338e+02;2.478168160e-02
4.274682007e+02;2.259682491e-02
4.276867676e+02;2.536786161e-02
4.279053650e+02;2.741949446e-02
4.281239624e+02;2.520799451e-02
4.283425903e+02;2.683331445e-02
4.285611877e+02;2.736620605e-02
4.287798157e+02;2.813889831e-02
4.289984741e+02;2.888494730e-02
4.292171326e+02;2.920468152e-02
4.294357910e+02;2.776587382e-02
4.296544495e+02;2.715304866e-02
4.298731384e+02;2.640699968e-02
4.300918274e+02;2.877836861e-02
4.303105469e+02;2.648693509e-02
4.305292664e+02;2.821883187e-02
4.307479858e+02;2.843198925e-02
4.309667053e+02;2.843198925e-02
4.311854553e+02;2.880501188e-02
4.314042358e+02;3.021717630e-02
4.316229858e+02;2.899152413e-02
4.318417664e+02;2.869843505e-02
4.320605469e+02;2.965763956e-02
4.322793579e+02;3.003066406e-02
4.324981689e+02;3.165598214e-02
4.327169800e+02;3.011059761e-02
4.329358215e+02;3.216223046e-02
4.331546631e+02;3.122966923e-02
4.333735046e+02;3.210894018e-02
4.335923462e+02;3.253525496e-02
4.338112183e+02;3.096322343e-02
4.340301208e+02;3.309478983e-02
4.342489929e+02;3.248196468e-02
4.344678955e+02;3.136289120e-02
4.346868286e+02;3.024381958e-02
4.349057312e+02;3.144282475e-02
4.351246643e+02;3.245532140e-02
4.353436279e+02;3.418721631e-02
4.355625610e+02;3.173591569e-02
4.357815247e+02;3.511977941e-02
4.360005188e+02;3.653194010e-02
4.362194824e+02;3.570595756e-02
4.364384766e+02;3.218887374e-02
4.366575012e+02;3.554609045e-02
4.368765259e+02;3.541287035e-02
4.370955505e+02;3.645200655e-02
4.373145752e+02;3.767765686e-02
4.375336304e+02;3.794410452e-02
4.377526855e+02;3.597240523e-02
4.379717407e+02;3.733127937e-02
4.381908264e+02;3.794410452e-02
4.384099121e+02;3.759772331e-02
4.386290283e+02;3.440037370e-02
4.388481140e+02;3.661187366e-02
4.390672607e+02;3.634542972e-02
4.392863770e+02;3.719805554e-02
4.395055237e+02;3.797074780e-02
4.397246704e+02;3.722469881e-02
4.399438171e+02;3.943620250e-02
4.401629944e+02;4.015560448e-02
4.403821716e+02;3.679838777e-02
4.406013794e+02;4.023553804e-02
4.408205872e+02;4.186085612e-02
4.410397949e+02;4.170098901e-02
4.412590332e+02;4.234046116e-02
4.414782410e+02;4.167434573e-02
4.416975098e+02;3.978257999e-02
4.419167480e+02;4.385920241e-02
4.421360168e+02;4.119474441e-02
4.423552856e+02;4.567103088e-02
4.425745850e+02;4.321973026e-02
4.427938843e+02;4.274012893e-02
4.430131836e+02;4.380591214e-02
4.432325134e+02;4.311315343e-02
4.434518433e+02;4.511149600e-02
4.436711731e+02;4.500491917e-02
4.438905029e+02;4.196743667e-02
4.441098633e+02;4.559109733e-02
4.443292542e+02;4.321973026e-02
4.445486145e+02;4.545787722e-02
4.447680054e+02;4.329966381e-02
4.449874268e+02;4.673681408e-02
4.452068176e+02;4.567103088e-02
4.454262390e+02;4.742957652e-02
4.456456909e+02;4.561774433e-02
4.458651123e+02;4.684339464e-02
4.460845642e+02;4.833549261e-02
4.463040466e+02;4.529801011e-02
4.465234985e+02;4.545787722e-02
4.467429810e+02;4.996081069e-02
4.469624939e+02;4.894831777e-02
4.471819763e+02;4.854864627e-02
4.474014893e+02;4.641707987e-02
4.476210327e+02;4.844206944e-02
4.478405457e+02;4.814897850e-02
4.480601196e+02;4.876180366e-02
4.482796631e+02;4.929469526e-02
4.484992371e+02;5.094666034e-02
4.487188110e+02;5.030718818e-02
4.489383850e+02;5.153284222e-02
4.491579895e+02;4.993416741e-02
4.493775940e+02;5.286506936e-02
4.495972290e+02;5.321145058e-02
4.498168335e+02;5.502327904e-02
4.500364685e+02;5.427723378e-02
4.502561340e+02;5.110652745e-02
4.504757996e+02;5.355782807e-02
4.506954651e+02;5.323809385e-02
4.509151306e+02;5.704826862e-02
4.511348267e+02;5.153284222e-02
4.513545227e+02;5.385091901e-02
4.515742493e+02;5.425058678e-02
4.517939758e+02;5.329138413e-02
4.520137024e+02;5.526308343e-02
4.522334290e+02;5.193250999e-02
4.524531860e+02;5.643544346e-02
4.526729431e+02;5.600912869e-02
4.528927307e+02;5.547623709e-02
4.531125183e+02;5.846043304e-02
4.533323059e+02;5.752786994e-02
4.535521240e+02;5.859365314e-02
4.537719421e+02;5.904661119e-02
4.539917603e+02;5.933970213e-02
4.542115784e+02;6.013904139e-02
4.544314270e+02;5.848707631e-02
4.546513062e+02;5.912654474e-02
4.548711548e+02;5.880681053e-02
4.550910339e+02;5.862030014e-02
4.553109131e+02;6.029890850e-02
4.555308228e+02;5.811405182e-02
4.557507324e+02;5.933970213e-02
4.559706421e+02;5.984595045e-02
4.561905823e+02;5.872687697e-02
4.564105225e+02;6.208409369e-02
4.566304626e+02;6.362947822e-02
4.568504333e+02;5.917983502e-02
4.570704041e+02;6.469526142e-02
4.572903748e+02;6.389592588e-02
4.575103760e+02;6.418901682e-02
4.577303772e+02;6.650709361e-02
4.579503784e+02;6.490842253e-02
4.581704102e+02;6.184429303e-02
4.583904419e+02;6.730642915e-02
4.586104736e+02;6.341632456e-02
4.588305359e+02;6.277685612e-02
4.590505981e+02;6.560117751e-02
4.592706604e+02;6.408243626e-02
4.594907532e+02;6.581433862e-02
4.597108459e+02;6.661367416e-02
4.599309692e+02;6.554789096e-02
4.601510620e+02;6.730642915e-02
4.603711853e+02;6.717321277e-02
4.605913391e+02;6.882517040e-02
4.608114929e+02;6.797254831e-02
4.610316467e+02;7.098338753e-02
4.612518005e+02;7.029062510e-02
4.614719849e+02;6.831892580e-02
4.616921692e+02;6.762617081e-02
4.619123535e+02;7.021069527e-02
4.621325684e+02;6.850543618e-02
4.623527832e+02;6.965115666e-02
4.625730286e+02;7.314159721e-02
4.627932739e+02;7.196923345e-02
4.630135193e+02;7.164949924e-02
4.632337646e+02;7.066365331e-02
4.634540405e+02;7.143634558e-02
4.636743164e+02;7.359455526e-02
4.638946228e+02;7.370113581e-02
4.641149292e+02;7.236890495e-02
4.643352356e+02;7.196923345e-02
4.645555420e+02;7.234226167e-02
4.647758789e+02;7.122318447e-02
4.649962158e+02;7.247547805e-02
4.652165833e+02;7.103667408e-02
4.654369507e+02;7.322152704e-02
4.656573181e+02;7.319488376e-02
4.658777161e+02;7.668532431e-02
4.660980835e+02;7.609914243e-02
4.663185120e+02;7.529980689e-02
4.665389099e+02;7.372777909e-02
4.667593384e+02;7.588598877e-02
4.669797668e+02;7.657874376e-02
4.672002258e+02;7.442053407e-02
4.674206848e+02;7.420738041e-02
4.676411438e+02;7.418073714e-02
4.678616333e+02;7.391428947e-02
4.680821228e+02;7.340804487e-02
4.683026123e+02;7.180936635e-02
4.685231323e+02;7.615243644e-02
4.687436523e+02;7.812413573e-02
4.689641724e+02;7.439389080e-02
4.691847229e+02;7.492678612e-02
4.694052734e+02;7.769782096e-02
4.696258240e+02;7.495342940e-02
4.698464050e+02;7.689848542e-02
4.700669861e+02;7.713828236e-02
4.702875671e+02;7.615243644e-02
4.705081787e+02;7.577940822e-02
4.707287903e+02;7.860373706e-02
4.709494019e+02;7.527316362e-02
4.711700439e+02;7.692512870e-02
4.713906860e+02;7.569947839e-02
4.716113281e+02;7.623236626e-02
4.718320007e+02;7.753795385e-02
4.720526733e+02;7.628566027e-02
4.722733459e+02;7.319488376e-02
4.724940491e+02;7.362119853e-02
4.727147522e+02;7.719156891e-02
4.729354553e+02;7.407415658e-02
4.731561890e+02;7.479356229e-02
4.733769226e+02;7.367448509e-02
4.735976868e+02;7.652545720e-02
4.738184204e+02;7.487349212e-02
4.740391846e+02;7.628566027e-02
4.742599792e+02;7.601921260e-02
4.744807739e+02;7.905669510e-02
4.747015686e+02;7.860373706e-02
4.749223633e+02;7.604585588e-02
4.751431885e+02;7.809748501e-02
4.753640137e+02;7.577940822e-02
4.755848694e+02;7.644552737e-02
4.758056946e+02;7.093009353e-02
4.760265503e+02;7.548631728e-02
4.762474365e+02;7.439389080e-02
4.764683228e+02;7.498007268e-02
4.766892090e+02;7.641887665e-02
4.769100952e+02;7.684519142e-02
4.771310120e+02;7.548631728e-02
4.773519287e+02;7.583270222e-02
4.775728760e+02;7.620572299e-02
4.777938232e+02;7.641887665e-02
4.780147705e+02;7.559289783e-02
4.782357178e+02;7.300837338e-02
4.784566956e+02;7.466033846e-02
4.786777039e+02;7.490013540e-02
4.788986816e+02;7.679190487e-02
4.791196899e+02;7.910998166e-02
4.793406982e+02;7.668532431e-02
4.795617371e+02;7.351461798e-02
4.797827759e+02;7.482020557e-02
4.800038147e+02;7.178272307e-02
4.802248535e+02;7.551296055e-02
4.804459229e+02;7.567282766e-02
4.806670227e+02;7.412744313e-02
4.808880920e+02;7.476691902e-02
4.811091919e+02;7.170278579e-02
4.813302917e+02;7.348797470e-02
4.815514221e+02;7.375442237e-02
4.817725525e+02;7.268863916e-02
4.819936829e+02;7.135640830e-02
4.822148438e+02;7.458040118e-02
4.824360046e+02;7.567282766e-02
4.826571655e+02;7.455375791e-02
4.828783569e+02;7.524652034e-02
4.830995483e+02;7.234226167e-02
4.833207397e+02;7.585934550e-02
4.835419617e+02;7.641887665e-02
4.837631836e+02;7.271528244e-02
4.839844055e+02;7.378106564e-02
4.842056580e+02;7.362119853e-02
4.844269104e+02;7.053042948e-02
4.846481628e+02;7.290179282e-02
4.848694458e+02;7.250212878e-02
4.850907288e+02;6.997089088e-02
4.853120117e+02;7.164949924e-02
4.855333252e+02;6.696005166e-02
4.857546387e+02;7.026398182e-02
4.859759521e+02;7.204917073e-02
4.861972961e+02;6.981102377e-02
4.864186401e+02;7.135640830e-02
4.866399841e+02;7.095673680e-02
4.868613586e+02;7.058371603e-02
4.870827332e+02;7.143634558e-02
4.873041077e+02;7.111661136e-02
4.875255127e+02;7.484684885e-02
4.877469177e+02;6.959787011e-02
4.879683228e+02;6.919819862e-02
4.881897583e+02;7.199587673e-02
4.884111938e+02;7.021069527e-02
4.886326599e+02;7.151627541e-02
4.888540955e+02;6.957121938e-02
4.890755615e+02;6.778603792e-02
4.892970581e+02;6.919819862e-02
4.895185547e+02;6.885182112e-02
4.897400513e+02;6.562782079e-02
4.899615479e+02;6.680018455e-02
4.901830750e+02;6.661367416e-02
4.904046021e+02;6.911826134e-02
4.906261597e+02;6.783932447e-02
4.908476868e+02;6.858537346e-02
4.910692749e+02;6.778603792e-02
4.912908325e+02;6.453539431e-02
4.915124207e+02;7.005082816e-02
4.917340088e+02;6.783932447e-02
4.919555969e+02;6.549460441e-02
4.921772156e+02;6.437552720e-02
4.923988342e+02;6.634722650e-02
4.926204834e+02;6.354954839e-02
4.928421326e+02;6.259033829e-02
4.930637817e+02;6.440217048e-02
4.932854309e+02;6.394921243e-02
4.935071106e+02;6.272356212e-02
4.937287903e+02;6.003246084e-02
4.939505005e+02;6.160449237e-02
4.941722107e+02;6.376270205e-02
4.943939209e+02;6.005910784e-02
4.946156616e+02;6.299000978e-02
4.948373718e+02;6.149791554e-02
4.950591431e+02;6.155120209e-02
4.952808838e+02;6.488177925e-02
4.955026550e+02;6.021897495e-02
4.957244263e+02;6.024561822e-02
4.959462280e+02;6.312323362e-02
4.961680298e+02;6.043213233e-02
4.963898315e+02;5.899332464e-02
4.966116638e+02;5.909990147e-02
4.968334961e+02;6.272356212e-02
4.970553284e+02;5.726142600e-02
4.972771606e+02;5.664860085e-02
4.974990234e+02;5.739464983e-02
4.977209167e+02;5.616899952e-02
4.979427795e+02;5.531636998e-02
4.981646729e+02;5.459696800e-02
4.983865662e+02;5.041376874e-02
4.986084900e+02;5.502327904e-02
4.988304138e+02;5.060027912e-02
4.990523376e+02;5.243875459e-02
4.992742920e+02;5.017396808e-02
4.994962463e+02;5.041376874e-02
4.997182007e+02;5.123975128e-02
4.999401855e+02;5.086672679e-02
5.001621704e+02;5.017396808e-02
5.003841553e+02;4.761608690e-02
5.006061707e+02;4.772266373e-02
5.008281860e+02;4.924140498e-02
5.010502014e+02;4.628385976e-02
5.012722473e+02;4.601741210e-02
5.014942932e+02;4.401906952e-02
5.017163391e+02;4.154112190e-02
5.019384155e+02;4.076842964e-02
5.021604919e+02;3.935626522e-02
5.023825684e+02;3.892995417e-02
5.026046753e+02;4.002238065e-02
5.028267822e+02;4.132796451e-02
5.030488892e+02;4.002238065e-02
5.032710266e+02;3.922304511e-02
5.034931641e+02;3.983587027e-02
5.037153015e+02;3.799739480e-02
5.039374695e+02;3.855692968e-02
5.041596375e+02;3.533293679e-02
5.043818054e+02;3.503984585e-02
5.046040039e+02;3.618556261e-02
5.048262024e+02;3.693161160e-02
5.050484314e+02;3.583918139e-02
5.052706299e+02;3.304149956e-02
5.054928589e+02;3.352110460e-02
5.057151184e+02;3.256189823e-02
5.059373779e+02;2.851192281e-02
5.061596375e+02;2.819218673e-02
5.063818970e+02;2.923132665e-02
5.066041870e+02;3.011059761e-02
5.068264771e+02;2.651357837e-02
5.070487671e+02;2.731291577e-02
5.072710876e+02;2.824547701e-02
5.074934082e+02;2.787245251e-02
5.077157593e+02;2.771258540e-02
5.079380798e+02;2.867178991e-02
5.081604614e+02;2.550108545e-02
5.083828125e+02;2.528792806e-02
5.086051941e+02;2.280998230e-02
5.088275757e+02;2.480832487e-02
5.090499573e+02;2.712640353e-02
5.092723694e+02;2.395569906e-02
5.094947815e+02;2.265011519e-02
5.097172241e+02;1.947940886e-02
5.099396667e+02;2.190406621e-02
5.101621094e+02;2.211722359e-02
5.103845520e+02;1.913302951e-02
5.106070251e+02;1.777415536e-02
5.108294983e+02;1.812053472e-02
5.110520020e+02;2.158433199e-02
5.112745056e+02;1.899980754e-02
5.114970093e+02;1.769422181e-02
5.117195129e+02;1.828040369e-02
5.119420471e+02;1.982578821e-02
5.121646118e+02;1.910638437e-02
5.123871460e+02;1.857349277e-02
5.126096802e+02;1.713468693e-02
5.128322754e+02;2.089157142e-02
5.130548706e+02;1.548272185e-02
5.132774658e+02;1.798731275e-02
5.135000610e+02;1.604225859e-02
5.137226562e+02;1.601561345e-02
5.139452515e+02;1.609554701e-02
5.141679077e+02;1.505640894e-02
5.143905640e+02;1.521627605e-02
5.146132202e+02;1.311135478e-02
5.148358765e+02;1.257846318e-02
5.150585327e+02;1.375082415e-02
5.152812500e+02;1.289819740e-02
5.155039062e+02;1.361760125e-02
5.157266235e+02;1.351102348e-02
5.159493408e+02;1.399062574e-02
5.161720581e+02;1.185905933e-02
5.163947754e+02;1.447022799e-02
5.166175537e+02;1.191234775e-02
5.168402710e+02;1.540278830e-02
5.170630493e+02;1.305806544e-02
5.172858276e+02;1.332451124e-02
5.175086060e+02;1.449687220e-02
5.177314453e+02;1.199228223e-02
5.179542236e+02;1.185905933e-02
5.181770630e+02;1.209886000e-02
5.183999023e+02;9.914004244e-03
5.186227417e+02;1.212550513e-02
5.188455811e+02;1.124623325e-02
5.190684204e+02;1.308470964e-02
5.192912598e+02;1.071334165e-02
5.195141602e+02;1.089985389e-02
5.197370605e+02;1.215214934e-02
5.199599609e+02;7.915660739e-03
5.201828613e+02;1.063340809e-02
5.204057617e+02;1.156596839e-02
5.206287231e+02;1.212550513e-02
5.208516235e+02;1.034031808e-02
5.210745850e+02;1.188570354e-02
5.212975464e+02;1.175248064e-02
5.215205078e+02;1.207221579e-02
5.217435303e+02;1.081992034e-02
5.219664917e+02;1.066005323e-02
5.221895142e+02;8.741643280e-03
5.224125366e+02;8.608420379e-03
5.226355591e+02;9.301179089e-03
5.228585815e+02;8.928155527e-03
5.230816040e+02;9.567624889e-03
5.233046875e+02;1.060676388e-02
5.235277100e+02;8.981443942e-03
5.237507935e+02;9.594270028e-03
5.239738770e+02;8.501841687e-03
5.241969604e+02;9.034733288e-03
5.244201050e+02;1.012716163e-02
5.246431885e+02;1.018045004e-02
5.248663330e+02;1.010051649e-02
5.250894775e+02;1.031367294e-02
5.253126221e+02;9.461047128e-03
5.255357666e+02;1.116629969e-02
5.257589111e+02;1.039360743e-02
5.259821167e+02;9.940649383e-03
5.262053223e+02;1.050018519e-02
5.264285278e+02;9.834070690e-03
5.266517334e+02;8.315329440e-03
5.268749390e+02;8.448552340e-03
5.270981445e+02;9.540980682e-03
5.273214111e+02;9.114666842e-03
5.275446167e+02;6.530142855e-03
5.277678833e+02;1.026038453e-02
5.279911499e+02;8.608420379e-03
5.282144165e+02;9.993938729e-03
5.284377441e+02;8.635064587e-03
5.286610107e+02;1.010051649e-02
5.288843384e+02;1.026038453e-02
5.291076660e+02;7.595926058e-03
5.293309937e+02;9.061378427e-03
5.295543213e+02;9.967293590e-03
5.297777100e+02;1.004722714e-02
5.300010376e+02;9.860715829e-03
5.302244263e+02;8.421908133e-03
5.304478149e+02;8.395263925e-03
5.306712036e+02;7.595926058e-03
5.308945923e+02;8.928155527e-03
5.311179810e+02;7.915660739e-03
5.313414307e+02;8.288685232e-03
5.315648804e+02;7.729148958e-03
5.317883301e+02;5.304492079e-03
5.320117798e+02;6.823233329e-03
5.322352295e+02;9.301179089e-03
5.324586792e+02;6.210407708e-03
5.326821899e+02;9.407757781e-03
5.329057007e+02;6.849877536e-03
5.331291504e+02;8.475197479e-03
5.333527222e+02;6.823233329e-03
5.335762329e+02;1.018045004e-02
5.337997437e+02;8.102172986e-03
5.340233154e+02;9.860715829e-03
5.342468262e+02;7.862371393e-03
5.344703979e+02;6.663365755e-03
5.346939697e+02;8.821576834e-03
5.349176025e+02;7.142968010e-03
5.351411743e+02;3.172925441e-03
5.353648071e+02;5.224558525e-03
5.355883789e+02;6.237052381e-03
5.358120117e+02;5.517648533e-03
5.360356445e+02;5.624227226e-03
5.362593384e+02;6.796588656e-03
5.364829712e+02;3.759106388e-03
5.367066650e+02;7.142968010e-03
5.369302979e+02;5.650871433e-03
5.371539917e+02;6.690010428e-03
5.373776855e+02;5.837383680e-03
5.376014404e+02;5.864028353e-03
5.378251343e+02;6.370275281e-03
5.380488892e+02;5.757450126e-03
5.382726440e+02;5.650871433e-03
5.384963379e+02;6.610076409e-03
5.387201538e+02;2.346943598e-03
5.389439087e+02;5.943961907e-03
5.391676636e+02;3.572594374e-03
5.393914795e+02;4.132130649e-03
5.396152954e+02;3.466015914e-03
5.398391113e+02;4.052196629e-03
5.400629272e+02;2.666678512e-03
5.402867432e+02;2.426877385e-03
5.405105591e+02;3.892329289e-03
5.407344360e+02;3.785750829e-03
5.409583130e+02;4.744955804e-03
5.411821899e+02;1.494316966e-03
5.414060669e+02;3.519305028e-03
5.416299438e+02;3.439371474e-03
5.418538818e+02;5.251202732e-03
5.420777588e+02;6.476853509e-03
5.423016968e+02;3.599238815e-03
5.425256348e+02;3.386082128e-03
5.427495728e+02;3.732461715e-03
5.429735107e+02;2.879835200e-03
5.431975098e+02;2.187076025e-03
5.434214478e+02;2.613389399e-03
5.436454468e+02;3.759106388e-03
5.438694458e+02;4.318642430e-03
5.440934448e+02;2.506810939e-03
5.443174438e+02;2.426877385e-03
5.445415039e+02;1.147937379e-03
5.447655640e+02;3.998907749e-03
5.449895630e+02;3.199570114e-03
5.452136230e+02;2.933124313e-03
5.454376831e+02;1.387738623e-03
5.456618042e+02;3.146281000e-03
5.458858643e+02;3.545949701e-03
5.461099854e+02;3.412726801e-03
5.463341064e+02;2.933124313e-03
5.465582275e+02;2.853190526e-03
5.467823486e+02;2.053853124e-03
5.470064697e+02;4.531799350e-03
5.472306519e+02;3.839040175e-03
5.474547729e+02;2.959768986e-03
5.476789551e+02;1.227871166e-03
5.479031372e+02;2.107142238e-03
5.481273193e+02;5.351119908e-04
5.483515015e+02;1.254515722e-03
5.485757446e+02;1.574250637e-03
5.487999878e+02;-4.240929266e-04
5.490241699e+02;-2.908700262e-04
5.492484131e+02;1.147937379e-03
5.494726562e+02;5.351119908e-04
5.496969604e+02;1.547606080e-03
5.499212036e+02;1.254515722e-03
5.501455078e+02;3.732461715e-03
5.503698120e+02;4.611732904e-03
5.505941162e+02;2.080497798e-03
5.508184204e+02;2.506810939e-03
5.510427246e+02;2.293654485e-03
5.512670898e+02;5.597582553e-03
5.514913940e+02;5.757450126e-03
5.517157593e+02;3.066347213e-03
5.519401245e+02;1.574250637e-03
5.521644897e+02;2.560100285e-03
5.523889160e+02;2.453521825e-03
5.526132812e+02;-1.116852043e-03
5.528377075e+02;2.453521825e-03
5.530621338e+02;2.220381703e-06
5.532865601e+02;2.080497798e-03
5.535109863e+02;2.187076025e-03
5.537354126e+02;2.586744726e-03
5.539598999e+02;9.081361350e-04
5.541843262e+02;1.627539867e-03
5.544088135e+02;1.387738623e-03
5.546333008e+02;2.267009811e-03
5.548577881e+02;2.826546086e-03
5.550823364e+02;4.744955804e-03
5.553068237e+02;2.373588039e-03
5.555313721e+02;5.197913852e-03
5.557559204e+02;3.359437687e-03
5.559804688e+02;1.094648265e-03
5.562050171e+02;3.485999478e-04
5.564295654e+02;2.053853124e-03
5.566541748e+02;2.420216188e-04
5.568787231e+02;6.949795061e-04
5.571033325e+02;7.482686779e-04
5.573279419e+02;-5.839603837e-04
5.575525513e+02;2.000564011e-03
5.577772217e+02;3.039702540e-03
5.580018311e+02;4.018890904e-04
5.582265015e+02;4.478510004e-03
5.584511719e+02;3.705817275e-03
5.586758423e+02;3.306148574e-03
5.589005127e+02;-2.442420009e-05
5.591251831e+02;2.506810939e-03
5.593499146e+02;2.613389399e-03
5.595745850e+02;2.746612299e-03
5.597993164e+02;2.613389399e-03
5.600240479e+02;3.092991887e-03
5.602488403e+02;1.760762767e-03
5.604735718e+02;3.892329289e-03
5.606983032e+02;3.412726801e-03
5.609230957e+02;3.839040175e-03
5.611478882e+02;7.749132346e-04
5.613726807e+02;8.814915782e-04
5.615974731e+02;-2.442420009e-05
5.618223267e+02;2.213720698e-03
5.620471191e+02;1.414383180e-03
5.622719727e+02;2.426877385e-03
5.624968262e+02;1.973919338e-03
5.627216797e+02;2.959768986e-03
5.629465332e+02;3.226214787e-03
5.631713867e+02;3.545949701e-03
5.633963013e+02;8.282024064e-04
5.636211548e+02;4.851534031e-03
5.638460693e+02;4.505154677e-03
5.640709839e+02;4.665022250e-03
5.642958984e+02;3.439371474e-03
5.645208740e+02;2.613389399e-03
5.647457886e+02;2.480166499e-03
5.649707642e+02;4.132130649e-03
5.651957397e+02;5.117979832e-03
5.654207153e+02;1.227871166e-03
5.656456909e+02;4.238708876e-03
5.658707275e+02;5.197913852e-03
5.660957031e+02;3.279503901e-03
5.663207397e+02;5.117979832e-03
5.665457764e+02;4.212064203e-03
5.667708130e+02;6.237052381e-03
5.669958496e+02;3.412726801e-03
5.672208862e+02;5.464359652e-03
5.674459839e+02;4.904823378e-03
5.676710205e+02;6.903166883e-03
5.678961182e+02;7.142968010e-03
5.681212158e+02;6.663365755e-03
5.683463745e+02;6.876522209e-03
5.685714722e+02;7.622570731e-03
5.687966309e+02;7.116323803e-03
5.690217285e+02;8.581775241e-03
5.692468872e+02;7.995595224e-03
5.694720459e+02;1.081992034e-02
5.696972046e+02;9.700847790e-03
5.699224243e+02;1.097978745e-02
5.701475830e+02;1.023373939e-02
5.703728027e+02;1.431036089e-02
5.705980225e+02;1.372417994e-02
5.708232422e+02;1.510969829e-02
5.710484619e+02;1.425707154e-02
5.712736816e+02;1.732119732e-02
5.714989624e+02;1.937283017e-02
5.717242432e+02;2.179748751e-02
5.719495239e+02;2.246360295e-02
5.721748047e+02;2.352938615e-02
5.724000854e+02;2.472839132e-02
5.726253662e+02;2.787245251e-02
5.728507080e+02;2.725962736e-02
5.730760498e+02;2.805896476e-02
5.733013306e+02;3.106980212e-02
5.735266724e+02;3.405399621e-02
5.737520752e+02;3.384083882e-02
5.739774170e+02;3.869015351e-02
5.742028198e+02;4.156776890e-02
5.744281616e+02;4.508485273e-02
5.746535645e+02;4.758944362e-02
5.748789673e+02;5.110652745e-02
5.751043701e+02;5.161277577e-02
5.753298340e+02;5.547623709e-02
5.755552368e+02;6.027226150e-02
5.757807007e+02;6.434888393e-02
5.760061646e+02;6.280349940e-02
5.762316284e+02;7.673861086e-02
5.764570923e+02;7.372777909e-02
5.766826172e+02;8.001589775e-02
5.769080811e+02;8.534481376e-02
5.771336060e+02;8.982110023e-02
5.773591309e+02;9.896019846e-02
5.775846558e+02;1.042624637e-01
5.778101807e+02;1.104706526e-01
5.780357666e+02;1.165456176e-01
5.782612915e+02;1.167854220e-01
5.784868774e+02;1.251518130e-01
5.787124634e+02;1.314932257e-01
5.789380493e+02;1.363425404e-01
5.791636353e+02;1.406589597e-01
5.793892212e+02;1.488122046e-01
5.796148682e+02;1.520362049e-01
5.798405151e+02;1.622677147e-01
5.800661621e+02;1.748972535e-01
5.802918091e+02;1.797465682e-01
5.805174561e+02;1.819847077e-01
5.807431030e+02;1.925892532e-01
5.809688110e+02;1.978382319e-01
5.811944580e+02;2.002096027e-01
5.814201660e+02;2.087358683e-01
5.816458740e+02;2.169690430e-01
5.818716431e+02;2.186743021e-01
5.820973511e+02;2.304511964e-01
5.823231201e+02;2.374587357e-01
5.825488281e+02;2.453988194e-01
5.827745972e+02;2.500083148e-01
5.830003662e+02;2.582681477e-01
5.832261963e+02;2.723631263e-01
5.834519653e+02;2.752673924e-01
5.836777344e+02;2.816620767e-01
5.839035645e+02;2.913340628e-01
5.841293945e+02;2.959169447e-01
5.843552246e+02;3.069477975e-01
5.845810547e+02;3.127030134e-01
5.848069458e+02;3.176589310e-01
5.850327759e+02;3.262384832e-01
5.852586670e+02;3.293558955e-01
5.854845581e+02;3.380686641e-01
5.857104492e+02;3.530162871e-01
5.859363403e+02;3.520037830e-01
5.861622925e+02;3.610363007e-01
5.863881836e+02;3.676708043e-01
5.866141357e+02;3.761704266e-01
5.868400879e+02;3.853894472e-01
5.870660400e+02;3.862953484e-01
5.872919922e+02;4.036409855e-01
5.875180054e+02;4.019890130e-01
5.877439575e+02;4.048399925e-01
5.879699707e+02;4.146451950e-01
5.881959839e+02;4.257026911e-01
5.884219971e+02;4.267951250e-01
5.886480103e+02;4.348417819e-01
5.888740234e+02;4.383055866e-01
5.891000977e+02;4.467519224e-01
5.893261719e+02;4.570900202e-01
5.895522461e+02;4.576495588e-01
5.897783203e+02;4.645238519e-01
5.900043945e+02;4.640975296e-01
5.902304688e+02;4.737961590e-01
5.904566040e+02;4.881309569e-01
5.906827393e+02;4.876513481e-01
5.909088135e+02;4.933799207e-01
5.911350098e+02;4.915414453e-01
5.913611450e+02;5.003607869e-01
5.915872803e+02;5.095798373e-01
5.918134766e+02;5.122975707e-01
5.920396118e+02;5.155748725e-01
5.922658081e+02;5.180261731e-01
5.924920044e+02;5.275649428e-01
5.927182617e+02;5.308955312e-01
5.929444580e+02;5.381428003e-01
5.931707153e+02;5.412069559e-01
5.933969116e+02;5.508256555e-01
5.936231689e+02;5.465891361e-01
5.938494263e+02;5.567674041e-01
5.940757446e+02;5.575400591e-01
5.943020020e+02;5.647074580e-01
5.945282593e+02;5.627357960e-01
5.947545776e+02;5.709689260e-01
5.949808960e+02;5.679581165e-01
5.952072144e+02;5.803478360e-01
5.954335327e+02;5.772570968e-01
5.956599121e+02;5.828790665e-01
5.958862305e+02;5.944694877e-01
5.961126099e+02;5.949224234e-01
5.963389893e+02;5.967076421e-01
5.965653687e+02;6.000115275e-01
5.967917480e+02;6.069391370e-01
5.970181885e+02;6.037417650e-01
5.972445679e+02;6.081115007e-01
5.974710083e+02;6.169308424e-01
5.976974487e+02;6.097900867e-01
5.979238892e+02;6.252706051e-01
5.981503296e+02;6.288143396e-01
5.983768311e+02;6.244978905e-01
5.986032715e+02;6.319317818e-01
5.988297729e+02;6.349425912e-01
5.990562744e+02;6.373406053e-01
5.992827759e+02;6.414172053e-01
5.995092773e+02;6.519418359e-01
5.997357788e+02;6.446145773e-01
5.999623413e+02;6.485046744e-01
6.001889038e+02;6.630259752e-01
6.004154663e+02;6.585230231e-01
6.006420288e+02;6.574039459e-01
6.008685913e+02;6.617736816e-01
6.010951538e+02;6.667295694e-01
6.013217773e+02;6.554589272e-01
6.015484009e+02;6.581233740e-01
6.017749634e+02;6.748028994e-01
6.020015869e+02;6.795456409e-01
6.022282715e+02;6.747762561e-01
6.024548950e+02;6.781067848e-01
6.026815796e+02;6.900169253e-01
6.029082031e+02;6.880719066e-01
6.031348877e+02;6.871126890e-01
6.033615723e+02;6.924682260e-01
6.035883179e+02;6.997688413e-01
6.038150024e+02;6.950260997e-01
6.040416870e+02;6.932409406e-01
6.042684326e+02;6.948662400e-01
6.044951782e+02;7.025665641e-01
6.047219238e+02;7.030461431e-01
6.049486694e+02;7.058171630e-01
6.051754761e+02;7.068030238e-01
6.054022217e+02;7.117589116e-01
6.056290283e+02;7.134375572e-01
6.058558350e+02;7.234292626e-01
6.060826416e+02;7.231361270e-01
6.063094482e+02;7.211911082e-01
6.065363159e+02;7.259604931e-01
6.067631226e+02;7.292644382e-01
6.069899902e+02;7.318223119e-01
6.072168579e+02;7.318489552e-01
6.074437256e+02;7.254542112e-01
6.076705933e+02;7.347265482e-01
6.078974609e+02;7.322752476e-01
6.081243896e+02;7.391495705e-01
6.083513184e+02;7.402420044e-01
6.085781860e+02;7.408814430e-01
6.088051147e+02;7.378706336e-01
6.090321045e+02;7.490879893e-01
6.092590332e+02;7.510596514e-01
6.094860229e+02;7.458906174e-01
6.097129517e+02;7.530313730e-01
6.099399414e+02;7.503669262e-01
6.101669312e+02;7.550030947e-01
6.103939209e+02;7.571079731e-01
6.106209717e+02;7.656075954e-01
6.108479614e+02;7.589198351e-01
6.110750122e+02;7.665135264e-01
6.113020630e+02;7.698707581e-01
6.115291138e+02;7.703503370e-01
6.117561646e+02;7.649148703e-01
6.119832764e+02;7.661938071e-01
6.122103271e+02;7.671263814e-01
6.124374390e+02;7.704036236e-01
6.126645508e+02;7.745602131e-01
6.128916626e+02;7.802621126e-01
6.131187744e+02;7.717358470e-01
6.133458862e+02;7.763986588e-01
6.135730591e+02;7.842588425e-01
6.138002319e+02;7.868700027e-01
6.140273438e+02;7.768250108e-01
6.142545166e+02;7.818075418e-01
6.144817505e+02;7.936909795e-01
6.147089233e+02;8.008050919e-01
6.149361572e+02;7.923587561e-01
6.151633301e+02;7.910798192e-01
6.153905640e+02;7.897209525e-01
6.156177979e+02;7.925453186e-01
6.158450317e+02;7.950499058e-01
6.160723267e+02;7.988067865e-01
6.162995605e+02;7.930248976e-01
6.165268555e+02;7.984603643e-01
6.167541504e+02;7.936376929e-01
6.169814453e+02;8.018442392e-01
6.172087402e+02;8.081323504e-01
6.174360352e+02;8.048018217e-01
6.176633911e+02;8.019508123e-01
6.178907471e+02;8.130349517e-01
6.181180420e+02;8.068800569e-01
6.183453979e+02;8.106902242e-01
6.185728149e+02;8.182839751e-01
6.188001709e+02;8.224138618e-01
6.190275879e+02;8.099442124e-01
6.192549438e+02;8.182839751e-01
6.194823608e+02;8.150866032e-01
6.197097778e+02;8.223072886e-01
6.199371948e+02;8.212414980e-01
6.201646729e+02;8.194563389e-01
6.203920898e+02;8.136478066e-01
6.206195679e+02;8.175379038e-01
6.208470459e+02;8.154063225e-01
6.210745239e+02;8.180974722e-01
6.213020020e+02;8.207885623e-01
6.215294800e+02;8.209484220e-01
6.217570190e+02;8.327253461e-01
6.219844971e+02;8.170050383e-01
6.222120361e+02;8.228667974e-01
6.224395752e+02;8.238260150e-01
6.226671143e+02;8.274496794e-01
6.228947144e+02;8.223605752e-01
6.231222534e+02;8.231865764e-01
6.233498535e+02;8.279826045e-01
6.235774536e+02;8.288884759e-01
6.238050537e+02;8.347502947e-01
6.240326538e+02;8.299809098e-01
6.242602539e+02;8.371483088e-01
6.244879150e+02;8.348835111e-01
6.247155762e+02;8.360292315e-01
6.249431763e+02;8.299809098e-01
6.251708374e+02;8.257444501e-01
6.253985596e+02;8.303273320e-01
6.256262207e+02;8.335246444e-01
6.258538818e+02;8.392532468e-01
6.260816040e+02;8.383473158e-01
6.263093262e+02;8.355230093e-01
6.265370483e+02;8.358693719e-01
6.267647705e+02;8.423706293e-01
6.269924927e+02;8.350167274e-01
6.272202759e+02;8.406387568e-01
6.274480591e+02;8.472465873e-01
6.276757812e+02;8.421574831e-01
6.279035645e+02;8.380542397e-01
6.281314087e+02;8.440759182e-01
6.283591919e+02;8.466071486e-01
6.285869751e+02;8.515363932e-01
6.288148193e+02;8.459410071e-01
6.290426636e+02;8.400259614e-01
6.292705078e+02;8.399193287e-01
6.294983521e+02;8.475397229e-01
6.297261963e+02;8.472999334e-01
6.299541016e+02;8.456212878e-01
6.301819458e+02;8.483923078e-01
6.304098511e+02;8.520959020e-01
6.306377563e+02;8.500176668e-01
6.308656616e+02;8.505505323e-01
6.310936279e+02;8.521225452e-01
6.313215332e+02;8.474597931e-01
6.315494995e+02;8.479127288e-01
6.317774658e+02;8.600626588e-01
6.320054321e+02;8.480725884e-01
6.322333984e+02;8.525755405e-01
6.324613647e+02;8.506304622e-01
6.326893921e+02;8.496179581e-01
6.329173584e+02;8.526554704e-01
6.331453857e+02;8.559860587e-01
6.333734131e+02;8.596363664e-01
6.336014404e+02;8.540676236e-01
6.338294678e+02;8.587837219e-01
6.340575562e+02;8.629136086e-01
6.342855835e+02;8.623008132e-01
6.345136719e+02;8.487653732e-01
6.347417603e+02;8.643524647e-01
6.349698486e+02;8.641659021e-01
6.351979980e+02;8.578777909e-01
6.354260864e+02;8.592366576e-01
6.356542358e+02;8.621409535e-01
6.358823853e+02;8.615547419e-01
6.361105347e+02;8.597162962e-01
6.363386841e+02;8.662708402e-01
6.365668335e+02;8.704007864e-01
6.367949829e+02;8.681359887e-01
6.370231934e+02;8.698678613e-01
6.372514038e+02;8.658445477e-01
6.374796143e+02;8.718928695e-01
6.377078247e+02;8.688020706e-01
6.379360352e+02;8.561725616e-01
6.381643066e+02;8.604090214e-01
6.383925171e+02;8.736780286e-01
6.386207886e+02;8.674432039e-01
6.388490601e+02;8.679227829e-01
6.390773315e+02;8.663507700e-01
6.393056030e+02;8.689885736e-01
6.395339355e+02;8.725056648e-01
6.397622070e+02;8.751168251e-01
6.399905396e+02;8.786270022e-01
6.402188721e+02;8.750287890e-01
6.404472046e+02;8.767635822e-01
6.406755371e+02;8.751527667e-01
6.409039307e+02;8.809679151e-01
6.411323242e+02;8.822184801e-01
6.413606567e+02;8.815900087e-01
6.415890503e+02;8.895061612e-01
6.418174438e+02;8.781461120e-01
6.420458984e+02;8.788052201e-01
6.422742920e+02;8.802118897e-01
6.425027466e+02;8.963494897e-01
6.427311401e+02;8.722195029e-01
6.429595947e+02;8.825120330e-01
6.431880493e+02;8.831681013e-01
6.434165649e+02;8.670900464e-01
6.436450195e+02;8.700237870e-01
6.438735352e+02;8.902174830e-01
6.441019897e+02;8.928092718e-01
6.443305054e+02;8.713199496e-01
6.445590210e+02;8.681811690e-01
6.447875977e+02;8.757389188e-01
6.450161133e+02;8.752532601e-01
6.452446899e+02;8.642136455e-01
6.454732056e+02;8.688102365e-01
6.457017822e+02;8.543340564e-01
6.459303589e+02;8.720029593e-01
6.461589966e+02;8.727517724e-01
6.463875732e+02;8.598462939e-01
6.466162109e+02;8.858333826e-01
6.468447876e+02;8.800594807e-01
6.470734253e+02;8.707125187e-01
6.473020630e+02;8.833338618e-01
6.475307617e+02;8.929789662e-01
6.477593994e+02;8.890296221e-01
6.479880981e+02;8.886427283e-01
6.482167358e+02;8.846150041e-01
6.484454346e+02;8.893369436e-01
6.486741333e+02;8.662619591e-01
6.489028320e+02;8.811360598e-01
6.491315918e+02;8.681647182e-01
6.493602905e+02;8.749173284e-01
6.495890503e+02;8.744773865e-01
6.498178101e+02;8.743708134e-01
6.500465698e+02;8.693083525e-01
6.502753296e+02;8.735980988e-01
6.505041504e+02;8.730652332e-01
6.507329102e+02;8.634198904e-01
6.509617310e+02;8.623807430e-01
6.511905518e+02;8.591833711e-01
6.514193726e+02;8.656314015e-01
6.516481934e+02;8.619011641e-01
6.518770142e+02;8.555064201e-01
6.521058960e+02;8.603557348e-01
6.523347778e+02;8.609685898e-01
6.525636597e+02;8.523623943e-01
6.527925415e+02;8.680827022e-01
6.530214233e+02;8.580110073e-01
6.532503052e+02;8.664573431e-01
6.534792480e+02;8.634731770e-01
6.537081299e+02;8.521758914e-01
6.539370728e+02;8.619544506e-01
6.541660156e+02;8.567587137e-01
6.543949585e+02;8.543340564e-01
6.546239624e+02;8.583840728e-01
6.548529053e+02;8.542008400e-01
6.550819092e+02;8.609952331e-01
6.553109131e+02;8.558794856e-01
6.555399170e+02;8.585439324e-01
6.557689209e+02;8.544939160e-01
6.559979248e+02;8.515097499e-01
6.562269897e+02;8.517228961e-01
6.564560547e+02;8.554264903e-01
6.566851196e+02;8.528153300e-01
6.569141846e+02;8.581708670e-01
6.571432495e+02;8.555863500e-01
6.573723145e+02;8.597695827e-01
6.576014404e+02;8.507903218e-01
6.578305054e+02;8.639527559e-01
6.580596313e+02;8.600093722e-01
6.582887573e+02;8.545472026e-01
6.585178833e+02;8.611018062e-01
6.587470703e+02;8.536679745e-01
6.589761963e+02;8.550801277e-01
6.592053833e+02;8.490051627e-01
6.594345703e+02;8.475930095e-01
6.596637573e+02;8.472199440e-01
6.598929443e+02;8.552666306e-01
6.601221313e+02;8.491650224e-01
6.603513794e+02;8.488453031e-01
6.605805664e+02;8.412516117e-01
6.608098145e+02;8.425838351e-01
6.610390625e+02;8.431167006e-01
6.612683105e+02;8.390667439e-01
6.614975586e+02;8.468202949e-01
6.617268677e+02;8.425571918e-01
6.619561768e+02;8.454880714e-01
6.621854248e+02;8.452482820e-01
6.624147339e+02;8.437828422e-01
6.626441040e+02;8.485788703e-01
6.628734131e+02;8.395463228e-01
6.631027222e+02;8.426904082e-01
6.633320923e+02;8.447153568e-01
6.635614624e+02;8.321391344e-01
6.637908325e+02;8.414381146e-01
6.640202026e+02;8.463673592e-01
6.642495728e+02;8.449285626e-01
6.644790039e+02;8.465272188e-01
6.647083740e+02;8.473798633e-01
6.649378052e+02;8.402391076e-01
6.651672363e+02;8.342707157e-01
6.653966675e+02;8.307269812e-01
6.656260986e+02;8.431966305e-01
6.658555908e+02;8.445288539e-01
6.660850220e+02;8.395463228e-01
6.663145142e+02;8.381075263e-01
6.665440063e+02;8.389868140e-01
6.667734985e+02;8.362690210e-01
6.670030518e+02;8.404256105e-01
6.672325439e+02;8.380808830e-01
6.674620972e+02;8.290483952e-01
6.676915894e+02;8.329384923e-01
6.679211426e+02;8.386137486e-01
6.681506958e+02;8.269434571e-01
6.683803101e+02;8.290483952e-01
6.686098633e+02;8.317394853e-01
6.688394775e+02;8.277427554e-01
6.690690308e+02;8.359226584e-01
6.692986450e+02;8.297677636e-01
6.695282593e+02;8.323522806e-01
6.697579346e+02;8.400792480e-01
6.699875488e+02;8.276628256e-01
6.702172241e+02;8.243056536e-01
6.704468384e+02;8.251315951e-01
6.706765137e+02;8.290750384e-01
6.709061890e+02;8.288085461e-01
6.711359253e+02;8.364289403e-01
6.713656006e+02;8.375480175e-01
6.715953369e+02;8.269967437e-01
6.718250122e+02;8.324322104e-01
6.720547485e+02;8.261174560e-01
6.722844849e+02;8.324588537e-01
6.725142822e+02;8.271299601e-01
6.727440186e+02;8.290216923e-01
6.729738159e+02;8.265171051e-01
6.732035522e+02;8.270500302e-01
6.734333496e+02;8.284088969e-01
6.736631470e+02;8.177776933e-01
6.738929443e+02;8.324055672e-01
6.741228027e+02;8.242790103e-01
6.743526001e+02;8.200957775e-01
6.745824585e+02;8.282756805e-01
6.748123169e+02;8.210549951e-01
6.750421753e+02;8.252914548e-01
6.752720337e+02;8.257178068e-01
6.755019531e+02;8.171382546e-01
6.757318115e+02;8.223605752e-01
6.759617310e+02;8.222007155e-01
6.761916504e+02;8.219076395e-01
6.764215698e+02;8.172181845e-01
6.766514893e+02;8.263838887e-01
6.768814087e+02;8.156994581e-01
6.771113892e+02;8.236395121e-01
6.773413696e+02;8.181507587e-01
6.775712891e+02;8.287552595e-01
6.778012695e+02;8.222273588e-01
6.780313110e+02;8.270500302e-01
6.782612915e+02;8.239059448e-01
6.784912720e+02;8.275029659e-01
6.787213135e+02;8.160724640e-01
6.789513550e+02;8.178043365e-01
6.791813965e+02;8.263572454e-01
6.794114380e+02;8.269701004e-01
6.796415405e+02;8.227868676e-01
6.798715820e+02;8.220408559e-01
6.801016846e+02;8.276361823e-01
6.803317871e+02;8.297144771e-01
6.805618896e+02;8.212947845e-01
6.807919922e+02;8.259842396e-01
6.810220947e+02;8.191632032e-01
6.812522583e+02;8.179641962e-01
6.814823608e+02;8.197227716e-01
6.817125244e+02;8.275029659e-01
6.819426880e+02;8.150599599e-01
6.821728516e+02;8.242257237e-01
6.824030151e+02;8.181774020e-01
6.826332397e+02;8.252115250e-01
6.828634644e+02;8.192431331e-01
6.830936279e+02;8.290216923e-01
6.833238525e+02;8.207619190e-01
6.835540771e+02;8.208951354e-01
6.837843628e+02;8.219875693e-01
6.840145874e+02;8.247053027e-01
6.842448730e+02;8.126353025e-01
6.844751587e+02;8.236927986e-01
6.847054443e+02;8.223072886e-01
6.849357300e+02;8.209750652e-01
6.851660156e+02;8.189234138e-01
6.853963623e+02;8.150333166e-01
6.856266479e+02;8.177510500e-01
6.858569946e+02;8.156461716e-01
6.860873413e+02;8.090116382e-01
6.863176880e+02;8.141540289e-01
6.865480347e+02;8.184971213e-01
6.867784424e+02;8.208951354e-01
6.870087891e+02;8.142339587e-01
6.872391968e+02;8.096777797e-01
6.874696045e+02;8.180707693e-01
6.877000122e+02;8.142073154e-01
6.879304199e+02;8.073863387e-01
6.881608887e+02;8.098109961e-01
6.883912964e+02;8.039491773e-01
6.886217651e+02;8.084521294e-01
6.888522339e+02;8.032031059e-01
6.890827026e+02;8.052014709e-01
6.893131714e+02;8.082389235e-01
6.895437012e+02;8.101307154e-01
6.897741699e+02;8.042422533e-01
6.900046997e+02;8.051748276e-01
6.902352295e+02;8.042156100e-01
6.904657593e+02;8.084254861e-01
6.906962891e+02;8.054412603e-01
6.909268799e+02;8.027235270e-01
6.911574097e+02;8.083455563e-01
6.913880005e+02;8.063738346e-01
6.916185913e+02;8.081589937e-01
6.918491821e+02;7.997393012e-01
6.920797729e+02;7.976877093e-01
6.923104248e+02;8.019241691e-01
6.925410156e+02;7.990732193e-01
6.927716675e+02;7.978742123e-01
6.930023193e+02;8.025636673e-01
6.932329712e+02;7.997393012e-01
6.934636230e+02;7.960889935e-01
6.936942749e+02;7.991531491e-01
6.939249878e+02;7.933712602e-01
6.941557007e+02;7.957159877e-01
6.943864136e+02;7.958225608e-01
6.946171265e+02;7.947567701e-01
6.948478394e+02;7.887350917e-01
6.950785522e+02;7.904403806e-01
6.953093262e+02;7.918791771e-01
6.955400391e+02;7.954495549e-01
6.957708130e+02;7.927851081e-01
6.960015869e+02;7.860972881e-01
6.962323608e+02;7.909466028e-01
6.964631958e+02;7.919591069e-01
6.966939697e+02;7.887084484e-01
6.969248047e+02;7.869499326e-01
6.971556396e+02;7.840989828e-01
6.973864746e+02;7.964354157e-01
6.976173096e+02;7.879357934e-01
6.978481445e+02;7.850581408e-01
6.980790405e+02;7.858841419e-01
6.983099365e+02;7.772246599e-01
6.985407715e+02;7.914262414e-01
6.987716675e+02;7.924919724e-01
6.990025635e+02;7.934511900e-01
6.992335205e+02;7.826601267e-01
6.994644165e+02;7.866834998e-01
6.996953735e+02;7.933979034e-01
6.999263306e+02;7.880956531e-01
7.001572876e+02;7.913196683e-01
7.003882446e+02;7.865502834e-01
7.006192017e+02;7.805286050e-01
7.008502197e+02;7.835394144e-01
7.010811768e+02;7.844986320e-01
7.013121948e+02;7.871097922e-01
7.015432129e+02;7.819141150e-01
7.017742310e+02;7.831131220e-01
7.020052490e+02;7.790364623e-01
7.022363281e+02;7.843920588e-01
7.024674072e+02;7.824203372e-01
7.026984253e+02;7.923853993e-01
7.029295044e+02;7.811946869e-01
7.031605835e+02;7.865769267e-01
7.033917236e+02;7.872163653e-01
7.036228027e+02;7.860173583e-01
7.038539429e+02;7.745868564e-01
7.040850220e+02;7.842854857e-01
7.043161621e+02;7.908933163e-01
7.045473022e+02;7.861239314e-01
7.047785034e+02;7.830065489e-01
7.050096436e+02;7.788499594e-01
7.052408447e+02;7.866302133e-01
7.054719849e+02;7.843121290e-01
7.057031860e+02;7.842055559e-01
7.059343872e+02;7.852447033e-01
7.061656494e+02;7.778640985e-01
7.063968506e+02;7.875360847e-01
7.066281128e+02;7.941972613e-01
7.068593140e+02;7.808216810e-01
7.070905762e+02;7.775177360e-01
7.073218384e+02;7.824469805e-01
7.075531616e+02;7.795960307e-01
7.077844238e+02;7.773845196e-01
7.080157471e+02;7.803420424e-01
7.082470093e+02;7.882288694e-01
7.084783325e+02;7.755993605e-01
7.087096558e+02;7.845252752e-01
7.089409790e+02;7.836193442e-01
7.091723633e+02;7.796226740e-01
7.094036865e+02;7.786900997e-01
7.096350708e+02;7.830065489e-01
7.098664551e+02;7.811680436e-01
7.100978394e+02;7.770381570e-01
7.103292236e+02;7.783170938e-01
7.105606689e+02;7.795693874e-01
7.107920532e+02;7.764785886e-01
7.110234985e+02;7.800756097e-01
7.112549438e+02;7.804486752e-01
7.114863892e+02;7.889749408e-01
7.117178345e+02;7.770381570e-01
7.119492798e+02;7.777308822e-01
7.121807861e+02;7.730147839e-01
7.124122314e+02;7.740006447e-01
7.126437378e+02;7.691246867e-01
7.128752441e+02;7.730681300e-01
7.131067505e+02;7.659273744e-01
7.133383179e+02;7.711496949e-01
7.135698242e+02;7.647017241e-01
7.138013916e+02;7.693378329e-01
7.140329590e+02;7.644352317e-01
7.142645264e+02;7.615576386e-01
7.144960938e+02;7.589997649e-01
7.147276611e+02;7.656875253e-01
7.149592896e+02;7.664602399e-01
7.151908569e+02;7.642753720e-01
7.154224854e+02;7.587866187e-01
7.156541138e+02;7.558023930e-01
7.158857422e+02;7.552162409e-01
7.161173706e+02;7.547632456e-01
7.163490601e+02;7.522853017e-01
7.165806885e+02;7.521520853e-01
7.168123779e+02;7.512995005e-01
7.170440674e+02;7.520455122e-01
7.172757568e+02;7.503935695e-01
7.175075073e+02;7.491679192e-01
7.177391968e+02;7.318489552e-01
7.179709473e+02;7.471429110e-01
7.182026367e+02;7.289180160e-01
7.184343872e+02;7.376307845e-01
7.186661377e+02;7.394426465e-01
7.188979492e+02;7.334209681e-01
7.191296997e+02;7.206315398e-01
7.193615112e+02;7.347265482e-01
7.195933228e+02;7.299305201e-01
7.198250732e+02;7.327814698e-01
7.200569458e+02;7.286782265e-01
7.202887573e+02;7.263601422e-01
7.205205688e+02;7.272127867e-01
7.207524414e+02;7.190861702e-01
7.209842529e+02;7.214042544e-01
7.212161255e+02;7.210312486e-01
7.214479980e+02;7.181269526e-01
7.216799316e+02;7.132509947e-01
7.219118042e+02;7.121319175e-01
7.221437378e+02;7.182601690e-01
7.223756104e+02;7.082151771e-01
7.226075439e+02;7.143167853e-01
7.228394775e+02;7.101069689e-01
7.230714111e+02;7.126914859e-01
7.233034058e+02;7.081618905e-01
7.235353394e+02;7.047780156e-01
7.237673340e+02;7.073625922e-01
7.239993286e+02;7.065898776e-01
7.242313232e+02;6.991294026e-01
7.244633179e+02;7.051244378e-01
7.246953735e+02;6.929478645e-01
7.249273682e+02;6.980902553e-01
7.251594238e+02;6.890577078e-01
7.253914795e+02;6.914823651e-01
7.256235352e+02;6.839686036e-01
7.258555908e+02;6.892975569e-01
7.260876465e+02;6.882317662e-01
7.263197632e+02;6.899902821e-01
7.265518188e+02;6.900435686e-01
7.267839355e+02;6.830627322e-01
7.270160522e+02;6.765614152e-01
7.272481689e+02;6.891110539e-01
7.274803467e+02;6.813308001e-01
7.277124634e+02;6.886047721e-01
7.279446411e+02;6.727778912e-01
7.281768188e+02;6.766946316e-01
7.284089355e+02;6.762416959e-01
7.286411743e+02;6.740834713e-01
7.288733521e+02;6.775739193e-01
7.291055298e+02;6.741367579e-01
7.293377686e+02;6.810110807e-01
7.295700073e+02;6.777604222e-01
7.298022461e+02;6.731242537e-01
7.300344849e+02;6.740834713e-01
7.302667236e+02;6.581766605e-01
7.304990234e+02;6.671558619e-01
7.307312622e+02;6.648111939e-01
7.309635620e+02;6.600151658e-01
7.311958618e+02;6.613740325e-01
7.314281616e+02;6.674756408e-01
7.316604614e+02;6.540467739e-01
7.318928223e+02;6.577770114e-01
7.321251221e+02;6.640917659e-01
7.323574829e+02;6.569510102e-01
7.325898438e+02;6.457602978e-01
7.328222046e+02;6.580967307e-01
7.330545654e+02;6.455471516e-01
7.332869873e+02;6.520217657e-01
7.335193481e+02;6.473323107e-01
7.337517700e+02;6.501033306e-01
7.339841919e+02;6.450675130e-01
7.342166138e+02;6.442948580e-01
7.344490356e+02;6.370208859e-01
7.346815186e+02;6.461066604e-01
7.349139404e+02;6.372873187e-01
7.351464233e+02;6.416037083e-01
7.353789062e+02;6.307860613e-01
7.356113892e+02;6.357419491e-01
7.358438721e+02;6.328376532e-01
7.360763550e+02;6.381133199e-01
7.363088989e+02;6.276153326e-01
7.365414429e+02;6.360883117e-01
7.367739258e+02;6.272689700e-01
7.370065308e+02;6.290807724e-01
7.372390747e+02;6.267626882e-01
7.374716187e+02;6.211940050e-01
7.377042236e+02;6.264962554e-01
7.379367676e+02;6.186094880e-01
7.381693726e+02;6.243380308e-01
7.384019775e+02;6.240183115e-01
7.386345825e+02;6.150923967e-01
7.388672485e+02;6.236186624e-01
7.390998535e+02;6.113088727e-01
7.393325195e+02;6.106960177e-01
7.395651855e+02;6.004378796e-01
7.397978516e+02;6.084045768e-01
7.400305176e+02;6.036351919e-01
7.402631836e+02;6.060598493e-01
7.404959106e+02;6.079249978e-01
7.407285767e+02;6.009973884e-01
7.409613037e+02;5.963345766e-01
7.411940308e+02;6.011306047e-01
7.414267578e+02;5.973470807e-01
7.416594849e+02;5.967342854e-01
7.418922729e+02;5.953487158e-01
7.421250000e+02;5.910856128e-01
7.423577881e+02;5.939632058e-01
7.425905762e+02;5.871155858e-01
7.428233643e+02;5.812537670e-01
7.430562134e+02;5.830655694e-01
7.432890015e+02;5.867158771e-01
7.435218506e+02;5.789356828e-01
7.437546387e+02;5.829323530e-01
7.439874878e+02;5.758448839e-01
7.442203369e+02;5.776034594e-01
7.444532471e+02;5.841047168e-01
7.446860962e+02;5.780297518e-01
7.449190063e+02;5.828790665e-01
7.451518555e+02;5.736334324e-01
7.453847656e+02;5.752320886e-01
7.456176758e+02;5.731271505e-01
7.458506470e+02;5.747258663e-01
7.460835571e+02;5.665459633e-01
7.463164673e+02;5.678515434e-01
7.465494385e+02;5.673719049e-01
7.467824097e+02;5.622028708e-01
7.470153809e+02;5.663328171e-01
7.472483521e+02;5.619364381e-01
7.474813843e+02;5.572203398e-01
7.477143555e+02;5.638815165e-01
7.479473877e+02;5.578864813e-01
7.481804199e+02;5.563144088e-01
7.484134521e+02;5.541828871e-01
7.486464844e+02;5.507457256e-01
7.488795166e+02;5.512785912e-01
7.491126099e+02;5.511720181e-01
7.493457031e+02;5.537032485e-01
7.495787354e+02;5.473352075e-01
7.498118286e+02;5.420862436e-01
7.500449829e+02;5.526374578e-01
7.502780762e+02;5.377964377e-01
7.505111694e+02;5.444043279e-01
7.507443237e+02;5.423526764e-01
7.509774780e+02;5.411270261e-01
7.512106323e+02;5.469355583e-01
7.514437866e+02;5.412335992e-01
7.516769409e+02;5.365974307e-01
7.519101562e+02;5.397948027e-01
7.521433105e+02;5.329471231e-01
7.523765259e+02;5.385691524e-01
7.526097412e+02;5.325474739e-01
7.528429565e+02;5.299629569e-01
7.530762329e+02;5.263659358e-01
7.533094482e+02;5.255665779e-01
7.535427246e+02;5.292968154e-01
7.537759399e+02;5.239945650e-01
7.540092163e+02;5.274583697e-01
7.542425537e+02;5.230353475e-01
7.544758301e+02;5.203442574e-01
7.547091064e+02;5.197314024e-01
7.549424438e+02;5.224758387e-01
7.551757812e+02;5.143225789e-01
7.554090576e+02;5.173600316e-01
7.556424561e+02;5.119778514e-01
7.558757935e+02;5.108587742e-01
7.561091309e+02;5.119778514e-01
7.563425293e+02;5.083009005e-01
7.565759277e+02;5.099528432e-01
7.568092651e+02;5.084607601e-01
7.570426636e+02;5.037180185e-01
7.572761230e+02;5.093400478e-01
7.575095215e+02;5.098196268e-01
7.577429810e+02;5.095265508e-01
7.579763794e+02;5.039578080e-01
7.582098389e+02;5.120577812e-01
7.584432983e+02;5.016930699e-01
7.586767578e+02;5.015597939e-01
7.589102783e+02;5.008137822e-01
7.591437378e+02;4.974565506e-01
7.593772583e+02;4.976164103e-01
7.596107788e+02;5.022792220e-01
7.598442993e+02;4.979361594e-01
7.600778198e+02;4.948453903e-01
7.603113403e+02;4.942592084e-01
7.605449219e+02;4.956713617e-01
7.607785034e+02;4.903157949e-01
7.610120239e+02;4.958045781e-01
7.612456055e+02;4.878644943e-01
7.614792480e+02;4.858928025e-01
7.617128296e+02;4.837346077e-01
7.619464111e+02;4.896496832e-01
7.621800537e+02;4.829618931e-01
7.624136963e+02;4.876779914e-01
7.626473389e+02;4.838411808e-01
7.628809814e+02;4.827753901e-01
7.631146240e+02;4.854398370e-01
7.633483276e+02;4.839477539e-01
7.635819702e+02;4.820826352e-01
7.638156738e+02;4.789652228e-01
7.640493774e+02;4.760609567e-01
7.642830811e+02;4.765938520e-01
7.645167847e+02;4.730234742e-01
7.647505493e+02;4.788053334e-01
7.649842529e+02;4.745954871e-01
7.652180176e+02;4.629251659e-01
7.654517822e+02;4.749685228e-01
7.656855469e+02;4.720908999e-01
7.659193726e+02;4.657495022e-01
7.661531372e+02;4.679876566e-01
7.663869019e+02;4.661758244e-01
7.666207275e+02;4.658294320e-01
7.668545532e+02;4.618594050e-01
7.670883789e+02;4.630317390e-01
7.673222046e+02;4.639110267e-01
7.675560913e+02;4.664422572e-01
7.677899170e+02;4.601275027e-01
7.680238037e+02;4.596212506e-01
7.682576904e+02;4.602074325e-01
7.684915771e+02;4.590617120e-01
7.687254639e+02;4.659626484e-01
7.689594116e+02;4.553581178e-01
7.691932983e+02;4.584222436e-01
7.694272461e+02;4.614064395e-01
7.696611938e+02;4.558643699e-01
7.698951416e+02;4.529334605e-01
7.701290894e+02;4.476311803e-01
7.703630371e+02;4.561840892e-01
7.705970459e+02;4.485637546e-01
7.708309937e+02;4.481107891e-01
7.710650024e+02;4.399842024e-01
7.712990112e+02;4.445404112e-01
7.715330200e+02;4.480308592e-01
7.717670898e+02;4.498959780e-01
7.720010986e+02;4.446469843e-01
7.722351685e+02;4.437410831e-01
7.724692383e+02;4.401174188e-01
7.727033081e+02;4.339092374e-01
7.729373779e+02;4.322306216e-01
7.731714478e+02;4.422489703e-01
7.734055176e+02;4.350549579e-01
7.736396484e+02;4.397177398e-01
7.738737793e+02;4.284470975e-01
7.741079102e+02;4.409433901e-01
7.743420410e+02;4.320974052e-01
7.745761719e+02;4.285536706e-01
7.748103638e+02;4.275145233e-01
7.750444946e+02;4.260490835e-01
7.752786865e+02;4.278875589e-01
7.755128784e+02;4.245569706e-01
7.757470703e+02;4.296993911e-01
7.759812622e+02;4.253030121e-01
7.762155151e+02;4.248767197e-01
7.764497070e+02;4.226119220e-01
7.766839600e+02;4.183754325e-01
7.769182129e+02;4.224787056e-01
7.771524658e+02;4.221056700e-01
7.773867188e+02;4.201339781e-01
7.776209717e+02;4.177892506e-01
7.778552856e+02;4.229583144e-01
7.780895996e+02;4.136060476e-01
7.783239136e+02;4.162705243e-01
7.785582275e+02;4.131531119e-01
7.787925415e+02;4.182155728e-01
7.790268555e+02;4.062255025e-01
7.792612305e+02;4.105152786e-01
7.794955444e+02;4.083570838e-01
7.797299194e+02;4.033745229e-01
7.799642944e+02;4.042804539e-01
7.801986694e+02;4.051597118e-01
7.804331055e+02;4.028949440e-01
7.806674805e+02;4.044669569e-01
7.809019165e+02;4.003370404e-01
7.811363525e+02;3.993512094e-01
7.813707886e+02;3.941288590e-01
7.816052246e+02;4.015626907e-01
7.818396606e+02;3.967400491e-01
7.820741577e+02;3.935160339e-01
7.823085938e+02;3.919973075e-01
7.825430908e+02;3.942887485e-01
7.827775879e+02;3.913578391e-01
7.830120850e+02;3.895193636e-01
7.832465820e+02;3.919173777e-01
7.834811401e+02;3.918907344e-01
7.837156372e+02;3.875209987e-01
7.839501953e+02;3.902387619e-01
7.841847534e+02;3.860022724e-01
7.844193115e+02;3.967133760e-01
7.846539307e+02;3.862420619e-01
7.848884888e+02;3.882937133e-01
7.851231079e+02;3.835243285e-01
7.853576660e+02;3.833644688e-01
7.855922852e+02;3.779822588e-01
7.858269043e+02;3.823253214e-01
7.860615845e+02;3.843502998e-01
7.862962036e+02;3.841904402e-01
7.865308228e+02;3.841904402e-01
7.867655029e+02;3.855226636e-01
7.870001831e+02;3.796875179e-01
7.872348633e+02;3.819522858e-01
7.874695435e+02;3.821121752e-01
7.877042847e+02;3.819522858e-01
7.879389648e+02;3.742786646e-01
7.881737061e+02;3.833911121e-01
7.884084473e+02;3.743852377e-01
7.886431885e+02;3.740388453e-01
7.888779297e+02;3.712145388e-01
7.891126709e+02;3.753444254e-01
7.893474731e+02;3.686033487e-01
7.895822144e+02;3.752378523e-01
7.898170166e+02;3.733460903e-01
7.900518188e+02;3.734526634e-01
7.902866211e+02;3.686566353e-01
7.905214844e+02;3.706550002e-01
7.907562866e+02;3.673510551e-01
7.909911499e+02;3.694293499e-01
7.912260132e+02;3.661786914e-01
7.914608765e+02;3.699355721e-01
7.916957397e+02;3.678573072e-01
7.919306030e+02;3.615691960e-01
7.921655273e+02;3.639405668e-01
7.924003906e+02;3.596241474e-01
7.926353149e+02;3.620221317e-01
7.928702393e+02;3.704684675e-01
7.931051636e+02;3.657257557e-01
7.933400879e+02;3.647132516e-01
7.935750732e+02;3.587182164e-01
7.938099976e+02;3.592511117e-01
7.940449829e+02;3.649263978e-01
7.942799683e+02;3.611961603e-01
7.945149536e+02;3.615691960e-01
7.947499390e+02;3.581586778e-01
7.949849854e+02;3.557073772e-01
7.952199707e+02;3.553876579e-01
7.954550171e+02;3.633010983e-01
7.956900635e+02;3.560271263e-01
7.959251099e+02;3.575458527e-01
7.961601562e+02;3.595175445e-01
7.963952026e+02;3.541886508e-01
7.966303101e+02;3.561869860e-01
7.968654175e+02;3.477140069e-01
7.971004639e+02;3.559738398e-01
7.973355713e+02;3.496324122e-01
7.975707397e+02;3.522169292e-01
7.978058472e+02;3.487265110e-01
7.980410156e+02;3.461686075e-01
7.982761230e+02;3.490728736e-01
7.985112915e+02;3.494991958e-01
7.987464600e+02;3.473942578e-01
7.989816284e+02;3.479271531e-01
7.992167969e+02;3.446232378e-01
7.994520264e+02;3.439038396e-01
7.996872559e+02;3.426781893e-01
7.999224243e+02;3.489663005e-01
8.001576538e+02;3.445166647e-01
8.003928833e+02;3.422252238e-01
8.006281738e+02;3.353775740e-01
8.008634033e+02;3.423850834e-01
8.010986938e+02;3.367097974e-01
8.013339844e+02;3.378022313e-01
8.015692749e+02;3.359104693e-01
8.018045654e+02;3.333525658e-01
8.020398560e+02;3.303417265e-01
8.022751465e+02;3.329262733e-01
8.025104980e+02;3.335657418e-01
8.027458496e+02;3.364966512e-01
8.029812012e+02;3.379887342e-01
8.032165527e+02;3.353509307e-01
8.034519043e+02;3.348180354e-01
8.036872559e+02;3.340186775e-01
8.039226685e+02;3.297289014e-01
8.041580811e+02;3.317006230e-01
8.043934326e+02;3.232276440e-01
8.046288452e+02;3.283167481e-01
8.048643188e+02;3.276506364e-01
8.050997314e+02;3.310877979e-01
8.053352051e+02;3.223749995e-01
8.055706177e+02;3.243200779e-01
8.058060913e+02;3.232276440e-01
8.060415649e+02;3.214957416e-01
8.062770386e+02;3.256256580e-01
8.065125732e+02;3.217621744e-01
8.067480469e+02;3.200036287e-01
8.069835815e+02;3.220286369e-01
8.072191162e+02;3.221618533e-01
8.074546509e+02;3.200835884e-01
8.076901855e+02;3.149944544e-01
8.079257202e+02;3.110510707e-01
8.081613159e+02;3.137954473e-01
8.083968506e+02;3.124632239e-01
8.086324463e+02;3.122767210e-01
8.088680420e+02;3.117438257e-01
8.091036377e+02;3.097454906e-01
8.093392334e+02;3.180852234e-01
8.095748901e+02;3.076938391e-01
8.098104858e+02;3.078536987e-01
8.100461426e+02;3.042833507e-01
8.102817993e+02;3.054023981e-01
8.105174561e+02;3.001800776e-01
8.107531128e+02;3.043099940e-01
8.109888306e+02;3.032974899e-01
8.112244873e+02;2.993807495e-01
8.114602051e+02;2.996205389e-01
8.116959229e+02;2.979685664e-01
8.119316406e+02;3.008994758e-01
8.121673584e+02;2.963432670e-01
8.124031372e+02;2.990343571e-01
8.126388550e+02;2.974623144e-01
8.128746338e+02;2.919202447e-01
8.131104126e+02;2.992208600e-01
8.133461914e+02;2.970093787e-01
8.135819702e+02;2.914939523e-01
8.138177490e+02;2.938120067e-01
8.140535889e+02;2.897620499e-01
8.142894287e+02;2.889094055e-01
8.145252075e+02;2.867512107e-01
8.147610474e+02;2.946646512e-01
8.149969482e+02;2.859252095e-01
8.152327881e+02;2.868311405e-01
8.154686279e+02;2.806229591e-01
8.157045288e+02;2.802499235e-01
8.159404297e+02;2.797436714e-01
8.161763306e+02;2.817953229e-01
8.164122314e+02;2.784114480e-01
8.166481323e+02;2.788111269e-01
8.168840942e+02;2.754272521e-01
8.171199951e+02;2.753206789e-01
8.173559570e+02;2.723364830e-01
8.175919189e+02;2.786512375e-01
8.178278809e+02;2.784380913e-01
8.180638428e+02;2.778785527e-01
8.182998657e+02;2.724696994e-01
8.185358276e+02;2.753206789e-01
8.187718506e+02;2.671408057e-01
8.190078735e+02;2.710841894e-01
8.192438965e+02;2.687927485e-01
8.194799194e+02;2.715904415e-01
8.197160034e+02;2.637569308e-01
8.199520264e+02;2.651690841e-01
8.201881104e+02;2.658618391e-01
8.204241943e+02;2.666345537e-01
8.206602783e+02;2.630641758e-01
8.208963623e+02;2.649026513e-01
8.211325073e+02;2.630908191e-01
8.213685913e+02;2.610658407e-01
8.216047363e+02;2.617585957e-01
8.218408813e+02;2.631441057e-01
8.220770264e+02;2.584280074e-01
8.223131714e+02;2.605862319e-01
8.225493164e+02;2.572556436e-01
8.227855225e+02;2.549375594e-01
8.230216675e+02;2.539517283e-01
8.232578735e+02;2.611990571e-01
8.234940796e+02;2.510741055e-01
8.237302856e+02;2.600000501e-01
8.239665527e+02;2.519267499e-01
8.242027588e+02;2.566161752e-01
8.244390259e+02;2.542714477e-01
8.246752930e+02;2.508609593e-01
8.249115601e+02;2.486228049e-01
8.251478271e+02;2.482231408e-01
8.253840942e+02;2.513139248e-01
8.256203613e+02;2.536852658e-01
8.258566895e+02;2.509941757e-01
8.260930176e+02;2.472372949e-01
8.263293457e+02;2.448925674e-01
8.265656738e+02;2.472905815e-01
8.268020020e+02;2.475836724e-01
8.270383301e+02;2.463846654e-01
8.272747192e+02;2.478767633e-01
8.275111084e+02;2.456119657e-01
8.277474976e+02;2.461182177e-01
8.279838867e+02;2.445461899e-01
8.282202759e+02;2.442530990e-01
8.284566650e+02;2.457718402e-01
8.286931152e+02;2.423346937e-01
8.289295044e+02;2.420149595e-01
8.291659546e+02;2.424945533e-01
8.294024048e+02;2.474237978e-01
8.296388550e+02;2.407892942e-01
8.298753662e+02;2.364728749e-01
8.301118164e+02;2.431606650e-01
8.303483276e+02;2.427077144e-01
8.305848389e+02;2.447859943e-01
8.308213501e+02;2.396169454e-01
8.310578613e+02;2.438534349e-01
8.312943726e+02;2.351672947e-01
8.315309448e+02;2.408159524e-01
8.317674561e+02;2.394037843e-01
8.320040283e+02;2.308775187e-01
8.322406006e+02;2.430274487e-01
8.324771729e+02;2.420149595e-01
8.327138062e+02;2.348742038e-01
8.329503784e+02;2.351672947e-01
8.331870117e+02;2.392705530e-01
8.334235840e+02;2.371123433e-01
8.336602173e+02;2.329025120e-01
8.338968506e+02;2.336751968e-01
8.341335449e+02;2.317834347e-01
8.343701782e+02;2.367126793e-01
8.346068726e+02;2.350873649e-01
8.348435059e+02;2.341548055e-01
8.350802002e+02;2.337284833e-01
8.353168945e+02;2.306377143e-01
8.355535889e+02;2.324495465e-01
8.357903442e+02;2.309574485e-01
8.360270386e+02;2.339416444e-01
8.362637939e+02;2.294387072e-01
8.365005493e+02;2.291189730e-01
8.367373047e+02;2.257883996e-01
8.369740601e+02;2.295985818e-01
8.372108765e+02;2.306643575e-01
8.374476318e+02;2.282130569e-01
8.376844482e+02;2.301314622e-01
8.379212646e+02;2.272272110e-01
8.381580200e+02;2.275735885e-01
8.383948975e+02;2.287193090e-01
8.386317139e+02;2.231772393e-01
8.388685303e+02;2.277334630e-01
8.391054077e+02;2.231505811e-01
8.393422852e+02;2.265610993e-01
8.395791626e+02;2.235769033e-01
8.398160400e+02;2.249091268e-01
8.400529175e+02;2.228841484e-01
8.402898560e+02;2.264012247e-01
8.405267334e+02;2.224578261e-01
8.407636719e+02;2.252288610e-01
8.410006104e+02;2.229107916e-01
8.412375488e+02;2.258683294e-01
8.414744873e+02;2.254686654e-01
8.417114868e+02;2.232305259e-01
8.419484253e+02;2.210723162e-01
8.421854248e+02;2.220581621e-01
8.424224243e+02;2.234436721e-01
8.426594238e+02;2.200331688e-01
8.428964233e+02;2.198999524e-01
8.431334839e+02;2.196867913e-01
8.433704834e+02;2.117733508e-01
8.436075439e+02;2.173953652e-01
8.438446045e+02;2.162496448e-01
8.440816650e+02;2.142246515e-01
8.443187256e+02;2.181147635e-01
8.445557861e+02;2.133986652e-01
8.447929077e+02;2.163295746e-01
8.450299683e+02;2.146509737e-01
8.452670898e+02;2.151838541e-01
8.455042114e+02;2.134519666e-01
8.457413330e+02;2.084427774e-01
8.459785156e+02;2.131055743e-01
8.462156372e+02;2.129990011e-01
8.464528198e+02;2.149174064e-01
8.466899414e+02;2.140114903e-01
8.469271240e+02;2.171022743e-01
8.471643677e+02;2.135318965e-01
8.474015503e+02;2.121996731e-01
8.476387329e+02;2.089490294e-01
8.478759766e+02;2.109740078e-01
8.481132202e+02;2.081230432e-01
8.483504639e+02;2.101213932e-01
8.485877075e+02;2.096151412e-01
8.488249512e+02;2.086292952e-01
8.490621948e+02;2.055118829e-01
8.492994995e+02;2.050589174e-01
8.495368042e+02;2.070306242e-01
8.497740479e+02;2.054585814e-01
8.500113525e+02;2.031671554e-01
8.502487183e+02;2.071638405e-01
8.504860229e+02;2.023411691e-01
8.507233887e+02;2.049523443e-01
8.509606934e+02;2.024744004e-01
8.511980591e+02;2.042062879e-01
8.514354248e+02;2.042862177e-01
8.516727905e+02;1.989306659e-01
8.519102173e+02;2.016484141e-01
8.521475830e+02;1.987707913e-01
8.523850098e+02;2.007424980e-01
8.526224365e+02;2.002362460e-01
8.528598633e+02;2.007691413e-01
8.530972900e+02;2.034868896e-01
8.533347168e+02;1.973319948e-01
8.535721436e+02;1.991438270e-01
8.538096313e+02;1.950139105e-01
8.540471191e+02;1.981046796e-01
8.542846069e+02;1.925093234e-01
8.545220947e+02;1.963461339e-01
8.547595825e+02;1.927757710e-01
8.549971313e+02;1.957866102e-01
8.552346191e+02;1.922695190e-01
8.554721680e+02;1.968257427e-01
8.557097168e+02;1.957866102e-01
8.559472656e+02;1.898715049e-01
8.561848145e+02;1.934418827e-01
8.564224243e+02;1.948007494e-01
8.566599731e+02;1.933086514e-01
8.568975830e+02;1.933885962e-01
8.571351929e+02;1.869139522e-01
8.573728027e+02;1.899247915e-01
8.576104126e+02;1.856616586e-01
8.578480225e+02;1.881129593e-01
8.580856934e+02;1.840629876e-01
8.583233032e+02;1.909905821e-01
8.585609741e+02;1.868340224e-01
8.587986450e+02;1.853685677e-01
8.590363159e+02;1.845425963e-01
8.592740479e+02;1.868873090e-01
8.595117188e+02;1.841429174e-01
8.597494507e+02;1.844093651e-01
8.599871826e+02;1.831037849e-01
8.602249146e+02;1.824110299e-01
8.604626465e+02;1.841962039e-01
8.607003784e+02;1.824909598e-01
8.609381714e+02;1.831837147e-01
8.611759033e+02;1.822777987e-01
8.614136963e+02;1.792403162e-01
8.616514893e+02;1.786008477e-01
8.618892822e+02;1.810521483e-01
8.621270752e+02;1.739913374e-01
8.623649292e+02;1.770021766e-01
8.626027222e+02;1.822511554e-01
8.628405762e+02;1.762294769e-01
8.630784302e+02;1.775084138e-01
8.633162842e+02;1.752969176e-01
8.635541382e+02;1.793469042e-01
8.637919922e+02;1.757498831e-01
8.640299072e+02;1.766291559e-01
8.642678223e+02;1.698081344e-01
8.645057373e+02;1.746840924e-01
8.647436523e+02;1.762827635e-01
8.649815674e+02;1.734850854e-01
8.652194824e+02;1.738048196e-01
8.654574585e+02;1.762028337e-01
8.656953735e+02;1.741245538e-01
8.659333496e+02;1.701278687e-01
8.661713257e+02;1.738581061e-01
8.664093018e+02;1.716732532e-01
8.666472778e+02;1.685558408e-01
8.668853149e+02;1.667706519e-01
8.671233521e+02;1.678097993e-01
8.673613281e+02;1.682361066e-01
8.675993652e+02;1.692752391e-01
8.678374023e+02;1.642660648e-01
8.680755005e+02;1.682361066e-01
8.683135376e+02;1.664509177e-01
8.685516357e+02;1.677032113e-01
8.687896729e+02;1.687423587e-01
8.690277710e+02;1.670903862e-01
8.692658691e+02;1.664775610e-01
8.695040283e+02;1.650654078e-01
8.697421265e+02;1.651453376e-01
8.699802856e+02;1.631203443e-01
8.702183838e+02;1.657848060e-01
8.704565430e+02;1.611486524e-01
8.706947021e+02;1.647456735e-01
8.709328613e+02;1.610953659e-01
8.711710815e+02;1.632535756e-01
8.714092407e+02;1.620545685e-01
8.716474609e+02;1.614417434e-01
8.718856812e+02;1.587239951e-01
8.721239014e+02;1.604558825e-01
8.723621216e+02;1.568055749e-01
8.726003418e+02;1.613617986e-01
8.728386230e+02;1.549404562e-01
8.730768433e+02;1.577914357e-01
8.733151245e+02;1.584309042e-01
8.735534058e+02;1.581644565e-01
8.737916870e+02;1.522493511e-01
8.740299683e+02;1.564325541e-01
8.742683105e+02;1.544342190e-01
8.745066528e+02;1.501444429e-01
8.747449341e+02;1.571786106e-01
8.749832764e+02;1.506773233e-01
8.752216187e+02;1.555799246e-01
8.754600220e+02;1.524891555e-01
8.756983643e+02;1.521161348e-01
8.759367065e+02;1.474266946e-01
8.761751099e+02;1.507572681e-01
8.764135132e+02;1.526490301e-01
8.766519165e+02;1.491319388e-01
8.768903198e+02;1.460411698e-01
8.771287842e+02;1.510770023e-01
8.773671875e+02;1.456947923e-01
8.776056519e+02;1.491319388e-01
8.778441162e+02;1.454549879e-01
8.780825806e+02;1.445757151e-01
8.783210449e+02;1.437230855e-01
8.785595093e+02;1.478530020e-01
8.787980347e+02;1.432168484e-01
8.790364990e+02;1.474000514e-01
8.792750244e+02;1.455615610e-01
8.795135498e+02;1.418579668e-01
8.797520752e+02;1.419645548e-01
8.799906616e+02;1.477997154e-01
8.802291870e+02;1.411918551e-01
8.804677734e+02;1.416981071e-01
8.807062988e+02;1.386073381e-01
8.809448853e+02;1.400727779e-01
8.811834717e+02;1.382609457e-01
8.814221191e+02;1.416981071e-01
8.816607056e+02;1.405790299e-01
8.818993530e+02;1.379945129e-01
8.821379395e+02;1.381810158e-01
8.823765869e+02;1.401260793e-01
8.826152344e+02;1.392734498e-01
8.828539429e+02;1.395398974e-01
8.830925903e+02;1.369287223e-01
8.833312988e+02;1.381277293e-01
8.835699463e+02;1.354899108e-01
8.838086548e+02;1.359961629e-01
8.840473633e+02;1.346372962e-01
8.842860718e+02;1.354099810e-01
8.845248413e+02;1.356497854e-01
8.847635498e+02;1.375415474e-01
8.850023193e+02;1.374616176e-01
8.852410889e+02;1.327988207e-01
8.854798584e+02;1.316264570e-01
8.857186279e+02;1.314665824e-01
8.859573975e+02;1.292284429e-01
8.861961670e+02;1.292284429e-01
8.864349976e+02;1.275764704e-01
8.866738281e+02;1.328521073e-01
8.869126587e+02;1.300544143e-01
8.871514893e+02;1.342642605e-01
8.873903198e+02;1.307205409e-01
8.876292114e+02;1.305606663e-01
8.878680420e+02;1.262708902e-01
8.881069336e+02;1.311468482e-01
8.883458252e+02;1.268570721e-01
8.885847168e+02;1.292284429e-01
8.888236084e+02;1.267771423e-01
8.890625000e+02;1.279495060e-01
8.893014526e+02;1.258445829e-01
8.895404053e+02;1.264307648e-01
8.897793579e+02;1.252850443e-01
8.900183105e+02;1.242991909e-01
8.902572632e+02;1.217946038e-01
8.904962158e+02;1.251784563e-01
8.907352295e+02;1.248320863e-01
8.909741821e+02;1.247521490e-01
8.912131958e+02;1.190502122e-01
8.914522095e+02;1.228870302e-01
8.916912231e+02;1.204890162e-01
8.919302368e+02;1.199028343e-01
8.921693115e+02;1.223008484e-01
8.924083862e+02;1.234732121e-01
8.926473999e+02;1.184107363e-01
8.928864746e+02;1.225939393e-01
8.931255493e+02;1.181442961e-01
8.933646851e+02;1.251251698e-01
8.936037598e+02;1.197163239e-01
8.938428955e+02;1.166788414e-01
8.940819702e+02;1.174248904e-01
8.943211060e+02;1.173449531e-01
8.945602417e+02;1.164923310e-01
8.947994385e+02;1.196896806e-01
8.950385742e+02;1.167321280e-01
8.952777100e+02;1.153466105e-01
8.955169067e+02;1.168919951e-01
8.957561035e+02;1.184107363e-01
8.959953003e+02;1.124956459e-01
8.962344971e+02;1.144673452e-01
8.964737549e+02;1.164923310e-01
8.967129517e+02;1.166255549e-01
8.969522095e+02;1.127354428e-01
8.971914673e+02;1.147604287e-01
8.974307251e+02;1.156130582e-01
8.976699829e+02;1.160393730e-01
8.979092407e+02;1.155064777e-01
8.981484985e+02;1.138811633e-01
8.983878174e+02;1.144140512e-01
8.986271362e+02;1.119361073e-01
8.988664551e+02;1.102574989e-01
8.991057739e+02;1.093515828e-01
8.993450928e+02;1.134015620e-01
8.995844727e+02;1.122291982e-01
8.998237915e+02;1.077795550e-01
9.000631714e+02;1.104173660e-01
9.003025513e+02;1.052216738e-01
9.005419312e+02;1.122824848e-01
9.007813110e+02;1.082058623e-01
9.010206909e+02;1.090052053e-01
9.012601318e+02;1.086055338e-01
9.014995728e+02;1.072733030e-01
9.017390137e+02;1.094048694e-01
9.019784546e+02;1.113232821e-01
9.022178955e+02;1.115097925e-01
9.024573364e+02;1.066604778e-01
9.026968384e+02;1.065538973e-01
9.029362793e+02;1.105505899e-01
9.031757812e+02;1.054614708e-01
9.034152832e+02;1.079927087e-01
9.036547852e+02;1.052483171e-01
9.038943481e+02;1.075131074e-01
9.041338501e+02;1.039160863e-01
9.043734131e+02;1.023174152e-01
9.046129150e+02;1.024506390e-01
9.048524780e+02;1.038894430e-01
9.050920410e+02;1.026371494e-01
9.053316650e+02;1.029835269e-01
9.055712280e+02;1.033032611e-01
9.058108521e+02;9.904012829e-02
9.060504150e+02;1.024239883e-01
9.062900391e+02;1.017045900e-01
9.065296631e+02;1.007720232e-01
9.067693481e+02;9.962631017e-02
9.070089722e+02;1.019177437e-01
9.072486572e+02;1.001858488e-01
9.074882812e+02;9.794770181e-02
9.077279663e+02;1.021575481e-01
9.079676514e+02;9.853388369e-02
9.082073364e+02;9.682863206e-02
9.084470825e+02;9.917335212e-02
9.086867676e+02;1.006920934e-01
9.089265137e+02;9.485693276e-02
9.091662598e+02;9.429739416e-02
9.094060059e+02;9.880033135e-02
9.096457520e+02;9.930657595e-02
9.098854980e+02;9.845394641e-02
9.101252441e+02;9.600264579e-02
9.103650513e+02;9.650889039e-02
9.106048584e+02;9.909341484e-02
9.108446655e+02;9.648224711e-02
9.110844727e+02;9.445726126e-02
9.113242798e+02;9.629573673e-02
9.115641479e+02;9.653554112e-02
9.118039551e+02;9.392436594e-02
9.120438232e+02;9.272536635e-02
9.122836914e+02;9.435068071e-02
9.125235596e+02;9.237898141e-02
9.127634277e+02;9.637567401e-02
9.130032959e+02;9.187273681e-02
9.132432251e+02;8.939479291e-02
9.134831543e+02;9.219247103e-02
9.137230225e+02;9.094017744e-02
9.139629517e+02;9.144642204e-02
9.142029419e+02;8.910170197e-02
9.144428711e+02;8.872867376e-02
9.146828003e+02;9.067372978e-02
9.149227905e+02;8.923492581e-02
9.151627808e+02;9.139313549e-02
9.154027710e+02;9.237898141e-02
9.156427612e+02;8.888854086e-02
9.158827515e+02;8.803591877e-02
9.161228027e+02;8.763624728e-02
9.163627930e+02;8.808920532e-02
9.166028442e+02;8.960794657e-02
9.168428955e+02;8.529152721e-02
9.170829468e+02;8.862210065e-02
9.173229980e+02;8.774282783e-02
9.175631104e+02;8.574448526e-02
9.178031616e+02;8.483856916e-02
9.180432739e+02;8.582441509e-02
9.182833862e+02;8.457212150e-02
9.185234985e+02;8.315996081e-02
9.187636108e+02;8.539810032e-02
9.190037231e+02;8.206753433e-02
9.192438965e+02;8.249384165e-02
9.194840698e+02;8.553132415e-02
9.197241821e+02;8.361291885e-02
9.199643555e+02;8.345305175e-02
9.202045898e+02;8.222740144e-02
9.204447632e+02;8.185437322e-02
9.206849365e+02;8.449218422e-02
9.209251709e+02;8.449218422e-02
9.211654053e+02;8.054879308e-02
9.214056396e+02;8.427903056e-02
9.216458740e+02;8.134812862e-02
9.218861084e+02;8.102839440e-02
9.221264038e+02;7.918991894e-02
9.223666382e+02;8.129483461e-02
9.226069336e+02;8.116161823e-02
9.228472290e+02;7.876360416e-02
9.230875244e+02;7.924320549e-02
9.233278198e+02;7.729814947e-02
9.235681763e+02;8.049549907e-02
9.238084717e+02;7.948300987e-02
9.240488281e+02;7.665868104e-02
9.242891846e+02;7.700505853e-02
9.245295410e+02;7.641887665e-02
9.247698975e+02;7.828400284e-02
9.250102539e+02;8.209417760e-02
9.252506714e+02;7.572612166e-02
9.254910278e+02;8.062872291e-02
9.257314453e+02;7.657874376e-02
9.259718628e+02;7.684519142e-02
9.262122803e+02;7.412744313e-02
9.264527588e+02;7.807084173e-02
9.266931763e+02;7.332810760e-02
9.269336548e+02;7.383435220e-02
9.271741333e+02;7.362119853e-02
9.274146118e+02;7.402087003e-02
9.276550903e+02;7.308830321e-02
9.278955688e+02;7.418073714e-02
9.281360474e+02;7.327482104e-02
9.283765869e+02;7.335475087e-02
9.286171265e+02;7.420738041e-02
9.288576660e+02;7.087680697e-02
9.290982056e+02;7.226232439e-02
9.293387451e+02;7.380770892e-02
9.295792847e+02;7.034391165e-02
9.298198853e+02;7.404751331e-02
9.300604248e+02;7.450047135e-02
9.303010254e+02;7.082352042e-02
9.305416260e+02;7.482020557e-02
9.307822266e+02;7.506000251e-02
9.310228882e+02;7.066365331e-02
9.312634888e+02;7.124982774e-02
9.315041504e+02;6.749294698e-02
9.317448120e+02;6.711991876e-02
9.319854736e+02;7.045049220e-02
9.322261353e+02;6.504164636e-02
9.324667969e+02;6.906497478e-02
9.327075195e+02;6.885182112e-02
9.329481812e+02;6.693340838e-02
9.331889038e+02;6.813241541e-02
9.334296265e+02;6.831892580e-02
9.336703491e+02;6.901168823e-02
9.339110718e+02;6.949128956e-02
9.341518555e+02;6.895839423e-02
9.343925781e+02;6.512157619e-02
9.346333618e+02;6.842550635e-02
9.348741455e+02;6.674689800e-02
9.351149292e+02;6.602749228e-02
9.353557129e+02;6.394921243e-02
9.355964966e+02;6.589426845e-02
9.358373413e+02;6.288342923e-02
9.360781250e+02;6.256369501e-02
9.363189697e+02;6.440217048e-02
9.365598145e+02;6.477519870e-02
9.368006592e+02;6.357619166e-02
9.370415649e+02;6.306994706e-02
9.372824097e+02;6.213738397e-02
9.375233154e+02;6.245711818e-02
9.377642212e+02;6.304329634e-02
9.380051270e+02;5.867358670e-02
9.382460327e+02;6.304329634e-02
9.384869385e+02;6.333638728e-02
9.387278442e+02;6.240382791e-02
9.389688110e+02;6.037884206e-02
9.392097778e+02;6.048541889e-02
9.394507446e+02;6.067193300e-02
9.396917114e+02;6.061864272e-02
9.399326782e+02;5.944628268e-02
9.401736450e+02;6.075186655e-02
9.404146729e+02;5.923312530e-02
9.406556396e+02;5.670189112e-02
9.408966675e+02;5.854036659e-02
9.411376953e+02;5.792754143e-02
9.413787842e+02;5.808740854e-02
9.416198120e+02;5.872687697e-02
9.418608398e+02;5.992588401e-02
9.421019287e+02;5.696833506e-02
9.423430176e+02;5.907325819e-02
9.425841064e+02;5.664860085e-02
9.428251953e+02;5.595584214e-02
9.430662842e+02;5.819398537e-02
9.433074341e+02;5.614235252e-02
9.435485229e+02;5.734135956e-02
9.437896729e+02;5.555617064e-02
9.440308228e+02;5.510321259e-02
9.442719727e+02;5.691504478e-02
9.445131226e+02;5.707491189e-02
9.447543335e+02;5.723478273e-02
9.449954834e+02;5.387756228e-02
9.452366943e+02;5.377098545e-02
9.454779053e+02;5.350453779e-02
9.457191162e+02;5.281177908e-02
9.459603271e+02;5.113317072e-02
9.462015381e+02;5.171935260e-02
9.464428101e+02;5.078679323e-02
9.466840820e+02;5.049370229e-02
9.469252930e+02;5.025390163e-02
9.471665649e+02;5.107988417e-02
9.474078979e+02;5.099995062e-02
9.476491699e+02;5.177264288e-02
9.478904419e+02;4.982758686e-02
9.481317749e+02;5.150619522e-02
9.483731079e+02;5.323809385e-02
9.486144409e+02;5.187921971e-02
9.488557739e+02;4.980094358e-02
9.490971069e+02;4.969436303e-02
9.493384399e+02;4.830884561e-02
9.495798340e+02;4.641707987e-02
9.498212280e+02;4.836213589e-02
9.500626221e+02;4.836213589e-02
9.503040161e+02;4.862857983e-02
9.505454102e+02;4.644372687e-02
9.507868042e+02;4.748286307e-02
9.510282593e+02;4.756279662e-02
9.512697144e+02;5.110652745e-02
9.515111084e+02;4.601741210e-02
9.517525635e+02;4.876180366e-02
9.519940796e+02;4.806904495e-02
9.522355347e+02;5.009403452e-02
9.524769897e+02;4.604405537e-02
9.527185059e+02;4.769602045e-02
9.529600220e+02;4.425887018e-02
9.532015381e+02;4.780260101e-02
9.534430542e+02;4.487169534e-02
9.536845703e+02;4.828220233e-02
9.539261475e+02;4.612398893e-02
9.541676636e+02;4.553781077e-02
9.544092407e+02;4.353946447e-02
9.546508179e+02;4.439209402e-02
9.548923950e+02;4.226052761e-02
9.551339722e+02;4.210066050e-02
9.553756104e+02;4.276677221e-02
9.556171875e+02;4.098158702e-02
9.558588257e+02;4.124803096e-02
9.561004639e+02;4.588418826e-02
9.563421021e+02;4.047533870e-02
9.565837402e+02;3.948948905e-02
9.568253784e+02;4.215394706e-02
9.570670776e+02;4.031547159e-02
9.573087158e+02;4.305986315e-02
9.575504150e+02;3.855692968e-02
9.577921143e+02;4.015560448e-02
9.580338135e+02;3.943620250e-02
9.582755737e+02;4.108816385e-02
9.585172729e+02;4.234046116e-02
9.587590332e+02;3.932962194e-02
9.590007324e+02;3.994244710e-02
9.592424927e+02;3.794410452e-02
9.594843140e+02;3.607898206e-02
9.597260742e+02;3.799739480e-02
9.599678345e+02;3.940955549e-02
9.602096558e+02;3.445366398e-02
9.604514160e+02;3.695825487e-02
9.606932373e+02;3.703818843e-02
9.609350586e+02;3.789081424e-02
9.611769409e+02;3.829048201e-02
9.614187622e+02;3.666516393e-02
9.616605835e+02;3.813061491e-02
9.619024658e+02;3.885002062e-02
9.621443481e+02;3.725134581e-02
9.623862305e+02;3.725134581e-02
9.626281128e+02;3.975593671e-02
9.628699951e+02;3.693161160e-02
9.631119385e+02;3.789081424e-02
9.633538818e+02;3.506648913e-02
9.635957642e+02;3.570595756e-02
9.638377075e+02;3.365432471e-02
9.640796509e+02;3.445366398e-02
9.643216553e+02;3.448030725e-02
9.645635986e+02;3.338788077e-02
9.648056030e+02;3.256189823e-02
9.650475464e+02;3.487997875e-02
9.652895508e+02;3.482668847e-02
9.655315552e+02;3.352110460e-02
9.657735596e+02;3.274841234e-02
9.660156250e+02;3.442702070e-02
9.662576294e+02;3.472011164e-02
9.664996948e+02;3.421386331e-02
9.667417603e+02;3.285498917e-02
9.669838257e+02;3.277505562e-02
9.672258911e+02;3.314808011e-02
9.674679565e+02;3.181584924e-02
9.677100830e+02;3.453359753e-02
9.679522095e+02;3.096322343e-02
9.681942749e+02;3.013724089e-02
9.684364014e+02;3.032375313e-02
9.686785278e+02;3.104315698e-02
9.689207153e+02;3.021717630e-02
9.691628418e+02;3.202900663e-02
9.694050293e+02;2.992408536e-02
9.696471558e+02;3.061684407e-02
9.698893433e+02;3.075006790e-02
9.701315308e+02;2.960434929e-02
9.703737793e+02;3.021717630e-02
9.706159668e+02;2.880501188e-02
9.708582153e+02;3.011059761e-02
9.711004028e+02;3.141618147e-02
9.713426514e+02;3.141618147e-02
9.715848999e+02;2.995073050e-02
9.718271484e+02;3.128295764e-02
9.720694580e+02;3.019053116e-02
9.723117065e+02;2.875172347e-02
9.725540161e+02;2.789909765e-02
9.727963257e+02;3.005730733e-02
9.730386353e+02;2.872507833e-02
9.732809448e+02;2.747278288e-02
9.735232544e+02;2.736620605e-02
9.737655640e+02;2.627377771e-02
9.740079346e+02;2.899152413e-02
9.742503052e+02;2.640699968e-02
9.744926758e+02;2.709976025e-02
9.747350464e+02;2.691324800e-02
9.749774170e+02;2.720633708e-02
9.752197876e+02;2.696653642e-02
9.754622192e+02;2.779251896e-02
9.757046509e+02;2.630042285e-02
9.759470825e+02;2.840534411e-02
9.761895142e+02;2.571424097e-02
9.764319458e+02;3.027046472e-02
9.766743774e+02;3.056355566e-02
9.769168701e+02;2.811225317e-02
9.771593018e+02;2.693989128e-02
9.774017944e+02;2.611391060e-02
9.776442871e+02;2.312971652e-02
9.778867798e+02;2.288991585e-02
9.781292725e+02;2.494154871e-02
9.783718262e+02;2.315636165e-02
9.786143799e+02;2.299649455e-02
9.788568726e+02;2.416885644e-02
9.790994263e+02;2.579417452e-02
9.793419800e+02;2.630042285e-02
9.795845947e+02;2.542115003e-02
9.798271484e+02;2.470174804e-02
9.800697021e+02;2.678002417e-02
9.803123169e+02;2.574088611e-02
9.805549316e+02;2.624713257e-02
9.807975464e+02;2.563430741e-02
9.810401611e+02;2.587410808e-02
9.812828369e+02;2.507477067e-02
9.815254517e+02;2.462181263e-02
9.817681274e+02;2.470174804e-02
9.820108032e+02;2.459516935e-02
9.822534790e+02;2.566095255e-02
9.824961548e+02;2.209057845e-02
9.827388306e+02;2.286327071e-02
9.829815674e+02;2.555437386e-02
9.832242432e+02;2.395569906e-02
9.834669800e+02;2.177084237e-02
9.837097168e+02;2.153104171e-02
9.839524536e+02;2.355602942e-02
9.841951904e+02;2.339616232e-02
9.844379883e+02;2.467510290e-02
9.846807251e+02;2.155768685e-02
9.849235229e+02;2.326294035e-02
9.851663208e+02;2.142446302e-02
9.854091187e+02;2.326294035e-02
9.856519165e+02;2.206393331e-02
9.858947144e+02;2.483497001e-02
9.861375732e+02;2.217051201e-02
9.863804321e+02;2.267675847e-02
9.866232300e+02;2.155768685e-02
9.868660889e+02;2.270340361e-02
9.871089478e+02;2.214386687e-02
9.873518677e+02;2.129124105e-02
9.875947266e+02;2.065177076e-02
9.878376465e+02;1.961263269e-02
9.880805664e+02;2.049190365e-02
9.883234863e+02;2.030539140e-02
9.885664062e+02;1.974585466e-02
9.888093262e+02;1.809389144e-02
9.890522461e+02;2.227709070e-02
9.892952271e+02;1.950605400e-02
9.895382080e+02;1.974585466e-02
9.897811279e+02;2.091821656e-02
9.900241699e+02;2.209057845e-02
9.902671509e+02;1.915967464e-02
9.905101318e+02;2.217051201e-02
9.907531738e+02;2.187742107e-02
9.909961548e+02;2.254353650e-02
9.912391968e+02;2.030539140e-02
9.914822388e+02;1.702810824e-02
9.917252808e+02;2.147775330e-02
9.919683838e+02;1.705475152e-02
9.922114258e+02;1.942612045e-02
9.924545288e+02;1.947940886e-02
9.926975708e+02;1.681495085e-02
9.929406738e+02;1.886658370e-02
9.931837769e+02;1.857349277e-02
9.934269409e+02;1.780080050e-02
9.936700439e+02;1.774751209e-02
9.939132080e+02;1.804060116e-02
9.941563110e+02;2.017216757e-02
9.943994751e+02;1.796066761e-02
9.946426392e+02;1.907974109e-02
9.948858643e+02;2.041197009e-02
9.951290283e+02;1.849355921e-02
9.953721924e+02;2.086492814e-02
9.956154175e+02;1.865342818e-02
9.958586426e+02;1.705475152e-02
9.961018677e+02;1.801395789e-02
9.963450928e+02;1.862678304e-02
9.965883179e+02;1.665508375e-02
9.968316040e+02;1.500311960e-02
9.970748291e+02;1.558930054e-02
9.973181152e+02;1.742777601e-02
9.975614014e+02;1.367089059e-02
9.978046875e+02;1.641528308e-02
9.980480347e+02;1.774751209e-02
9.982913208e+02;1.564258896e-02
9.985346680e+02;1.670837216e-02
9.987779541e+02;1.769422181e-02
9.990213013e+02;1.609554701e-02
9.992646484e+02;1.684159599e-02
9.995079956e+02;1.716133021e-02
9.997514038e+02;1.801395789e-02
9.999947510e+02;1.649521664e-02
1.000238159e+03;1.660179533e-02
1.000481567e+03;1.596232504e-02
1.000724976e+03;1.489654090e-02
1.000968384e+03;1.572252251e-02
1.001211792e+03;1.585574634e-02
1.001455261e+03;1.257846318e-02
1.001698669e+03;1.233866159e-02
1.001942139e+03;1.361760125e-02
1.002185608e+03;1.471002959e-02
1.002429077e+03;1.447022799e-02
1.002672546e+03;1.582910120e-02
1.002916077e+03;1.542943250e-02
1.003159546e+03;1.233866159e-02
1.003403076e+03;1.604225859e-02
1.003646606e+03;1.441693865e-02
1.003890137e+03;1.545607764e-02
1.004133667e+03;1.564258896e-02
1.004377258e+03;1.484325249e-02
1.004620789e+03;1.748106629e-02
1.004864380e+03;1.436364930e-02
1.005107971e+03;1.492318604e-02
1.005351562e+03;1.423042640e-02
1.005595154e+03;1.305806544e-02
1.005838745e+03;1.137945615e-02
1.006082336e+03;1.393733639e-02
1.006325989e+03;1.348437835e-02
1.006569641e+03;1.239195094e-02
1.006813293e+03;1.393733639e-02
1.007056946e+03;1.540278830e-02
1.007300598e+03;1.305806544e-02
1.007544312e+03;1.244524028e-02
1.007787964e+03;1.508305315e-02
1.008031677e+03;1.383075770e-02
1.008275391e+03;1.452351734e-02
1.008519104e+03;1.609554701e-02
1.008762817e+03;1.364424638e-02
1.009006531e+03;1.582910120e-02
1.009250305e+03;1.436364930e-02
1.009494019e+03;1.463009510e-02
1.009737793e+03;1.289819740e-02
1.009981567e+03;1.393733639e-02
1.010225342e+03;1.241859514e-02
1.010469177e+03;1.145939063e-02
1.010712952e+03;1.201892644e-02
1.010956787e+03;1.108636614e-02
1.011200623e+03;1.068669744e-02
1.011444397e+03;1.321793254e-02
1.011688293e+03;1.020709518e-02
1.011932129e+03;1.345773414e-02
1.012175964e+03;1.223208290e-02
1.012419861e+03;1.148603484e-02
1.012663696e+03;1.095314324e-02
1.012907593e+03;1.279161964e-02
1.013151489e+03;1.129952259e-02
1.013395447e+03;1.537614409e-02
1.013639343e+03;1.316464320e-02
1.013883240e+03;1.116629969e-02
1.014127197e+03;1.225872803e-02
1.014371155e+03;1.215214934e-02
1.014615112e+03;1.137945615e-02
1.014859070e+03;1.087320969e-02
1.015103027e+03;1.161925774e-02
1.015347046e+03;1.161925774e-02
1.015591003e+03;9.780781344e-03
1.015835022e+03;1.007387228e-02
1.016079041e+03;1.034031808e-02
1.016323059e+03;1.081992034e-02
1.016567078e+03;1.143274549e-02
1.016811157e+03;1.217879448e-02
1.017055176e+03;1.169919129e-02
1.017299255e+03;1.193899289e-02
1.017543335e+03;1.369753480e-02
1.017787415e+03;1.263175160e-02
1.018031494e+03;1.100643259e-02
1.018275574e+03;1.145939063e-02
1.018519714e+03;1.119294483e-02
1.018763855e+03;6.663365755e-03
1.019007935e+03;-1.063562813e-03
1.019252075e+03;1.920630224e-03
1.019496216e+03;-1.836255775e-03
1.019740417e+03;-2.955328207e-03
1.019984558e+03;-1.649743645e-03
1.020228760e+03;8.282024064e-04
[EndOfFile]
