#Thorlabs FTS
[SpectrumHeader]
#Date;20251107
#Time;17595586
#GMTTime;20595586
#Instrument;0
#InstrModel;CCS200
#Series;0
#InterferometerSerial;M00311012
#Type;emission
#ChannelIndex;0
#XAxisUnit;nm_air
#YAxisUnit;intensity
#Average;1
#RollingAverage;0
#SpectrumSmooth;0
#SSmoothParam1;0
#SSmoothParam2;0
#SSmoothParam3;0
#SSmoothParam4;0
#IntegrationTime;0.145000
#TriggerMode;0
#AirMeasureOpt;0
#AirTemp;0.00
#AirPressure;0.00
#AirRelHum;0.00
#WnrMin;9799.037109
#WnrMax;50982.906250
#Length;3648
#Resolution;0.0000000000e+00
#ADC;0
#InstrStatus;0
#RefLaserLocked;0
#ChannelIndex;0
#AttenuationFilter;0
#Stitched;0
#ExcitationWavelength_nm;0
#SoftwareVersion;3.310000
#FirmwareVersion;
#Motor_FirmwareVersion;
#ReconstructionAlgorithms_SoftwareVersion;
#Sensor_FirmwareVersion;
#InstrSeriesIdentifier;MUN_CCS_SERIES
#RefGainIndex;0
#RefSignalInPerecent;0.0
#BBRefGainIndex;0
#BBRefSignalInPerecent;0.0
#AutogainStatus;0
#Name;
#Comment;""
#ExtComment;""
#Source;
[Data]
1.960870056e+02;4.057258368e-03
1.962940979e+02;4.909083247e-03
1.965012054e+02;3.152194899e-03
1.967083282e+02;3.178814426e-03
1.969154510e+02;4.323453642e-03
1.971225891e+02;3.045716789e-03
1.973297424e+02;4.962322302e-03
1.975368958e+02;4.137116950e-03
1.977440643e+02;4.376692697e-03
1.979512482e+02;-4.214757428e-05
1.981584320e+02;2.140653087e-03
1.983656311e+02;2.593185054e-03
1.985728455e+02;2.220511669e-03
1.987800751e+02;8.629161166e-04
1.989873047e+02;9.095003043e-05
1.991945496e+02;1.129111275e-03
1.994018097e+02;2.240476315e-04
1.996090698e+02;1.847838401e-03
1.998163452e+02;1.421926077e-03
2.000236359e+02;1.688121236e-03
2.002309418e+02;2.939238679e-03
2.004382477e+02;1.208969858e-03
2.006455688e+02;2.965858206e-03
2.008528900e+02;2.965858206e-03
2.010602417e+02;2.806141041e-03
2.012675934e+02;2.965858206e-03
2.014749451e+02;3.684585216e-03
2.016823273e+02;3.764443798e-03
2.018897095e+02;4.509790335e-03
2.020971069e+02;4.669507500e-03
2.023045044e+02;3.950780723e-03
2.025119171e+02;3.072336316e-03
2.027193451e+02;3.524868283e-03
2.029267883e+02;8.629161166e-04
2.031342316e+02;9.960137540e-04
2.033416901e+02;4.636233207e-04
2.035491638e+02;-1.220061386e-04
2.037566376e+02;4.775985610e-03
2.039641418e+02;2.673043637e-03
2.041716309e+02;2.193892142e-03
2.043791504e+02;3.950780723e-03
2.045866699e+02;1.847838401e-03
2.047942047e+02;9.960137540e-04
2.050017548e+02;2.326989779e-03
2.052093048e+02;3.604726633e-03
2.054168701e+02;2.885999624e-03
2.056244507e+02;3.924161196e-03
2.058320312e+02;1.528404187e-03
2.060396423e+02;3.524868283e-03
2.062472534e+02;4.962322302e-03
2.064548645e+02;4.456551280e-03
2.066624908e+02;4.403312225e-03
2.068701324e+02;3.684585216e-03
2.070777893e+02;2.087414032e-03
2.072854462e+02;2.273750724e-03
2.074931335e+02;4.370037932e-04
2.077008057e+02;2.699662931e-03
2.079085083e+02;6.499599549e-04
2.081162109e+02;9.427746991e-04
2.083239288e+02;1.634882181e-03
2.085316467e+02;2.460087417e-03
2.087393951e+02;2.779521514e-03
2.089471436e+02;2.007555449e-03
2.091548920e+02;7.830575341e-04
2.093626709e+02;2.965858206e-03
2.095704498e+02;1.368687022e-03
2.097782440e+02;2.619804582e-03
2.099860382e+02;3.445009701e-03
2.101938629e+02;5.148658995e-03
2.104016724e+02;3.737824271e-03
2.106095123e+02;5.494712852e-03
2.108173523e+02;3.338531591e-03
2.110252075e+02;4.855844192e-03
2.112330780e+02;4.376692697e-03
2.114409637e+02;2.486706944e-03
2.116488495e+02;1.395306550e-03
2.118567505e+02;1.901077456e-03
2.120646515e+02;2.593185054e-03
2.122725677e+02;1.288828440e-03
2.124804993e+02;2.566565527e-03
2.126884460e+02;2.646424109e-03
2.128963928e+02;1.634882181e-03
2.131043549e+02;2.220511669e-03
2.133123322e+02;1.794599346e-03
2.135203094e+02;4.669507500e-03
2.137283173e+02;3.205433954e-03
2.139363098e+02;4.536409862e-03
2.141443329e+02;1.395306550e-03
2.143523560e+02;2.593185054e-03
2.145603943e+02;3.844302380e-03
2.147684479e+02;5.521332379e-03
2.149765015e+02;4.616268445e-03
2.151845703e+02;5.281756632e-03
2.153926544e+02;1.102491864e-03
2.156007538e+02;3.205433954e-03
2.158088531e+02;3.039061849e-04
2.160169678e+02;2.193892142e-03
2.162250824e+02;1.608262653e-03
2.164332123e+02;1.980935922e-03
2.166413574e+02;1.874457928e-03
2.168495178e+02;2.912619151e-03
2.170576782e+02;1.075872337e-03
2.172658691e+02;2.167272614e-03
2.174740448e+02;2.779521514e-03
2.176822510e+02;3.764443798e-03
2.178904572e+02;3.311912064e-03
2.180986786e+02;3.791063325e-03
2.183069000e+02;3.019097261e-03
2.185151520e+02;4.882463720e-03
2.187234039e+02;4.030638840e-03
2.189316559e+02;3.657965688e-03
2.191399384e+02;2.965858206e-03
2.193482208e+02;2.939238679e-03
2.195565186e+02;3.631346161e-03
2.197648163e+02;3.524868283e-03
2.199731293e+02;2.726282459e-03
2.201814575e+02;8.096770616e-04
2.203898010e+02;1.954316394e-03
2.205981445e+02;1.847838401e-03
2.208065033e+02;-9.538661834e-05
2.210148773e+02;2.353609307e-03
2.212232513e+02;1.528404187e-03
2.214316406e+02;1.501784660e-03
2.216400452e+02;3.950780723e-03
2.218484650e+02;3.285292536e-03
2.220568848e+02;2.220511669e-03
2.222653198e+02;4.110497423e-03
2.224737549e+02;3.019097261e-03
2.226822205e+02;3.019097261e-03
2.228906860e+02;1.288828440e-03
2.230991516e+02;6.532873958e-03
2.233076477e+02;4.110497423e-03
2.235161438e+02;4.616268445e-03
2.237246552e+02;4.536409862e-03
2.239331665e+02;2.832760569e-03
2.241416931e+02;1.688121236e-03
2.243502350e+02;1.661501708e-03
2.245587921e+02;1.155730803e-03
2.247673492e+02;1.448545605e-03
2.249759216e+02;-9.538661834e-05
2.251845093e+02;1.634882181e-03
2.253930969e+02;2.752901986e-03
2.256017151e+02;1.714740763e-03
2.258103180e+02;2.060794504e-03
2.260189514e+02;4.909083247e-03
2.262275848e+02;1.395306550e-03
2.264362335e+02;3.418390173e-03
2.266448975e+02;2.433467889e-03
2.268535614e+02;2.353609307e-03
2.270622406e+02;4.030638840e-03
2.272709351e+02;2.992477734e-03
2.274796295e+02;4.696127027e-03
2.276883392e+02;3.045716789e-03
2.278970642e+02;3.125575371e-03
2.281058044e+02;6.878927816e-03
2.283145447e+02;2.326989779e-03
2.285233002e+02;1.980935922e-03
2.287320557e+02;1.448545605e-03
2.289408417e+02;2.460087417e-03
2.291496277e+02;2.007555449e-03
2.293584137e+02;2.433467889e-03
2.295672302e+02;2.326989779e-03
2.297760468e+02;3.178814426e-03
2.299848785e+02;2.619804582e-03
2.301937103e+02;1.901077456e-03
2.304025726e+02;1.741360291e-03
2.306114197e+02;3.045716789e-03
2.308202972e+02;2.539945999e-03
2.310291748e+02;3.791063325e-03
2.312380676e+02;2.433467889e-03
2.314469757e+02;3.870921908e-03
2.316558990e+02;4.962322302e-03
2.318648224e+02;3.311912064e-03
2.320737610e+02;1.262208913e-03
2.322826996e+02;3.578107106e-03
2.324916534e+02;2.619804582e-03
2.327006226e+02;1.847838401e-03
2.329096069e+02;-6.876709813e-05
2.331185913e+02;1.688121236e-03
2.333275909e+02;1.661501708e-03
2.335366058e+02;7.564380649e-04
2.337456207e+02;9.693942266e-04
2.339546661e+02;2.832760569e-03
2.341636963e+02;1.075872337e-03
2.343727570e+02;2.752901986e-03
2.345818176e+02;7.830575341e-04
2.347908936e+02;3.498248756e-03
2.349999847e+02;2.885999624e-03
2.352090759e+02;4.749366082e-03
2.354181824e+02;1.182350330e-03
2.356273041e+02;4.190356005e-03
2.358364258e+02;3.657965688e-03
2.360455627e+02;2.699662931e-03
2.362547150e+02;2.673043637e-03
2.364638824e+02;2.539945999e-03
2.366730499e+02;1.634882181e-03
2.368822327e+02;1.980935922e-03
2.370914154e+02;1.688121236e-03
2.373006287e+02;1.874457928e-03
2.375098419e+02;2.539945999e-03
2.377190552e+02;2.772866865e-04
2.379282990e+02;2.593185054e-03
2.381375427e+02;1.821218873e-03
2.383468018e+02;2.326989779e-03
2.385560608e+02;2.779521514e-03
2.387653503e+02;2.300370252e-03
2.389746246e+02;2.859380096e-03
2.391839294e+02;2.326989779e-03
2.393932343e+02;2.273750724e-03
2.396025543e+02;4.110497423e-03
2.398118896e+02;3.098955844e-03
2.400212402e+02;4.137116950e-03
2.402305908e+02;4.909083247e-03
2.404399414e+02;2.114033559e-03
2.406493225e+02;3.657965688e-03
2.408587036e+02;1.634882181e-03
2.410681000e+02;8.629161166e-04
2.412775116e+02;1.262208913e-03
2.414869232e+02;-1.266645500e-03
2.416963501e+02;-1.752451790e-04
2.419057922e+02;-1.552805406e-05
2.421152344e+02;9.693942266e-04
2.423246918e+02;1.741360291e-03
2.425341644e+02;2.300370252e-03
2.427436371e+02;2.114033559e-03
2.429531403e+02;4.376692697e-03
2.431626434e+02;1.555023715e-03
2.433721466e+02;2.087414032e-03
2.435816650e+02;4.376692697e-03
2.437911987e+02;3.445009701e-03
2.440007477e+02;2.965858206e-03
2.442103119e+02;5.468093324e-03
2.444198761e+02;4.802605137e-03
2.446294403e+02;3.578107106e-03
2.448390350e+02;2.247131197e-03
2.450486298e+02;1.821218873e-03
2.452582397e+02;2.300370252e-03
2.454678650e+02;1.182350330e-03
2.456774902e+02;1.954316394e-03
2.458871307e+02;1.109146706e-05
2.460967865e+02;1.708085911e-04
2.463064423e+02;1.448545605e-03
2.465161133e+02;6.765794824e-04
2.467257996e+02;1.155730803e-03
2.469354858e+02;2.539945999e-03
2.471451874e+02;3.571452398e-04
2.473549042e+02;3.391770646e-03
2.475646362e+02;2.885999624e-03
2.477743683e+02;2.806141041e-03
2.479841156e+02;4.616268445e-03
2.481938782e+02;4.083877895e-03
2.484036407e+02;2.646424109e-03
2.486134186e+02;4.616268445e-03
2.488232117e+02;3.445009701e-03
2.490330048e+02;2.513326472e-03
2.492428284e+02;4.103842657e-04
2.494526367e+02;1.175695506e-04
2.496624756e+02;9.693942266e-04
2.498723145e+02;1.714740763e-03
2.500821686e+02;9.427746991e-04
2.502920380e+02;1.182350330e-03
2.505019073e+02;-4.414403811e-04
2.507117920e+02;5.681049544e-03
2.509216919e+02;8.629161166e-04
2.511315918e+02;2.779521514e-03
2.513415222e+02;2.380228834e-03
2.515514374e+02;4.350073170e-03
2.517613831e+02;3.657965688e-03
2.519713287e+02;4.456551280e-03
2.521812897e+02;4.855844192e-03
2.523912659e+02;3.924161196e-03
2.526012421e+02;4.110497423e-03
2.528112335e+02;4.642887972e-03
2.530212402e+02;1.714740763e-03
2.532312469e+02;1.235589385e-03
2.534412689e+02;2.752901986e-03
2.536513062e+02;1.342067495e-03
2.538613586e+02;5.168623757e-04
2.540714111e+02;2.300370252e-03
2.542814789e+02;1.049252809e-03
2.544915466e+02;1.475165132e-03
2.547016449e+02;3.571452398e-04
2.549117432e+02;1.208969858e-03
2.551218567e+02;1.847838401e-03
2.553319702e+02;3.924161196e-03
2.555420990e+02;3.551487811e-03
2.557522430e+02;4.429931752e-03
2.559623871e+02;4.350073170e-03
2.561725464e+02;5.068800412e-03
2.563827209e+02;4.829224665e-03
2.565928955e+02;2.273750724e-03
2.568031006e+02;1.927696983e-03
2.570133057e+02;3.098955844e-03
2.572235107e+02;9.960137540e-04
2.574337463e+02;3.178814426e-03
2.576439819e+02;1.315447967e-03
2.578542480e+02;9.427746991e-04
2.580644836e+02;1.581643126e-03
2.582747498e+02;3.045716789e-03
2.584850464e+02;1.847838401e-03
2.586953430e+02;4.137116950e-03
2.589056396e+02;9.095003043e-05
2.591159363e+02;4.296834115e-03
2.593262634e+02;2.566565527e-03
2.595365906e+02;3.125575371e-03
2.597469482e+02;4.483170807e-03
2.599573059e+02;2.566565527e-03
2.601676636e+02;3.019097261e-03
2.603780212e+02;3.152194899e-03
2.605884094e+02;3.977400251e-03
2.607988281e+02;3.844302380e-03
2.610092163e+02;4.270214587e-03
2.612196350e+02;3.657965688e-03
2.614300842e+02;1.954316394e-03
2.616405029e+02;5.967208999e-04
2.618509521e+02;2.566565527e-03
2.620614319e+02;2.433467889e-03
2.622718811e+02;3.391770646e-03
2.624823608e+02;2.912619151e-03
2.626928711e+02;1.208969858e-03
2.629033508e+02;2.779521514e-03
2.631138916e+02;2.486706944e-03
2.633244019e+02;3.791063325e-03
2.635349426e+02;3.205433954e-03
2.637454834e+02;2.912619151e-03
2.639560242e+02;3.551487811e-03
2.641665955e+02;4.589648917e-03
2.643771973e+02;3.258673009e-03
2.645877686e+02;4.775985610e-03
2.647983704e+02;2.220511669e-03
2.650089722e+02;1.980935922e-03
2.652196045e+02;7.298185374e-04
2.654302368e+02;2.060794504e-03
2.656408691e+02;-7.076355978e-04
2.658515320e+02;3.258673009e-03
2.660621948e+02;1.262208913e-03
2.662728577e+02;1.767979818e-03
2.664835510e+02;9.161551716e-04
2.666942444e+02;1.421926077e-03
2.669049377e+02;2.380228834e-03
2.671156616e+02;1.235589385e-03
2.673263855e+02;3.232053481e-03
2.675371094e+02;2.114033559e-03
2.677478638e+02;4.163736477e-03
2.679586182e+02;3.578107106e-03
2.681694031e+02;3.072336316e-03
2.683801575e+02;2.380228834e-03
2.685909729e+02;3.418390173e-03
2.688017578e+02;1.448545605e-03
2.690125732e+02;1.794599346e-03
2.692233887e+02;3.445009701e-03
2.694342346e+02;2.273750724e-03
2.696450806e+02;1.767979818e-03
2.698559265e+02;2.140653087e-03
2.700667725e+02;3.711204743e-03
2.702776489e+02;2.513326472e-03
2.704885559e+02;3.524868283e-03
2.706994324e+02;1.741360291e-03
2.709103394e+02;1.927696983e-03
2.711212769e+02;2.060794504e-03
2.713321838e+02;3.258673009e-03
2.715431213e+02;2.380228834e-03
2.717540894e+02;4.696127027e-03
2.719650269e+02;2.912619151e-03
2.721760254e+02;6.799069233e-03
2.723869934e+02;1.315447967e-03
2.725979919e+02;5.494712852e-03
2.728089905e+02;4.802605137e-03
2.730199890e+02;3.125575371e-03
2.732310181e+02;1.767979818e-03
2.734420471e+02;1.528404187e-03
2.736531067e+02;5.168623757e-04
2.738641663e+02;1.741360291e-03
2.740752258e+02;-1.106928452e-03
2.742862854e+02;8.096770616e-04
2.744973755e+02;1.155730803e-03
2.747084961e+02;1.555023715e-03
2.749195862e+02;1.555023715e-03
2.751307068e+02;2.060794504e-03
2.753418274e+02;3.684585216e-03
2.755529785e+02;6.106961519e-03
2.757641296e+02;3.045716789e-03
2.759752808e+02;2.406848362e-03
2.761864624e+02;3.152194899e-03
2.763976440e+02;3.631346161e-03
2.766088562e+02;3.631346161e-03
2.768200378e+02;3.657965688e-03
2.770312500e+02;3.924161196e-03
2.772424927e+02;2.726282459e-03
2.774537354e+02;1.847838401e-03
2.776649780e+02;3.045716789e-03
2.778762207e+02;9.960137540e-04
2.780874939e+02;5.967208999e-04
2.782987671e+02;1.022633282e-03
2.785100708e+02;2.752901986e-03
2.787213745e+02;8.629161166e-04
2.789326782e+02;3.285292536e-03
2.791439819e+02;7.564380649e-04
2.793553162e+02;2.326989779e-03
2.795666504e+02;1.262208913e-03
2.797780151e+02;2.752901986e-03
2.799893799e+02;1.528404187e-03
2.802007446e+02;2.433467889e-03
2.804121399e+02;4.270214587e-03
2.806235352e+02;5.947244354e-03
2.808349304e+02;4.323453642e-03
2.810463562e+02;1.421926077e-03
2.812577820e+02;1.555023715e-03
2.814692078e+02;2.619804582e-03
2.816806641e+02;5.967208999e-04
2.818921204e+02;1.555023715e-03
2.821036072e+02;1.661501708e-03
2.823150635e+02;3.571452398e-04
2.825265808e+02;2.193892142e-03
2.827380676e+02;2.247131197e-03
2.829495850e+02;6.233404274e-04
2.831611023e+02;2.912619151e-03
2.833726501e+02;2.193892142e-03
2.835841675e+02;4.616268445e-03
2.837957458e+02;2.859380096e-03
2.840072937e+02;3.391770646e-03
2.842188721e+02;2.752901986e-03
2.844304504e+02;2.406848362e-03
2.846420593e+02;2.486706944e-03
2.848536682e+02;1.927696983e-03
2.850652771e+02;3.977400251e-03
2.852769165e+02;4.429931752e-03
2.854885559e+02;1.288828440e-03
2.857001953e+02;1.847838401e-03
2.859118652e+02;7.564380649e-04
2.861235352e+02;7.298185374e-04
2.863352051e+02;-6.011574878e-04
2.865469055e+02;2.486706944e-03
2.867586060e+02;8.895356441e-04
2.869703064e+02;3.844302380e-03
2.871820374e+02;1.342067495e-03
2.873937683e+02;3.897541435e-03
2.876055298e+02;3.258673009e-03
2.878172913e+02;3.365151118e-03
2.880290527e+02;2.992477734e-03
2.882408142e+02;3.578107106e-03
2.884526062e+02;3.258673009e-03
2.886643982e+02;4.589648917e-03
2.888762207e+02;4.563029390e-03
2.890880432e+02;4.403312225e-03
2.892998657e+02;4.083877895e-03
2.895116882e+02;3.258673009e-03
2.897235413e+02;-5.479184911e-04
2.899354248e+02;1.794599346e-03
2.901472778e+02;2.772866865e-04
2.903591614e+02;2.007555449e-03
2.905710754e+02;5.701013724e-04
2.907829590e+02;1.901077456e-03
2.909948730e+02;1.022633282e-03
2.912068176e+02;1.847838401e-03
2.914187317e+02;3.870921908e-03
2.916306763e+02;5.308376160e-03
2.918426514e+02;2.619804582e-03
2.920546265e+02;2.646424109e-03
2.922666016e+02;3.418390173e-03
2.924785767e+02;4.962322302e-03
2.926905823e+02;2.992477734e-03
2.929025879e+02;5.255137105e-03
2.931146240e+02;4.163736477e-03
2.933266296e+02;3.524868283e-03
2.935386963e+02;1.022633282e-03
2.937507324e+02;4.057258368e-03
2.939627991e+02;-5.745379603e-04
2.941748657e+02;1.368687022e-03
2.943869629e+02;9.427746991e-04
2.945990601e+02;-2.018646919e-04
2.948111572e+02;2.726282459e-03
2.950232849e+02;2.114033559e-03
2.952354126e+02;4.370037932e-04
2.954475403e+02;2.007555449e-03
2.956596680e+02;3.338531591e-03
2.958718262e+02;3.311912064e-03
2.960840149e+02;4.456551280e-03
2.962962036e+02;3.445009701e-03
2.965083923e+02;3.924161196e-03
2.967205811e+02;4.296834115e-03
2.969328003e+02;2.832760569e-03
2.971450195e+02;4.190356005e-03
2.973572388e+02;1.608262653e-03
2.975694885e+02;3.125575371e-03
2.977817383e+02;6.433051021e-05
2.979940186e+02;1.448545605e-03
2.982062683e+02;9.960137540e-04
2.984185791e+02;2.992477734e-03
2.986308594e+02;2.060794504e-03
2.988431702e+02;2.806141041e-03
2.990554810e+02;1.901077456e-03
2.992678223e+02;3.072336316e-03
2.994801636e+02;5.434819032e-04
2.996925049e+02;3.125575371e-03
2.999048462e+02;1.022633282e-03
3.001172180e+02;3.737824271e-03
3.003296204e+02;3.178814426e-03
3.005419922e+02;4.775985610e-03
3.007543945e+02;3.205433954e-03
3.009668274e+02;4.137116950e-03
3.011792297e+02;4.636233207e-04
3.013916626e+02;3.285292536e-03
3.016041260e+02;1.102491864e-03
3.018165588e+02;1.794599346e-03
3.020290222e+02;9.693942266e-04
3.022415161e+02;3.365151118e-03
3.024539795e+02;1.342067495e-03
3.026665039e+02;1.794599346e-03
3.028789978e+02;1.155730803e-03
3.030915222e+02;2.353609307e-03
3.033040466e+02;7.564380649e-04
3.035165710e+02;3.072336316e-03
3.037291260e+02;2.380228834e-03
3.039416809e+02;2.992477734e-03
3.041542664e+02;2.726282459e-03
3.043668518e+02;2.087414032e-03
3.045794373e+02;2.779521514e-03
3.047920532e+02;4.429931752e-03
3.050046387e+02;1.608262653e-03
3.052172852e+02;3.524868283e-03
3.054299011e+02;2.433467889e-03
3.056425476e+02;3.311912064e-03
3.058552246e+02;1.555023715e-03
3.060678711e+02;1.075872337e-03
3.062805481e+02;3.571452398e-04
3.064932556e+02;2.513326472e-03
3.067059326e+02;5.967208999e-04
3.069186401e+02;1.475165132e-03
3.071313782e+02;2.885999624e-03
3.073440857e+02;2.406848362e-03
3.075568237e+02;9.693942266e-04
3.077695923e+02;3.445009701e-03
3.079823608e+02;2.007555449e-03
3.081951294e+02;4.243595060e-03
3.084078979e+02;4.030638840e-03
3.086206970e+02;3.578107106e-03
3.088334961e+02;2.114033559e-03
3.090463257e+02;5.734288599e-03
3.092591248e+02;2.247131197e-03
3.094719849e+02;5.361615214e-03
3.096848145e+02;2.247131197e-03
3.098976746e+02;2.380228834e-03
3.101105347e+02;2.912619151e-03
3.103234253e+02;1.767979818e-03
3.105363159e+02;1.794599346e-03
3.107492065e+02;2.380228834e-03
3.109621277e+02;5.967208999e-04
3.111750183e+02;1.475165132e-03
3.113879700e+02;3.418390173e-03
3.116008911e+02;1.688121236e-03
3.118138428e+02;1.342067495e-03
3.120268250e+02;2.433467889e-03
3.122397766e+02;2.380228834e-03
3.124527588e+02;4.988941830e-03
3.126657715e+02;2.513326472e-03
3.128787842e+02;4.243595060e-03
3.130917969e+02;2.646424109e-03
3.133048096e+02;4.563029390e-03
3.135178528e+02;1.847838401e-03
3.137308960e+02;2.460087417e-03
3.139439392e+02;2.566565527e-03
3.141570129e+02;1.501784660e-03
3.143700867e+02;2.034174977e-03
3.145831909e+02;2.779521514e-03
3.147962952e+02;1.262208913e-03
3.150093994e+02;1.927696983e-03
3.152225037e+02;2.167272614e-03
3.154356384e+02;-4.214757428e-05
3.156487732e+02;1.475165132e-03
3.158619385e+02;2.806141041e-03
3.160751038e+02;3.072336316e-03
3.162882690e+02;4.243595060e-03
3.165014648e+02;1.794599346e-03
3.167146606e+02;2.433467889e-03
3.169278564e+02;5.867385771e-03
3.171410828e+02;4.376692697e-03
3.173543091e+02;5.574571434e-03
3.175675354e+02;4.563029390e-03
3.177807922e+02;2.726282459e-03
3.179940491e+02;1.528404187e-03
3.182073059e+02;2.699662931e-03
3.184205933e+02;2.220511669e-03
3.186338806e+02;-4.414403811e-04
3.188471680e+02;1.927696983e-03
3.190604858e+02;1.954316394e-03
3.192738037e+02;1.794599346e-03
3.194871521e+02;3.498248756e-03
3.197004700e+02;1.129111275e-03
3.199138184e+02;2.912619151e-03
3.201271973e+02;3.258673009e-03
3.203405762e+02;2.566565527e-03
3.205539551e+02;3.285292536e-03
3.207673340e+02;3.098955844e-03
3.209807434e+02;2.912619151e-03
3.211941833e+02;3.844302380e-03
3.214075928e+02;5.734288599e-03
3.216210327e+02;3.019097261e-03
3.218344727e+02;3.524868283e-03
3.220479431e+02;2.273750724e-03
3.222614136e+02;9.161551716e-04
3.224748840e+02;2.539945999e-03
3.226883850e+02;3.924161196e-03
3.229018860e+02;1.634882181e-03
3.231153870e+02;6.765794824e-04
3.233289185e+02;2.247131197e-03
3.235424500e+02;1.129111275e-03
3.237559814e+02;3.578107106e-03
3.239695435e+02;9.960137540e-04
3.241831055e+02;1.555023715e-03
3.243966675e+02;4.829224665e-03
3.246102600e+02;2.114033559e-03
3.248238525e+02;2.965858206e-03
3.250374451e+02;3.152194899e-03
3.252510681e+02;2.912619151e-03
3.254646912e+02;3.498248756e-03
3.256783447e+02;3.604726633e-03
3.258919983e+02;1.980935922e-03
3.261056519e+02;2.406848362e-03
3.263193054e+02;5.434819032e-04
3.265329895e+02;1.688121236e-03
3.267466736e+02;1.368687022e-03
3.269603882e+02;2.193892142e-03
3.271741028e+02;4.103842657e-04
3.273878174e+02;2.752901986e-03
3.276015625e+02;5.701013724e-04
3.278152771e+02;2.673043637e-03
3.280290527e+02;1.634882181e-03
3.282427979e+02;3.844302380e-03
3.284565735e+02;2.779521514e-03
3.286703796e+02;4.270214587e-03
3.288841553e+02;2.486706944e-03
3.290979614e+02;4.935702775e-03
3.293117981e+02;3.551487811e-03
3.295256042e+02;4.509790335e-03
3.297394409e+02;2.167272614e-03
3.299533081e+02;3.977400251e-03
3.301671448e+02;2.486706944e-03
3.303810425e+02;9.427746991e-04
3.305949097e+02;2.140653087e-03
3.308088074e+02;2.087414032e-03
3.310227051e+02;-6.876709813e-05
3.312366028e+02;1.288828440e-03
3.314505310e+02;3.072336316e-03
3.316644592e+02;2.779521514e-03
3.318784180e+02;1.634882181e-03
3.320923767e+02;3.019097261e-03
3.323063354e+02;9.960137540e-04
3.325202942e+02;2.593185054e-03
3.327342834e+02;2.566565527e-03
3.329482727e+02;2.779521514e-03
3.331622925e+02;3.072336316e-03
3.333763123e+02;2.353609307e-03
3.335903320e+02;3.072336316e-03
3.338043823e+02;3.365151118e-03
3.340184326e+02;3.365151118e-03
3.342324829e+02;2.486706944e-03
3.344465332e+02;1.901077456e-03
3.346606140e+02;2.832760569e-03
3.348747253e+02;-6.876709813e-05
3.350888062e+02;2.939238679e-03
3.353029175e+02;1.927696983e-03
3.355170593e+02;2.486706944e-03
3.357311707e+02;1.954316394e-03
3.359453125e+02;2.912619151e-03
3.361594849e+02;1.901077456e-03
3.363736572e+02;4.110497423e-03
3.365878296e+02;1.980935922e-03
3.368020020e+02;1.315447967e-03
3.370162048e+02;3.445009701e-03
3.372304077e+02;4.855844192e-03
3.374446106e+02;4.350073170e-03
3.376588440e+02;4.057258368e-03
3.378730774e+02;3.285292536e-03
3.380873413e+02;1.235589385e-03
3.383016052e+02;3.977400251e-03
3.385158691e+02;2.593185054e-03
3.387301331e+02;1.714740763e-03
3.389444275e+02;2.726282459e-03
3.391587524e+02;7.830575341e-04
3.393730469e+02;2.007555449e-03
3.395873718e+02;4.636233207e-04
3.398016968e+02;3.897541435e-03
3.400160522e+02;1.974281040e-04
3.402304077e+02;2.779521514e-03
3.404447632e+02;2.646424109e-03
3.406591492e+02;3.019097261e-03
3.408735352e+02;4.563029390e-03
3.410879211e+02;4.216975532e-03
3.413023376e+02;5.308376160e-03
3.415167542e+02;1.980935922e-03
3.417311707e+02;4.190356005e-03
3.419456177e+02;3.445009701e-03
3.421600647e+02;3.285292536e-03
3.423745117e+02;3.152194899e-03
3.425889893e+02;2.114033559e-03
3.428034668e+02;2.406848362e-03
3.430179443e+02;-7.076355978e-04
3.432324524e+02;8.096770616e-04
3.434469604e+02;9.960137540e-04
3.436614990e+02;1.874457928e-03
3.438760376e+02;1.555023715e-03
3.440905762e+02;3.019097261e-03
3.443051147e+02;2.566565527e-03
3.445196838e+02;3.791063325e-03
3.447342529e+02;1.634882181e-03
3.449488525e+02;2.433467889e-03
3.451634521e+02;4.057258368e-03
3.453780518e+02;2.859380096e-03
3.455926514e+02;3.045716789e-03
3.458072815e+02;2.007555449e-03
3.460219116e+02;3.950780723e-03
3.462365723e+02;4.323453642e-03
3.464512329e+02;2.193892142e-03
3.466658936e+02;3.711204743e-03
3.468805847e+02;2.220511669e-03
3.470952759e+02;4.403312225e-03
3.473099670e+02;-1.220061386e-04
3.475246887e+02;2.859380096e-03
3.477394104e+02;1.421926077e-03
3.479541321e+02;5.228517577e-03
3.481688843e+02;2.593185054e-03
3.483836365e+02;2.726282459e-03
3.485983887e+02;2.273750724e-03
3.488131714e+02;2.140653087e-03
3.490279541e+02;-2.551037469e-04
3.492427673e+02;4.749366082e-03
3.494575500e+02;1.155730803e-03
3.496723633e+02;3.258673009e-03
3.498872070e+02;4.775985610e-03
3.501020508e+02;4.004019778e-03
3.503168945e+02;4.030638840e-03
3.505317383e+02;9.693942266e-04
3.507466125e+02;3.471629228e-03
3.509614868e+02;2.859380096e-03
3.511763916e+02;1.608262653e-03
3.513912964e+02;1.980935922e-03
3.516062012e+02;2.220511669e-03
3.518211060e+02;2.140653087e-03
3.520360413e+02;3.305257123e-04
3.522509766e+02;2.992477734e-03
3.524659424e+02;2.380228834e-03
3.526809082e+02;2.992477734e-03
3.528958740e+02;2.406848362e-03
3.531108704e+02;4.057258368e-03
3.533258667e+02;2.433467889e-03
3.535408630e+02;3.924161196e-03
3.537558899e+02;3.817682853e-03
3.539709167e+02;4.855844192e-03
3.541859436e+02;2.326989779e-03
3.544010010e+02;3.152194899e-03
3.546160583e+02;2.939238679e-03
3.548311157e+02;2.619804582e-03
3.550462036e+02;1.741360291e-03
3.552612915e+02;2.167272614e-03
3.554763794e+02;1.129111275e-03
3.556914978e+02;3.125575371e-03
3.559066162e+02;6.765794824e-04
3.561217651e+02;2.992477734e-03
3.563368835e+02;2.114033559e-03
3.565520325e+02;2.273750724e-03
3.567672119e+02;2.859380096e-03
3.569823914e+02;3.817682853e-03
3.571975708e+02;4.004019778e-03
3.574127502e+02;4.669507500e-03
3.576279602e+02;3.019097261e-03
3.578431702e+02;4.296834115e-03
3.580584106e+02;3.604726633e-03
3.582736511e+02;2.859380096e-03
3.584888916e+02;3.338531591e-03
3.587041626e+02;3.391770646e-03
3.589194031e+02;3.471629228e-03
3.591347046e+02;1.528404187e-03
3.593499756e+02;-2.817232453e-04
3.595652771e+02;1.448545605e-03
3.597806091e+02;2.060794504e-03
3.599959106e+02;2.140653087e-03
3.602112427e+02;1.421926077e-03
3.604265747e+02;3.817682853e-03
3.606419373e+02;3.844302380e-03
3.608572998e+02;3.844302380e-03
3.610726624e+02;1.555023715e-03
3.612880554e+02;3.897541435e-03
3.615034485e+02;4.589648917e-03
3.617188416e+02;2.619804582e-03
3.619342651e+02;3.178814426e-03
3.621496887e+02;4.829224665e-03
3.623651428e+02;4.563029390e-03
3.625805664e+02;3.178814426e-03
3.627960510e+02;2.646424109e-03
3.630115051e+02;2.167272614e-03
3.632269897e+02;3.498248756e-03
3.634424744e+02;1.714740763e-03
3.636579590e+02;1.155730803e-03
3.638734741e+02;1.847838401e-03
3.640889893e+02;7.298185374e-04
3.643045349e+02;3.684585216e-03
3.645200806e+02;4.083877895e-03
3.647356262e+02;3.445009701e-03
3.649511719e+02;1.661501708e-03
3.651667480e+02;4.855844192e-03
3.653823242e+02;2.992477734e-03
3.655979309e+02;5.148658995e-03
3.658135376e+02;3.657965688e-03
3.660291443e+02;6.319917738e-03
3.662447815e+02;4.802605137e-03
3.664604187e+02;4.190356005e-03
3.666760559e+02;2.460087417e-03
3.668917236e+02;4.350073170e-03
3.671073914e+02;2.380228834e-03
3.673230591e+02;1.688121236e-03
3.675387268e+02;8.895356441e-04
3.677544250e+02;1.980935922e-03
3.679701538e+02;3.098955844e-03
3.681858826e+02;3.019097261e-03
3.684016113e+02;3.684585216e-03
3.686173401e+02;3.711204743e-03
3.688330994e+02;1.767979818e-03
3.690488586e+02;5.681049544e-03
3.692646179e+02;4.110497423e-03
3.694804077e+02;4.536409862e-03
3.696961975e+02;4.988941830e-03
3.699119873e+02;4.829224665e-03
3.701278076e+02;3.391770646e-03
3.703436279e+02;4.829224665e-03
3.705594788e+02;3.791063325e-03
3.707752991e+02;5.468093324e-03
3.709911804e+02;1.794599346e-03
3.712070312e+02;6.319917738e-03
3.714229126e+02;2.779521514e-03
3.716387939e+02;3.285292536e-03
3.718547058e+02;1.954316394e-03
3.720706177e+02;1.208969858e-03
3.722865295e+02;2.912619151e-03
3.725024414e+02;5.042180885e-03
3.727183838e+02;3.125575371e-03
3.729343262e+02;5.122039467e-03
3.731502991e+02;4.722746555e-03
3.733662720e+02;7.065264508e-03
3.735822449e+02;2.566565527e-03
3.737982483e+02;5.308376160e-03
3.740142517e+02;5.920624826e-03
3.742302551e+02;7.012025453e-03
3.744462891e+02;4.669507500e-03
3.746623230e+02;5.281756632e-03
3.748783569e+02;4.988941830e-03
3.750944214e+02;3.338531591e-03
3.753104858e+02;2.885999624e-03
3.755265503e+02;2.087414032e-03
3.757426453e+02;2.273750724e-03
3.759587402e+02;4.083877895e-03
3.761748352e+02;3.072336316e-03
3.763909607e+02;4.137116950e-03
3.766070862e+02;3.498248756e-03
3.768232117e+02;4.057258368e-03
3.770393677e+02;4.563029390e-03
3.772555237e+02;5.095419940e-03
3.774717102e+02;4.749366082e-03
3.776878662e+02;6.586113013e-03
3.779040833e+02;5.787527654e-03
3.781202698e+02;3.791063325e-03
3.783364868e+02;4.216975532e-03
3.785527039e+02;4.030638840e-03
3.787689514e+02;6.399776321e-03
3.789851685e+02;5.734288599e-03
3.792014465e+02;2.486706944e-03
3.794176941e+02;3.098955844e-03
3.796339722e+02;4.403312225e-03
3.798502502e+02;2.965858206e-03
3.800665588e+02;1.927696983e-03
3.802828674e+02;3.924161196e-03
3.804991760e+02;3.445009701e-03
3.807154846e+02;5.228517577e-03
3.809318237e+02;4.350073170e-03
3.811481934e+02;4.429931752e-03
3.813645325e+02;3.551487811e-03
3.815809021e+02;6.799069233e-03
3.817973022e+02;4.589648917e-03
3.820136719e+02;5.947244354e-03
3.822300720e+02;7.171742618e-03
3.824465027e+02;5.388234742e-03
3.826629028e+02;9.035108611e-03
3.828793335e+02;5.574571434e-03
3.830957947e+02;4.882463720e-03
3.833122253e+02;6.106961519e-03
3.835286865e+02;4.270214587e-03
3.837451782e+02;5.468093324e-03
3.839616394e+02;5.654430017e-03
3.841781616e+02;4.696127027e-03
3.843946533e+02;5.095419940e-03
3.846111755e+02;4.909083247e-03
3.848276978e+02;6.905547343e-03
3.850442200e+02;6.213439628e-03
3.852607727e+02;5.681049544e-03
3.854773254e+02;4.616268445e-03
3.856939087e+02;4.669507500e-03
3.859104614e+02;7.091884036e-03
3.861270752e+02;5.894005299e-03
3.863436584e+02;7.837230340e-03
3.865602722e+02;4.536409862e-03
3.867768860e+02;7.278220728e-03
3.869935303e+02;5.574571434e-03
3.872101746e+02;5.042180885e-03
3.874268188e+02;6.346537266e-03
3.876434631e+02;7.704132702e-03
3.878601379e+02;6.213439628e-03
3.880768127e+02;6.719210651e-03
3.882935181e+02;4.909083247e-03
3.885102234e+02;6.958786398e-03
3.887269287e+02;7.757371757e-03
3.889436646e+02;6.506254431e-03
3.891604004e+02;7.091884036e-03
3.893771362e+02;6.905547343e-03
3.895939026e+02;7.198362146e-03
3.898106689e+02;6.293298211e-03
3.900274353e+02;6.958786398e-03
3.902442322e+02;8.502718061e-03
3.904610291e+02;7.145123091e-03
3.906778259e+02;7.730752230e-03
3.908946533e+02;6.506254431e-03
3.911114807e+02;7.411318365e-03
3.913283081e+02;4.988941830e-03
3.915451660e+02;5.920624826e-03
3.917620239e+02;2.406848362e-03
3.919788818e+02;7.118503563e-03
3.921957703e+02;7.118503563e-03
3.924126587e+02;6.453015376e-03
3.926295776e+02;8.156664670e-03
3.928464661e+02;7.810610812e-03
3.930634155e+02;5.441473797e-03
3.932803345e+02;8.928630501e-03
3.934972839e+02;7.544416003e-03
3.937142334e+02;8.236523718e-03
3.939311829e+02;7.757371757e-03
3.941481628e+02;9.594119154e-03
3.943651428e+02;8.875391446e-03
3.945821533e+02;8.369620889e-03
3.947991638e+02;9.061728604e-03
3.950161743e+02;7.917089388e-03
3.952332153e+02;9.248064831e-03
3.954502258e+02;7.996947505e-03
3.956672974e+02;8.183284663e-03
3.958843384e+02;6.825688761e-03
3.961014099e+02;8.076806553e-03
3.963184814e+02;7.224981673e-03
3.965355835e+02;8.822152391e-03
3.967526855e+02;9.354542941e-03
3.969697876e+02;7.783991285e-03
3.971869202e+02;1.113805082e-02
3.974040527e+02;6.852308288e-03
3.976211853e+02;9.860314429e-03
3.978383484e+02;1.238916814e-02
3.980555115e+02;1.009988971e-02
3.982726746e+02;9.913553484e-03
3.984898682e+02;1.217621192e-02
3.987070618e+02;9.354542941e-03
3.989242554e+02;9.673977271e-03
3.991414795e+02;1.063228026e-02
3.993587036e+02;9.301303886e-03
3.995759277e+02;9.274684824e-03
3.997931824e+02;9.061728604e-03
4.000104370e+02;9.673977271e-03
4.002276917e+02;8.981869556e-03
4.004449768e+02;8.130045608e-03
4.006622620e+02;8.050186560e-03
4.008795776e+02;9.114967659e-03
4.010968933e+02;1.143086608e-02
4.013142090e+02;9.354542941e-03
4.015315247e+02;1.204311475e-02
4.017488708e+02;9.833694436e-03
4.019662170e+02;1.156396326e-02
4.021835938e+02;9.673977271e-03
4.024009399e+02;1.124452893e-02
4.026183472e+02;1.228269003e-02
4.028357239e+02;1.337409113e-02
4.030531311e+02;1.039270405e-02
4.032705383e+02;1.419929601e-02
4.034879761e+02;9.035108611e-03
4.037054138e+02;9.567499161e-03
4.039228516e+02;9.035108611e-03
4.041402893e+02;1.230931003e-02
4.043577576e+02;9.913553484e-03
4.045752563e+02;1.206973381e-02
4.047927246e+02;1.127114892e-02
4.050102234e+02;1.068551932e-02
4.052277222e+02;1.329423208e-02
4.054452515e+02;1.079199743e-02
4.056627808e+02;1.097833365e-02
4.058803101e+02;1.217621192e-02
4.060978699e+02;1.451873034e-02
4.063154297e+02;1.361366641e-02
4.065329895e+02;1.217621192e-02
4.067505798e+02;1.254888531e-02
4.069681702e+02;1.574322768e-02
4.071857605e+02;1.385324169e-02
4.074033813e+02;1.305465680e-02
4.076210022e+02;1.270860247e-02
4.078386230e+02;1.438563224e-02
4.080562744e+02;1.191001758e-02
4.082739258e+02;1.286831964e-02
4.084915771e+02;1.553027239e-02
4.087092590e+02;1.228269003e-02
4.089269409e+02;1.167044137e-02
4.091446533e+02;1.300141774e-02
4.093623352e+02;1.454534940e-02
4.095800781e+02;1.592956483e-02
4.097977905e+02;1.390648074e-02
4.100155334e+02;1.600942388e-02
4.102332764e+02;1.377338357e-02
4.104510193e+02;1.584970579e-02
4.106687927e+02;1.582308672e-02
4.108865662e+02;1.592956483e-02
4.111043701e+02;1.422591507e-02
4.113221741e+02;1.638209634e-02
4.115399780e+02;1.446549129e-02
4.117577820e+02;1.542379428e-02
4.119756165e+02;1.425253507e-02
4.121934509e+02;1.499788184e-02
4.124113159e+02;1.497126184e-02
4.126291809e+02;1.656843349e-02
4.128470459e+02;1.302803680e-02
4.130649414e+02;1.576984674e-02
4.132828369e+02;1.561013050e-02
4.135007324e+02;1.827208325e-02
4.137186279e+02;1.611590199e-02
4.139365540e+02;1.861813664e-02
4.141545105e+02;1.853827760e-02
4.143724365e+02;1.718068309e-02
4.145903931e+02;1.771307178e-02
4.148083801e+02;1.851165853e-02
4.150263367e+02;1.883109286e-02
4.152443237e+02;1.835194044e-02
4.154623413e+02;1.723392121e-02
4.156803284e+02;1.811236516e-02
4.158983459e+02;1.962967776e-02
4.161163940e+02;2.082755603e-02
4.163344116e+02;1.683462784e-02
4.165524597e+02;1.600942388e-02
4.167705383e+02;1.920376532e-02
4.169885864e+02;2.173262089e-02
4.172066650e+02;1.885771193e-02
4.174247742e+02;1.819222420e-02
4.176428833e+02;1.976277493e-02
4.178609924e+02;2.000235207e-02
4.180791016e+02;2.229163051e-02
4.182972412e+02;2.018868737e-02
4.185153809e+02;2.090741508e-02
4.187335205e+02;2.088079602e-02
4.189516907e+02;1.978939585e-02
4.191698608e+02;2.167938091e-02
4.193880615e+02;2.215853333e-02
4.196062622e+02;2.282402106e-02
4.198244629e+02;1.821884327e-02
4.200426636e+02;2.008220926e-02
4.202608948e+02;1.957643963e-02
4.204791260e+02;2.061459981e-02
4.206973877e+02;2.064122073e-02
4.209156494e+02;2.159952186e-02
4.211339111e+02;2.048150264e-02
4.213521729e+02;2.234486863e-02
4.215704651e+02;2.370246500e-02
4.217887573e+02;2.418161556e-02
4.220070801e+02;2.167938091e-02
4.222254028e+02;2.423485555e-02
4.224437256e+02;2.335641161e-02
4.226620789e+02;2.527301572e-02
4.228804321e+02;2.335641161e-02
4.230987854e+02;2.394204028e-02
4.233171692e+02;2.298373729e-02
4.235355225e+02;2.636441588e-02
4.237539368e+02;2.250458673e-02
4.239723206e+02;2.521977760e-02
4.241907349e+02;2.226501144e-02
4.244091797e+02;2.450104989e-02
4.246275940e+02;2.221177146e-02
4.248460388e+02;2.261106484e-02
4.250645142e+02;2.468738705e-02
4.252829590e+02;2.681694925e-02
4.255014343e+02;2.468738705e-02
4.257199402e+02;2.647089399e-02
4.259384155e+02;2.372908406e-02
4.261569214e+02;2.482048422e-02
4.263754578e+02;2.604498342e-02
4.265939941e+02;2.710976265e-02
4.268125305e+02;2.745581791e-02
4.270310669e+02;2.822778374e-02
4.272496338e+02;2.652413398e-02
4.274682007e+02;2.769539319e-02
4.276867676e+02;2.854721807e-02
4.279053650e+02;2.418161556e-02
4.281239624e+02;2.899974957e-02
4.283425903e+02;2.596512437e-02
4.285611877e+02;2.636441588e-02
4.287798157e+02;2.668385021e-02
4.289984741e+02;2.830764093e-02
4.292171326e+02;2.732271887e-02
4.294357910e+02;2.793496847e-02
4.296544495e+02;2.907960862e-02
4.298731384e+02;2.849397808e-02
4.300918274e+02;2.878679335e-02
4.303105469e+02;2.931918390e-02
4.305292664e+02;3.112931177e-02
4.307479858e+02;3.003790975e-02
4.309667053e+02;3.017100878e-02
4.311854553e+02;3.051706217e-02
4.314042358e+02;3.285957873e-02
4.316229858e+02;3.296605870e-02
4.318417664e+02;3.371140361e-02
4.320605469e+02;3.115593083e-02
4.322793579e+02;3.277971968e-02
4.324981689e+02;3.054368123e-02
4.327169800e+02;3.152860329e-02
4.329358215e+02;3.299267590e-02
4.331546631e+02;3.325887397e-02
4.333735046e+02;3.168832138e-02
4.335923462e+02;3.214085102e-02
4.338112183e+02;3.200775385e-02
4.340301208e+02;3.277971968e-02
4.342489929e+02;3.509562090e-02
4.344678955e+02;3.621364012e-02
4.346868286e+02;3.522871807e-02
4.349057312e+02;3.456322849e-02
4.351246643e+02;3.594744578e-02
4.353436279e+02;3.884897009e-02
4.355625610e+02;3.711870313e-02
4.357815247e+02;3.328549117e-02
4.360005188e+02;3.602730110e-02
4.362194824e+02;3.634673730e-02
4.364384766e+02;3.517547995e-02
4.366575012e+02;3.759785369e-02
4.368765259e+02;3.735828027e-02
4.370955505e+02;3.916840628e-02
4.373145752e+02;3.685250878e-02
4.375336304e+02;3.597406298e-02
4.377526855e+02;3.826334327e-02
4.379717407e+02;3.757123649e-02
4.381908264e+02;3.746475652e-02
4.384099121e+02;4.337428883e-02
4.386290283e+02;4.065909982e-02
4.388481140e+02;4.137782753e-02
4.390672607e+02;4.007346928e-02
4.392863770e+02;4.183035716e-02
4.395055237e+02;4.023318738e-02
4.397246704e+02;4.329443350e-02
4.399438171e+02;4.201669618e-02
4.401629944e+02;4.340090975e-02
4.403821716e+02;4.473188519e-02
4.406013794e+02;4.113825038e-02
4.408205872e+02;3.943460062e-02
4.410397949e+02;4.358724505e-02
4.412590332e+02;4.052600265e-02
4.414782410e+02;4.353400692e-02
4.416975098e+02;4.193683714e-02
4.419167480e+02;4.116487131e-02
4.421360168e+02;4.358724505e-02
4.423552856e+02;4.534413666e-02
4.425745850e+02;4.254908487e-02
4.427938843e+02;4.587652534e-02
4.430131836e+02;4.414625466e-02
4.432325134e+02;4.789960757e-02
4.434518433e+02;4.515779763e-02
4.436711731e+02;4.965649545e-02
4.438905029e+02;4.723412171e-02
4.441098633e+02;4.438583180e-02
4.443292542e+02;4.598300159e-02
4.445486145e+02;4.403977841e-02
4.447680054e+02;4.694130644e-02
4.449874268e+02;4.502470046e-02
4.452068176e+02;4.848523811e-02
4.454262390e+02;4.688806832e-02
4.456456909e+02;5.061480030e-02
4.458651123e+02;4.832552001e-02
4.460845642e+02;4.941692203e-02
4.463040466e+02;5.181267858e-02
4.465234985e+02;4.827228189e-02
4.467429810e+02;5.183929950e-02
4.469624939e+02;5.136014521e-02
4.471819763e+02;5.319689214e-02
4.474014893e+02;5.157310143e-02
4.476210327e+02;5.239830911e-02
4.478405457e+02;5.002916977e-02
4.480601196e+02;5.104071274e-02
4.482796631e+02;4.811256379e-02
4.484992371e+02;5.194577575e-02
4.487188110e+02;5.564589053e-02
4.489383850e+02;5.074789748e-02
4.491579895e+02;5.351632833e-02
4.493775940e+02;5.247816816e-02
4.495972290e+02;5.599194393e-02
4.498168335e+02;5.471420661e-02
4.500364685e+02;5.503363907e-02
4.502561340e+02;5.604518205e-02
4.504757996e+02;5.415519699e-02
4.506954651e+02;5.846755952e-02
4.509151306e+02;5.532645434e-02
4.511348267e+02;5.628475919e-02
4.513545227e+02;5.806826428e-02
4.515742493e+02;5.878699198e-02
4.517939758e+02;5.785530806e-02
4.520137024e+02;5.918628722e-02
4.522334290e+02;5.873375386e-02
4.524531860e+02;5.806826428e-02
4.526729431e+02;5.748263747e-02
4.528927307e+02;5.961219966e-02
4.531125183e+02;5.708334222e-02
4.533323059e+02;6.011796743e-02
4.535521240e+02;6.243386865e-02
4.537719421e+02;5.995825306e-02
4.539917603e+02;6.067697704e-02
4.542115784e+02;6.035754457e-02
4.544314270e+02;6.144894660e-02
4.546513062e+02;5.961219966e-02
4.548711548e+02;6.254034489e-02
4.550910339e+02;6.192809716e-02
4.553109131e+02;6.482962519e-02
4.555308228e+02;6.373822689e-02
4.557507324e+02;6.203457341e-02
4.559706421e+02;6.445694715e-02
4.561905823e+02;6.344541162e-02
4.564105225e+02;6.275330484e-02
4.566304626e+02;6.834340096e-02
4.568504333e+02;6.419075280e-02
4.570704041e+02;6.270006299e-02
4.572903748e+02;6.597426534e-02
4.575103760e+02;6.592102349e-02
4.577303772e+02;6.616059691e-02
4.579503784e+02;6.837002188e-02
4.581704102e+02;6.608074158e-02
4.583904419e+02;6.671960652e-02
4.586104736e+02;6.791748852e-02
4.588305359e+02;6.624045968e-02
4.590505981e+02;6.863621622e-02
4.592706604e+02;6.671960652e-02
4.594907532e+02;7.313491404e-02
4.597108459e+02;6.624045968e-02
4.599309692e+02;7.329463214e-02
4.601510620e+02;6.714551896e-02
4.603711853e+02;7.225646824e-02
4.605913391e+02;7.318815589e-02
4.608114929e+02;7.151112705e-02
4.610316467e+02;6.823692471e-02
4.612518005e+02;7.228308916e-02
4.614719849e+02;7.207013667e-02
4.616921692e+02;7.188379765e-02
4.619123535e+02;7.132478803e-02
4.621325684e+02;7.161760330e-02
4.623527832e+02;7.063268125e-02
4.625730286e+02;7.441265136e-02
4.627932739e+02;7.079239935e-02
4.630135193e+02;7.257590443e-02
4.632337646e+02;7.403998077e-02
4.634540405e+02;7.380039990e-02
4.636743164e+02;7.470546663e-02
4.638946228e+02;7.726094127e-02
4.641149292e+02;7.845881581e-02
4.643352356e+02;7.707460225e-02
4.645555420e+02;7.467884570e-02
4.647758789e+02;7.340110838e-02
4.649962158e+02;7.600982487e-02
4.652165833e+02;7.518462092e-02
4.654369507e+02;7.640911639e-02
4.656573181e+02;7.736741751e-02
4.658777161e+02;7.446589321e-02
4.660980835e+02;7.539757341e-02
4.663185120e+02;7.640911639e-02
4.665389099e+02;7.899121195e-02
4.667593384e+02;7.603644580e-02
4.669797668e+02;7.923078537e-02
4.672002258e+02;7.859191298e-02
4.674206848e+02;7.949697971e-02
4.676411438e+02;7.992289215e-02
4.678616333e+02;7.723432034e-02
4.680821228e+02;7.824586332e-02
4.683026123e+02;7.712784410e-02
4.685231323e+02;7.768685371e-02
4.687436523e+02;7.712784410e-02
4.689641724e+02;7.736741751e-02
4.691847229e+02;8.117400855e-02
4.694052734e+02;7.734079659e-02
4.696258240e+02;7.931064069e-02
4.698464050e+02;7.872501016e-02
4.700669861e+02;8.058837801e-02
4.702875671e+02;7.574363053e-02
4.705081787e+02;7.819262147e-02
4.707287903e+02;8.085457236e-02
4.709494019e+02;7.731417567e-02
4.711700439e+02;8.064161986e-02
4.713906860e+02;7.813938707e-02
4.716113281e+02;7.789980620e-02
4.718320007e+02;7.611630112e-02
4.720526733e+02;7.859191298e-02
4.722733459e+02;7.931064069e-02
4.724940491e+02;8.013584465e-02
4.727147522e+02;7.853867859e-02
4.729354553e+02;8.061499894e-02
4.731561890e+02;7.688826323e-02
4.733769226e+02;7.276224345e-02
4.735976868e+02;7.965669781e-02
4.738184204e+02;7.771347463e-02
4.740391846e+02;7.843220234e-02
4.742599792e+02;7.917754352e-02
4.744807739e+02;8.024232835e-02
4.747015686e+02;7.766023278e-02
4.749223633e+02;7.904444635e-02
4.751431885e+02;7.992289215e-02
4.753640137e+02;7.931064069e-02
4.755848694e+02;7.925740629e-02
4.758056946e+02;8.197259158e-02
4.760265503e+02;7.813938707e-02
4.762474365e+02;8.327694982e-02
4.764683228e+02;7.931064069e-02
4.766892090e+02;7.970993966e-02
4.769100952e+02;8.133372664e-02
4.771310120e+02;7.664868981e-02
4.773519287e+02;7.723432034e-02
4.775728760e+02;7.585010678e-02
4.777938232e+02;7.973655313e-02
4.780147705e+02;7.603644580e-02
4.782357178e+02;7.739403844e-02
4.784566956e+02;7.758037746e-02
4.786777039e+02;7.651559263e-02
4.788986816e+02;7.989627123e-02
4.791196899e+02;7.800628990e-02
4.793406982e+02;7.409321517e-02
4.795617371e+02;7.712784410e-02
4.797827759e+02;7.944373786e-02
4.800038147e+02;7.819262147e-02
4.802248535e+02;7.553067058e-02
4.804459229e+02;8.013584465e-02
4.806670227e+02;7.451912761e-02
4.808880920e+02;7.816600055e-02
4.811091919e+02;7.675516605e-02
4.813302917e+02;7.526447624e-02
4.815514221e+02;7.648897171e-02
4.817725525e+02;7.640911639e-02
4.819936829e+02;7.734079659e-02
4.822148438e+02;7.459899038e-02
4.824360046e+02;7.374716550e-02
4.826571655e+02;7.563714683e-02
4.828783569e+02;7.752713561e-02
4.830995483e+02;7.742065936e-02
4.833207397e+02;7.406659424e-02
4.835419617e+02;7.329463214e-02
4.837631836e+02;7.739403844e-02
4.839844055e+02;7.513137907e-02
4.842056580e+02;7.542419434e-02
4.844269104e+02;7.427955419e-02
4.846481628e+02;7.718107849e-02
4.848694458e+02;7.435940951e-02
4.850907288e+02;7.774008811e-02
4.853120117e+02;7.236295193e-02
4.855333252e+02;7.518462092e-02
4.857546387e+02;7.388026267e-02
4.859759521e+02;7.438603044e-02
4.861972961e+02;7.270900160e-02
4.864186401e+02;7.270900160e-02
4.866399841e+02;7.137802243e-02
4.868613586e+02;7.020676881e-02
4.870827332e+02;7.550404966e-02
4.873041077e+02;7.462560385e-02
4.875255127e+02;7.507813722e-02
4.877469177e+02;7.321476936e-02
4.879683228e+02;7.337448746e-02
4.881897583e+02;7.241618633e-02
4.884111938e+02;7.380039990e-02
4.886326599e+02;7.191041857e-02
4.888540955e+02;7.204351574e-02
4.890755615e+02;7.398673892e-02
4.892970581e+02;7.028662413e-02
4.895185547e+02;7.238956541e-02
4.897400513e+02;7.462560385e-02
4.899615479e+02;6.986071169e-02
4.901830750e+02;6.730523705e-02
4.904046021e+02;7.185717672e-02
4.906261597e+02;7.044634223e-02
4.908476868e+02;7.089887559e-02
4.910692749e+02;6.858297437e-02
4.912908325e+02;7.010029256e-02
4.915124207e+02;7.095210999e-02
4.917340088e+02;7.103197277e-02
4.919555969e+02;6.994057447e-02
4.921772156e+02;6.767791510e-02
4.923988342e+02;7.172407955e-02
4.926204834e+02;7.081901282e-02
4.928421326e+02;7.026000321e-02
4.930637817e+02;6.693256646e-02
4.932854309e+02;6.842325628e-02
4.935071106e+02;6.757143140e-02
4.937287903e+02;6.669299304e-02
4.939505005e+02;6.687932462e-02
4.941722107e+02;6.536201388e-02
4.943939209e+02;6.544187665e-02
4.946156616e+02;6.413751841e-02
4.948373718e+02;6.586778164e-02
4.950591431e+02;6.592102349e-02
4.952808838e+02;5.937262252e-02
4.955026550e+02;6.427061558e-02
4.957244263e+02;6.147556379e-02
4.959462280e+02;6.174175814e-02
4.961680298e+02;6.256696582e-02
4.963898315e+02;6.331231445e-02
4.966116638e+02;6.030430645e-02
4.968334961e+02;6.211443245e-02
4.970553284e+02;5.599194393e-02
4.972771606e+02;5.716320127e-02
4.974990234e+02;5.833446234e-02
4.977209167e+02;5.479406565e-02
4.979427795e+02;5.788192898e-02
4.981646729e+02;5.575236678e-02
4.983865662e+02;5.529983714e-02
4.986084900e+02;5.370266363e-02
4.988304138e+02;5.205225572e-02
4.990523376e+02;5.242492631e-02
4.992742920e+02;5.234506726e-02
4.994962463e+02;5.136014521e-02
4.997182007e+02;5.303717777e-02
4.999401855e+02;4.976297542e-02
5.001621704e+02;5.242492631e-02
5.003841553e+02;5.130690709e-02
5.006061707e+02;5.090761557e-02
5.008281860e+02;5.332998931e-02
5.010502014e+02;4.664849117e-02
5.012722473e+02;4.792622849e-02
5.014942932e+02;4.630243778e-02
5.017163391e+02;4.662187025e-02
5.019384155e+02;4.167064279e-02
5.021604919e+02;4.422611371e-02
5.023825684e+02;4.292175919e-02
5.026046753e+02;4.095191509e-02
5.028267822e+02;4.289513826e-02
5.030488892e+02;3.943460062e-02
5.032710266e+02;4.151092470e-02
5.034931641e+02;4.119148850e-02
5.037153015e+02;3.709208220e-02
5.039374695e+02;3.786404803e-02
5.041596375e+02;4.060586169e-02
5.043818054e+02;3.892882913e-02
5.046040039e+02;3.972741589e-02
5.048262024e+02;3.706546500e-02
5.050484314e+02;3.650645539e-02
5.052706299e+02;3.546829149e-02
5.054928589e+02;3.514885902e-02
5.057151184e+02;3.437689319e-02
5.059373779e+02;3.091635555e-02
5.061596375e+02;3.232719004e-02
5.063818970e+02;3.033072501e-02
5.066041870e+02;2.782849036e-02
5.068264771e+02;2.985157445e-02
5.070487671e+02;3.030410595e-02
5.072710876e+02;2.804144658e-02
5.074934082e+02;3.019762784e-02
5.077157593e+02;2.902636863e-02
5.079380798e+02;2.931918390e-02
5.081604614e+02;2.713638358e-02
5.083828125e+02;2.953214012e-02
5.086051941e+02;2.796158753e-02
5.088275757e+02;2.774863131e-02
5.090499573e+02;2.466076799e-02
5.092723694e+02;2.593850531e-02
5.094947815e+02;2.399528027e-02
5.097172241e+02;2.447443083e-02
5.099396667e+02;2.306359634e-02
5.101621094e+02;2.476724610e-02
5.103845520e+02;2.410175838e-02
5.106070251e+02;2.008220926e-02
5.108294983e+02;2.056136169e-02
5.110520020e+02;2.042826451e-02
5.112745056e+02;2.016206831e-02
5.114970093e+02;2.042826451e-02
5.117195129e+02;2.133332752e-02
5.119420471e+02;2.050812170e-02
5.121646118e+02;1.819222420e-02
5.123871460e+02;1.984263398e-02
5.126096802e+02;1.989587396e-02
5.128322754e+02;1.851165853e-02
5.130548706e+02;1.545041334e-02
5.132774658e+02;1.941672154e-02
5.135000610e+02;1.973615587e-02
5.137226562e+02;1.768645272e-02
5.139452515e+02;1.654181443e-02
5.141679077e+02;1.840518042e-02
5.143905640e+02;1.627561823e-02
5.146132202e+02;1.550365239e-02
5.148358765e+02;1.515759900e-02
5.150585327e+02;1.576984674e-02
5.152812500e+02;1.353380829e-02
5.155039062e+02;1.332085207e-02
5.157266235e+02;1.393310074e-02
5.159493408e+02;1.510435995e-02
5.161720581e+02;1.451873034e-02
5.163947754e+02;1.366690546e-02
5.166175537e+02;1.542379428e-02
5.168402710e+02;1.686124876e-02
5.170630493e+02;1.395971980e-02
5.172858276e+02;1.534393523e-02
5.175086060e+02;1.614252105e-02
5.177314453e+02;1.529069617e-02
5.179542236e+02;1.475830562e-02
5.181770630e+02;1.465182751e-02
5.183999023e+02;1.329423208e-02
5.186227417e+02;1.262874436e-02
5.188455811e+02;1.127114892e-02
5.190684204e+02;1.172368042e-02
5.192912598e+02;1.172368042e-02
5.195141602e+02;1.108481176e-02
5.197370605e+02;1.191001758e-02
5.199599609e+02;1.052580215e-02
5.201828613e+02;1.254888531e-02
5.204057617e+02;1.124452893e-02
5.206287231e+02;1.193663664e-02
5.208516235e+02;1.302803680e-02
5.210745850e+02;1.372014452e-02
5.212975464e+02;1.281508058e-02
5.215205078e+02;1.175030041e-02
5.217435303e+02;1.089847554e-02
5.219664917e+02;1.382662263e-02
5.221895142e+02;9.567499161e-03
5.224125366e+02;1.390648074e-02
5.226355591e+02;9.673977271e-03
5.228585815e+02;1.017974876e-02
5.230816040e+02;8.848772384e-03
5.233046875e+02;1.049918216e-02
5.235277100e+02;1.127114892e-02
5.237507935e+02;1.004665066e-02
5.239738770e+02;1.073875837e-02
5.241969604e+02;9.753836319e-03
5.244201050e+02;9.860314429e-03
5.246431885e+02;1.260212436e-02
5.248663330e+02;9.993411601e-03
5.250894775e+02;1.159058325e-02
5.253126221e+02;1.201649569e-02
5.255357666e+02;1.119128987e-02
5.257589111e+02;1.084523648e-02
5.259821167e+02;1.350718830e-02
5.262053223e+02;1.089847554e-02
5.264285278e+02;1.201649569e-02
5.266517334e+02;1.167044137e-02
5.268749390e+02;1.039270405e-02
5.270981445e+02;1.089847554e-02
5.273214111e+02;9.727216326e-03
5.275446167e+02;1.060566027e-02
5.277678833e+02;9.780455381e-03
5.279911499e+02;9.248064831e-03
5.282144165e+02;1.121790987e-02
5.284377441e+02;1.047256310e-02
5.286610107e+02;1.217621192e-02
5.288843384e+02;1.015312877e-02
5.291076660e+02;1.236254908e-02
5.293309937e+02;1.225607097e-02
5.295543213e+02;1.087185554e-02
5.297777100e+02;1.025960688e-02
5.300010376e+02;1.084523648e-02
5.302244263e+02;1.140424609e-02
5.304478149e+02;1.156396326e-02
5.306712036e+02;8.369620889e-03
5.308945923e+02;1.076537743e-02
5.311179810e+02;8.902011439e-03
5.313414307e+02;1.047256310e-02
5.315648804e+02;8.422859944e-03
5.317883301e+02;9.381162934e-03
5.320117798e+02;8.715674281e-03
5.322352295e+02;8.582577109e-03
5.324586792e+02;1.028622594e-02
5.326821899e+02;8.848772384e-03
5.329057007e+02;9.114967659e-03
5.331291504e+02;8.635816164e-03
5.333527222e+02;9.461021051e-03
5.335762329e+02;1.073875837e-02
5.337997437e+02;1.156396326e-02
5.340233154e+02;9.913553484e-03
5.342468262e+02;9.088347666e-03
5.344703979e+02;9.647358209e-03
5.346939697e+02;9.807075374e-03
5.349176025e+02;8.076806553e-03
5.351411743e+02;7.145123091e-03
5.353648071e+02;8.555957116e-03
5.355883789e+02;8.502718061e-03
5.358120117e+02;6.799069233e-03
5.360356445e+02;5.015561357e-03
5.362593384e+02;9.354542941e-03
5.364829712e+02;5.707669072e-03
5.367066650e+02;7.198362146e-03
5.369302979e+02;5.574571434e-03
5.371539917e+02;7.145123091e-03
5.373776855e+02;4.563029390e-03
5.376014404e+02;8.955250494e-03
5.378251343e+02;5.973863881e-03
5.380488892e+02;6.426395848e-03
5.382726440e+02;7.171742618e-03
5.384963379e+02;6.878927816e-03
5.387201538e+02;7.224981673e-03
5.389439087e+02;9.647358209e-03
5.391676636e+02;6.426395848e-03
5.393914795e+02;6.080341991e-03
5.396152954e+02;3.498248756e-03
5.398391113e+02;5.175278522e-03
5.400629272e+02;5.521332379e-03
5.402867432e+02;4.669507500e-03
5.405105591e+02;6.506254431e-03
5.407344360e+02;4.775985610e-03
5.409583130e+02;2.619804582e-03
5.411821899e+02;3.870921908e-03
5.414060669e+02;4.722746555e-03
5.416299438e+02;5.095419940e-03
5.418538818e+02;3.977400251e-03
5.420777588e+02;5.361615214e-03
5.423016968e+02;4.775985610e-03
5.425256348e+02;8.955250494e-03
5.427495728e+02;6.319917738e-03
5.429735107e+02;6.825688761e-03
5.431975098e+02;5.042180885e-03
5.434214478e+02;3.657965688e-03
5.436454468e+02;3.338531591e-03
5.438694458e+02;3.471629228e-03
5.440934448e+02;3.524868283e-03
5.443174438e+02;3.737824271e-03
5.445415039e+02;4.110497423e-03
5.447655640e+02;2.513326472e-03
5.449895630e+02;3.604726633e-03
5.452136230e+02;3.178814426e-03
5.454376831e+02;3.631346161e-03
5.456618042e+02;5.068800412e-03
5.458858643e+02;4.536409862e-03
5.461099854e+02;4.563029390e-03
5.463341064e+02;2.007555449e-03
5.465582275e+02;4.829224665e-03
5.467823486e+02;4.962322302e-03
5.470064697e+02;4.669507500e-03
5.472306519e+02;4.909083247e-03
5.474547729e+02;4.855844192e-03
5.476789551e+02;3.737824271e-03
5.479031372e+02;3.950780723e-03
5.481273193e+02;3.764443798e-03
5.483515015e+02;3.551487811e-03
5.485757446e+02;3.258673009e-03
5.487999878e+02;1.661501708e-03
5.490241699e+02;1.901077456e-03
5.492484131e+02;2.353609307e-03
5.494726562e+02;3.019097261e-03
5.496969604e+02;4.456551280e-03
5.499212036e+02;2.007555449e-03
5.501455078e+02;6.346537266e-03
5.503698120e+02;4.403312225e-03
5.505941162e+02;4.350073170e-03
5.508184204e+02;3.897541435e-03
5.510427246e+02;3.924161196e-03
5.512670898e+02;3.045716789e-03
5.514913940e+02;5.388234742e-03
5.517157593e+02;2.965858206e-03
5.519401245e+02;6.133581046e-03
5.521644897e+02;2.726282459e-03
5.523889160e+02;2.193892142e-03
5.526132812e+02;2.673043637e-03
5.528377075e+02;3.551487811e-03
5.530621338e+02;2.726282459e-03
5.532865601e+02;4.456551280e-03
5.535109863e+02;1.501784660e-03
5.537354126e+02;2.859380096e-03
5.539598999e+02;3.844302380e-03
5.541843262e+02;3.445009701e-03
5.544088135e+02;4.722746555e-03
5.546333008e+02;5.867385771e-03
5.548577881e+02;4.030638840e-03
5.550823364e+02;2.460087417e-03
5.553068237e+02;2.992477734e-03
5.555313721e+02;6.240059156e-03
5.557559204e+02;3.205433954e-03
5.559804688e+02;3.232053481e-03
5.562050171e+02;2.566565527e-03
5.564295654e+02;3.844302380e-03
5.566541748e+02;3.232053481e-03
5.568787231e+02;1.847838401e-03
5.571033325e+02;2.939238679e-03
5.573279419e+02;4.589648917e-03
5.575525513e+02;2.486706944e-03
5.577772217e+02;3.684585216e-03
5.580018311e+02;4.376692697e-03
5.582265015e+02;3.817682853e-03
5.584511719e+02;3.870921908e-03
5.586758423e+02;4.563029390e-03
5.589005127e+02;4.057258368e-03
5.591251831e+02;4.137116950e-03
5.593499146e+02;3.125575371e-03
5.595745850e+02;6.186820101e-03
5.597993164e+02;2.752901986e-03
5.600240479e+02;5.707669072e-03
5.602488403e+02;2.939238679e-03
5.604735718e+02;4.190356005e-03
5.606983032e+02;1.847838401e-03
5.609230957e+02;4.563029390e-03
5.611478882e+02;3.285292536e-03
5.613726807e+02;1.182350330e-03
5.615974731e+02;2.912619151e-03
5.618223267e+02;2.885999624e-03
5.620471191e+02;3.285292536e-03
5.622719727e+02;3.178814426e-03
5.624968262e+02;3.764443798e-03
5.627216797e+02;4.855844192e-03
5.629465332e+02;3.232053481e-03
5.631713867e+02;3.631346161e-03
5.633963013e+02;4.829224665e-03
5.636211548e+02;5.414854269e-03
5.638460693e+02;5.920624826e-03
5.640709839e+02;4.563029390e-03
5.642958984e+02;4.030638840e-03
5.645208740e+02;6.852308288e-03
5.647457886e+02;4.456551280e-03
5.649707642e+02;6.985405926e-03
5.651957397e+02;6.373156793e-03
5.654207153e+02;4.882463720e-03
5.656456909e+02;3.924161196e-03
5.658707275e+02;4.696127027e-03
5.660957031e+02;3.205433954e-03
5.663207397e+02;4.935702775e-03
5.665457764e+02;6.213439628e-03
5.667708130e+02;5.574571434e-03
5.669958496e+02;6.612732541e-03
5.672208862e+02;5.867385771e-03
5.674459839e+02;6.772449706e-03
5.676710205e+02;9.221445769e-03
5.678961182e+02;8.822152391e-03
5.681212158e+02;8.981869556e-03
5.683463745e+02;9.727216326e-03
5.685714722e+02;1.100495365e-02
5.687966309e+02;9.514260106e-03
5.690217285e+02;8.476098999e-03
5.692468872e+02;1.055242121e-02
5.694720459e+02;9.966792539e-03
5.696972046e+02;1.007327065e-02
5.699224243e+02;1.188339759e-02
5.701475830e+02;1.403957885e-02
5.703728027e+02;1.334747113e-02
5.705980225e+02;1.505112089e-02
5.708232422e+02;1.662167162e-02
5.710484619e+02;1.622238010e-02
5.712736816e+02;1.678138971e-02
5.714989624e+02;2.138656564e-02
5.717242432e+02;2.146642469e-02
5.719495239e+02;2.287725918e-02
5.721748047e+02;2.479386516e-02
5.724000854e+02;2.857383713e-02
5.726253662e+02;2.833426185e-02
5.728507080e+02;2.961199917e-02
5.730760498e+02;3.131564707e-02
5.733013306e+02;3.051706217e-02
5.735266724e+02;3.573448956e-02
5.737520752e+02;3.570786864e-02
5.739774170e+02;4.113825038e-02
5.742028198e+02;4.180373996e-02
5.744281616e+02;4.276204109e-02
5.746535645e+02;4.728735983e-02
5.748789673e+02;5.271774158e-02
5.751043701e+02;5.205225572e-02
5.753298340e+02;6.142232567e-02
5.755552368e+02;6.192809716e-02
5.757807007e+02;6.586778164e-02
5.760061646e+02;7.196365297e-02
5.762316284e+02;7.539757341e-02
5.764570923e+02;7.805952430e-02
5.766826172e+02;8.136034757e-02
5.769080811e+02;9.206139296e-02
5.771336060e+02;9.498953819e-02
5.773591309e+02;1.001271084e-01
5.775846558e+02;1.074208543e-01
5.778101807e+02;1.117864549e-01
5.780357666e+02;1.176161319e-01
5.782612915e+02;1.204644218e-01
5.784868774e+02;1.236587614e-01
5.787124634e+02;1.302071661e-01
5.789380493e+02;1.381930262e-01
5.791636353e+02;1.466047913e-01
5.793892212e+02;1.493466049e-01
5.796148682e+02;1.583706141e-01
5.798405151e+02;1.628427058e-01
5.800661621e+02;1.710681319e-01
5.802918091e+02;1.826742440e-01
5.805174561e+02;1.872528046e-01
5.807431030e+02;1.985660940e-01
5.809688110e+02;2.022129744e-01
5.811944580e+02;2.129140198e-01
5.814201660e+02;2.153630108e-01
5.816458740e+02;2.243870348e-01
5.818716431e+02;2.248395681e-01
5.820973511e+02;2.346089333e-01
5.823231201e+02;2.458423674e-01
5.825488281e+02;2.477855831e-01
5.827745972e+02;2.582470477e-01
5.830003662e+02;2.663926482e-01
5.832261963e+02;2.775195837e-01
5.834519653e+02;2.779721320e-01
5.836777344e+02;2.849464417e-01
5.839035645e+02;2.986554801e-01
5.841293945e+02;3.001994193e-01
5.843552246e+02;3.113529980e-01
5.845810547e+02;3.217878640e-01
5.848069458e+02;3.297204673e-01
5.850327759e+02;3.317435682e-01
5.852586670e+02;3.442813456e-01
5.854845581e+02;3.493922949e-01
5.857104492e+02;3.573781550e-01
5.859363403e+02;3.666949868e-01
5.861622925e+02;3.707943857e-01
5.863881836e+02;3.812292516e-01
5.866141357e+02;3.876179159e-01
5.868400879e+02;3.913978934e-01
5.870660400e+02;3.963225186e-01
5.872919922e+02;3.981858790e-01
5.875180054e+02;4.118683040e-01
5.877439575e+02;4.148230851e-01
5.879699707e+02;4.192685485e-01
5.881959839e+02;4.313005507e-01
5.884219971e+02;4.385144413e-01
5.886480103e+02;4.467132688e-01
5.888740234e+02;4.500140846e-01
5.891000977e+02;4.587719142e-01
5.893261719e+02;4.623123109e-01
5.895522461e+02;4.709370434e-01
5.897783203e+02;4.810258150e-01
5.900043945e+02;4.854979217e-01
5.902304688e+02;4.805999100e-01
5.904566040e+02;4.896239340e-01
5.906827393e+02;5.022416115e-01
5.909088135e+02;5.051165223e-01
5.911350098e+02;5.070863366e-01
5.913611450e+02;5.113986731e-01
5.915872803e+02;5.201565027e-01
5.918134766e+02;5.224990249e-01
5.920396118e+02;5.303784013e-01
5.922658081e+02;5.398549438e-01
5.924920044e+02;5.436349511e-01
5.927182617e+02;5.454450846e-01
5.929444580e+02;5.545489192e-01
5.931707153e+02;5.541496277e-01
5.933969116e+02;5.639190078e-01
5.936231689e+02;5.665010810e-01
5.938494263e+02;5.672464371e-01
5.940757446e+02;5.765632987e-01
5.943020020e+02;5.708933473e-01
5.945282593e+02;5.775748491e-01
5.947545776e+02;5.860664845e-01
5.949808960e+02;5.878499746e-01
5.952072144e+02;5.954631567e-01
5.954335327e+02;5.982848406e-01
5.956599121e+02;6.052591205e-01
5.958862305e+02;5.997754931e-01
5.961126099e+02;6.115945578e-01
5.963389893e+02;6.129255295e-01
5.965653687e+02;6.142831445e-01
5.967917480e+02;6.200329661e-01
5.970181885e+02;6.198199987e-01
5.972445679e+02;6.273267269e-01
5.974710083e+02;6.332362294e-01
5.976974487e+02;6.409292817e-01
5.979238892e+02;6.364305615e-01
5.981503296e+02;6.394385695e-01
5.983768311e+02;6.519497633e-01
5.986032715e+02;6.455876827e-01
5.988297729e+02;6.463862658e-01
5.990562744e+02;6.626241803e-01
5.992827759e+02;6.602550745e-01
5.995092773e+02;6.676552892e-01
5.997357788e+02;6.672027707e-01
5.999623413e+02;6.695186496e-01
6.001889038e+02;6.729259491e-01
6.004154663e+02;6.755878925e-01
6.006420288e+02;6.749756336e-01
6.008685913e+02;6.867946982e-01
6.010951538e+02;6.844788194e-01
6.013217773e+02;6.902286410e-01
6.015484009e+02;6.928107142e-01
6.017749634e+02;6.852241755e-01
6.020015869e+02;6.895365119e-01
6.022282715e+02;6.992260218e-01
6.024548950e+02;7.014886737e-01
6.026815796e+02;7.097673416e-01
6.029082031e+02;7.049492598e-01
6.031348877e+02;7.052420378e-01
6.033615723e+02;7.122962475e-01
6.035883179e+02;7.094745636e-01
6.038150024e+02;7.100335360e-01
6.040416870e+02;7.116839886e-01
6.042684326e+02;7.157833576e-01
6.044951782e+02;7.177532315e-01
6.047219238e+02;7.222785354e-01
6.049486694e+02;7.232634425e-01
6.051754761e+02;7.262980938e-01
6.054022217e+02;7.327134013e-01
6.056290283e+02;7.352954745e-01
6.058558350e+02;7.368926406e-01
6.060826416e+02;7.373452187e-01
6.063094482e+02;7.474606037e-01
6.065363159e+02;7.432280779e-01
6.067631226e+02;7.424561381e-01
6.069899902e+02;7.468483448e-01
6.072168579e+02;7.474606037e-01
6.074437256e+02;7.504419684e-01
6.076705933e+02;7.546744943e-01
6.078974609e+02;7.575760484e-01
6.081243896e+02;7.595725060e-01
6.083513184e+02;7.592796683e-01
6.085781860e+02;7.681705952e-01
6.088051147e+02;7.704864740e-01
6.090321045e+02;7.681439519e-01
6.092590332e+02;7.611962557e-01
6.094860229e+02;7.643373609e-01
6.097129517e+02;7.751715183e-01
6.099399414e+02;7.721635103e-01
6.101669312e+02;7.722700238e-01
6.103939209e+02;7.777270079e-01
6.106209717e+02;7.811076641e-01
6.108479614e+02;7.848078012e-01
6.110750122e+02;7.788184285e-01
6.113020630e+02;7.806285024e-01
6.115291138e+02;7.871769071e-01
6.117561646e+02;7.862985134e-01
6.119832764e+02;7.967067361e-01
6.122103271e+02;7.962009311e-01
6.124374390e+02;7.921547890e-01
6.126645508e+02;7.989693880e-01
6.128916626e+02;7.951627970e-01
6.131187744e+02;7.988628745e-01
6.133458862e+02;8.036012053e-01
6.135730591e+02;8.011255860e-01
6.138002319e+02;7.999809384e-01
6.140273438e+02;8.086322546e-01
6.142545166e+02;8.092711568e-01
6.144817505e+02;8.100164533e-01
6.147089233e+02;8.124388456e-01
6.149361572e+02;8.086056709e-01
6.151633301e+02;8.172836304e-01
6.153905640e+02;8.145684004e-01
6.156177979e+02;8.165915012e-01
6.158450317e+02;8.252961040e-01
6.160723267e+02;8.158461452e-01
6.162995605e+02;8.217822909e-01
6.165268555e+02;8.202916384e-01
6.167541504e+02;8.270263672e-01
6.169814453e+02;8.185613751e-01
6.172087402e+02;8.211966753e-01
6.174360352e+02;8.184815049e-01
6.176633911e+02;8.249766231e-01
6.178907471e+02;8.289163709e-01
6.181180420e+02;8.265205622e-01
6.183453979e+02;8.285436630e-01
6.185728149e+02;8.309128284e-01
6.188001709e+02;8.310459256e-01
6.190275879e+02;8.321905136e-01
6.192549438e+02;8.297947645e-01
6.194823608e+02;8.346661329e-01
6.197097778e+02;8.300876021e-01
6.199371948e+02;8.262277842e-01
6.201646729e+02;8.314185739e-01
6.203920898e+02;8.431577682e-01
6.206195679e+02;8.473370671e-01
6.208470459e+02;8.434771895e-01
6.210745239e+02;8.422260880e-01
6.213020020e+02;8.428383470e-01
6.215294800e+02;8.437434435e-01
6.217570190e+02;8.403095007e-01
6.219844971e+02;8.511702418e-01
6.222120361e+02;8.457931280e-01
6.224395752e+02;8.417203426e-01
6.226671143e+02;8.454737067e-01
6.228947144e+02;8.477097154e-01
6.231222534e+02;8.493335247e-01
6.233498535e+02;8.493867517e-01
6.235774536e+02;8.512767553e-01
6.238050537e+02;8.523947597e-01
6.240326538e+02;8.441959620e-01
6.242602539e+02;8.564409018e-01
6.244879150e+02;8.530868888e-01
6.247155762e+02;8.514897227e-01
6.249431763e+02;8.493068814e-01
6.251708374e+02;8.581445813e-01
6.253985596e+02;8.477895856e-01
6.256262207e+02;8.482421041e-01
6.258538818e+02;8.576920629e-01
6.260816040e+02;8.525810838e-01
6.263093262e+02;8.618713021e-01
6.265370483e+02;8.647462130e-01
6.267647705e+02;8.612324595e-01
6.269924927e+02;8.616317511e-01
6.272202759e+02;8.637346625e-01
6.274480591e+02;8.569732904e-01
6.276757812e+02;8.683664799e-01
6.279035645e+02;8.637613058e-01
6.281314087e+02;8.589165211e-01
6.283591919e+02;8.659707308e-01
6.285869751e+02;8.676211238e-01
6.288148193e+02;8.710816503e-01
6.290426636e+02;8.749681115e-01
6.292705078e+02;8.697506785e-01
6.294983521e+02;8.678873181e-01
6.297261963e+02;8.693513870e-01
6.299541016e+02;8.618979454e-01
6.301819458e+02;8.673815727e-01
6.304098511e+02;8.704428077e-01
6.306377563e+02;8.641605973e-01
6.308656616e+02;8.755005002e-01
6.310936279e+02;8.776832819e-01
6.313215332e+02;8.650922775e-01
6.315494995e+02;8.756069541e-01
6.317774658e+02;8.732378483e-01
6.320054321e+02;8.769912124e-01
6.322333984e+02;8.731047511e-01
6.324613647e+02;8.771508932e-01
6.326893921e+02;8.760328889e-01
6.329173584e+02;8.810373545e-01
6.331453857e+02;8.686592579e-01
6.333734131e+02;8.785351515e-01
6.336014404e+02;8.758731484e-01
6.338294678e+02;8.919247389e-01
6.340575562e+02;8.807445765e-01
6.342855835e+02;8.825014234e-01
6.345136719e+02;8.822352290e-01
6.347417603e+02;8.853497505e-01
6.349698486e+02;8.886771798e-01
6.351979980e+02;8.835662007e-01
6.354260864e+02;8.925902247e-01
6.356542358e+02;8.863612413e-01
6.358823853e+02;8.855094314e-01
6.361105347e+02;8.907268643e-01
6.363386841e+02;8.839122653e-01
6.365668335e+02;8.893692493e-01
6.367949829e+02;8.873195648e-01
6.370231934e+02;8.804250956e-01
6.372514038e+02;8.879850507e-01
6.374796143e+02;8.867339492e-01
6.377078247e+02;8.913124800e-01
6.379360352e+02;8.866008520e-01
6.381643066e+02;8.925369978e-01
6.383925171e+02;8.905671239e-01
6.386207886e+02;8.945068121e-01
6.388490601e+02;8.957313299e-01
6.390773315e+02;8.925902247e-01
6.393056030e+02;8.937348723e-01
6.395339355e+02;8.958910704e-01
6.397622070e+02;8.947996497e-01
6.399905396e+02;8.970977068e-01
6.402188721e+02;9.012482762e-01
6.404472046e+02;9.037016630e-01
6.406755371e+02;9.011104703e-01
6.409039307e+02;8.996281028e-01
6.411323242e+02;9.066879153e-01
6.413606567e+02;9.006333351e-01
6.415890503e+02;9.130795002e-01
6.418174438e+02;9.031631947e-01
6.420458984e+02;9.105769396e-01
6.422742920e+02;9.036513567e-01
6.425027466e+02;9.087209702e-01
6.427311401e+02;8.981863856e-01
6.429595947e+02;9.197416902e-01
6.431880493e+02;8.926941752e-01
6.434165649e+02;8.884417415e-01
6.436450195e+02;8.993623257e-01
6.438735352e+02;9.149885178e-01
6.441019897e+02;9.131498337e-01
6.443305054e+02;8.945737481e-01
6.445590210e+02;9.010519981e-01
6.447875977e+02;9.031129479e-01
6.450161133e+02;9.086642861e-01
6.452446899e+02;8.976786137e-01
6.454732056e+02;8.789377213e-01
6.457017822e+02;8.885079622e-01
6.459303589e+02;9.016045928e-01
6.461589966e+02;9.023440480e-01
6.463875732e+02;8.866891265e-01
6.466162109e+02;9.000670314e-01
6.468447876e+02;8.888922930e-01
6.470734253e+02;8.886100650e-01
6.473020630e+02;9.098684192e-01
6.475307617e+02;9.211334586e-01
6.477593994e+02;9.134690166e-01
6.479880981e+02;9.059928656e-01
6.482167358e+02;9.141169190e-01
6.484454346e+02;9.234530926e-01
6.486741333e+02;8.871599436e-01
6.489028320e+02;9.012472630e-01
6.491315918e+02;8.964295387e-01
6.493602905e+02;8.920158148e-01
6.495890503e+02;9.035841227e-01
6.498178101e+02;8.918448687e-01
6.500465698e+02;8.965565562e-01
6.502753296e+02;8.950392008e-01
6.505041504e+02;8.926168680e-01
6.507329102e+02;8.929096460e-01
6.509617310e+02;8.920312524e-01
6.511905518e+02;8.857756257e-01
6.514193726e+02;8.833532333e-01
6.516481934e+02;8.834863305e-01
6.518770142e+02;8.877454996e-01
6.521058960e+02;8.722529411e-01
6.523347778e+02;8.815963864e-01
6.525636597e+02;8.860418200e-01
6.527925415e+02;8.822086453e-01
6.530214233e+02;8.910729289e-01
6.532503052e+02;8.787480593e-01
6.534792480e+02;8.851633668e-01
6.537081299e+02;8.860684633e-01
6.539370728e+02;8.809574842e-01
6.541660156e+02;8.755537271e-01
6.543949585e+02;8.789077997e-01
6.546239624e+02;8.750213385e-01
6.548529053e+02;8.877454996e-01
6.550819092e+02;8.868670464e-01
6.553109131e+02;8.856957555e-01
6.555399170e+02;8.830072284e-01
6.557689209e+02;8.755271435e-01
6.559979248e+02;8.778696656e-01
6.562269897e+02;8.787214756e-01
6.564560547e+02;8.703362942e-01
6.566851196e+02;8.765652776e-01
6.569141846e+02;8.743292689e-01
6.571432495e+02;8.808510303e-01
6.573723145e+02;8.794135451e-01
6.576014404e+02;8.845777512e-01
6.578305054e+02;8.794401884e-01
6.580596313e+02;8.744623661e-01
6.582887573e+02;8.799725771e-01
6.585178833e+02;8.854562044e-01
6.587470703e+02;8.774703741e-01
6.589761963e+02;8.724126220e-01
6.592053833e+02;8.826611638e-01
6.594345703e+02;8.612590432e-01
6.596637573e+02;8.752076626e-01
6.598929443e+02;8.654649258e-01
6.601221313e+02;8.708953261e-01
6.603513794e+02;8.686592579e-01
6.605805664e+02;8.643735647e-01
6.608098145e+02;8.688988686e-01
6.610390625e+02;8.698571920e-01
6.612683105e+02;8.690319657e-01
6.614975586e+02;8.646131158e-01
6.617268677e+02;8.603273630e-01
6.619561768e+02;8.642404675e-01
6.621854248e+02;8.599547148e-01
6.624147339e+02;8.666095734e-01
6.626441040e+02;8.660506010e-01
6.628734131e+02;8.698039055e-01
6.631027222e+02;8.584640026e-01
6.633320923e+02;8.572394848e-01
6.635614624e+02;8.602474928e-01
6.637908325e+02;8.604604602e-01
6.640202026e+02;8.641605973e-01
6.642495728e+02;8.634684682e-01
6.644790039e+02;8.571330309e-01
6.647083740e+02;8.585970998e-01
6.649378052e+02;8.591294885e-01
6.651672363e+02;8.642670512e-01
6.653966675e+02;8.573459983e-01
6.656260986e+02;8.659973145e-01
6.658555908e+02;8.576121926e-01
6.660850220e+02;8.559351563e-01
6.663145142e+02;8.545509577e-01
6.665440063e+02;8.600878119e-01
6.667734985e+02;8.567337394e-01
6.670030518e+02;8.564941883e-01
6.672325439e+02;8.604072332e-01
6.674620972e+02;8.604338765e-01
6.676915894e+02;8.579848409e-01
6.679211426e+02;8.510637879e-01
6.681506958e+02;8.526077271e-01
6.683803101e+02;8.625900149e-01
6.686098633e+02;8.523148894e-01
6.688394775e+02;8.512767553e-01
6.690690308e+02;8.505047560e-01
6.692986450e+02;8.505047560e-01
6.695282593e+02;8.448348045e-01
6.697579346e+02;8.476831317e-01
6.699875488e+02;8.526077271e-01
6.702172241e+02;8.519155979e-01
6.704468384e+02;8.566538692e-01
6.706765137e+02;8.534595370e-01
6.709061890e+02;8.437966704e-01
6.711359253e+02;8.480824232e-01
6.713656006e+02;8.464586139e-01
6.715953369e+02;8.456333876e-01
6.718250122e+02;8.456866145e-01
6.720547485e+02;8.540983796e-01
6.722844849e+02;8.475500345e-01
6.725142822e+02;8.440628648e-01
6.727440186e+02;8.444887400e-01
6.729738159e+02;8.466715813e-01
6.732035522e+02;8.534328938e-01
6.734333496e+02;8.482421041e-01
6.736631470e+02;8.397771120e-01
6.738929443e+02;8.474435210e-01
6.741228027e+02;8.477097154e-01
6.743526001e+02;8.528206944e-01
6.745824585e+02;8.390583992e-01
6.748123169e+02;8.479493260e-01
6.750421753e+02;8.437966704e-01
6.752720337e+02;8.416671157e-01
6.755019531e+02;8.330423832e-01
6.757318115e+02;8.435038328e-01
6.759617310e+02;8.406289220e-01
6.761916504e+02;8.485082984e-01
6.764215698e+02;8.453671932e-01
6.766514893e+02;8.485082984e-01
6.768814087e+02;8.415340185e-01
6.771113892e+02;8.418534398e-01
6.773413696e+02;8.445153832e-01
6.775712891e+02;8.462190032e-01
6.778012695e+02;8.551099300e-01
6.780313110e+02;8.460060954e-01
6.782612915e+02;8.469377756e-01
6.784912720e+02;8.482155204e-01
6.787213135e+02;8.444089293e-01
6.789513550e+02;8.460859060e-01
6.791813965e+02;8.474169374e-01
6.794114380e+02;8.428383470e-01
6.796415405e+02;8.404958248e-01
6.798715820e+02;8.483486176e-01
6.801016846e+02;8.502917886e-01
6.803317871e+02;8.384461403e-01
6.805618896e+02;8.415606022e-01
6.807919922e+02;8.494932055e-01
6.810220947e+02;8.389785290e-01
6.812522583e+02;8.442491889e-01
6.814823608e+02;8.361302018e-01
6.817125244e+02;8.408951163e-01
6.819426880e+02;8.402296305e-01
6.821728516e+02;8.419333100e-01
6.824030151e+02;8.408685327e-01
6.826332397e+02;8.481356502e-01
6.828634644e+02;8.455535173e-01
6.830936279e+02;8.431844115e-01
6.833238525e+02;8.338143229e-01
6.835540771e+02;8.422527313e-01
6.837843628e+02;8.371950388e-01
6.840145874e+02;8.358374238e-01
6.842448730e+02;8.361302018e-01
6.844751587e+02;8.444621563e-01
6.847054443e+02;8.327229619e-01
6.849357300e+02;8.422527313e-01
6.851660156e+02;8.357841969e-01
6.853963623e+02;8.348525167e-01
6.856266479e+02;8.429980874e-01
6.858569946e+02;8.387389183e-01
6.860873413e+02;8.282774687e-01
6.863176880e+02;8.310459256e-01
6.865480347e+02;8.360503912e-01
6.867784424e+02;8.439829946e-01
6.870087891e+02;8.373014927e-01
6.872391968e+02;8.367158771e-01
6.874696045e+02;8.327229619e-01
6.877000122e+02;8.287034035e-01
6.879304199e+02;8.395375013e-01
6.881608887e+02;8.297947645e-01
6.883912964e+02;8.362367153e-01
6.886217651e+02;8.258817196e-01
6.888522339e+02;8.340006471e-01
6.890827026e+02;8.302206993e-01
6.893131714e+02;8.241248131e-01
6.895437012e+02;8.279580474e-01
6.897741699e+02;8.210103512e-01
6.900046997e+02;8.275321126e-01
6.902352295e+02;8.216226101e-01
6.904657593e+02;8.339474201e-01
6.906962891e+02;8.239118457e-01
6.909268799e+02;8.347460032e-01
6.911574097e+02;8.203448653e-01
6.913880005e+02;8.236989379e-01
6.916185913e+02;8.234593272e-01
6.918491821e+02;8.258284926e-01
6.920797729e+02;8.069818616e-01
6.923104248e+02;8.282508254e-01
6.925410156e+02;8.175498247e-01
6.927716675e+02;8.194397688e-01
6.930023193e+02;8.203714490e-01
6.932329712e+02;8.119863272e-01
6.934636230e+02;8.149676919e-01
6.936942749e+02;8.153403997e-01
6.939249878e+02;8.186411858e-01
6.941557007e+02;8.169641495e-01
6.943864136e+02;8.070085049e-01
6.946171265e+02;8.134503961e-01
6.948478394e+02;8.127849102e-01
6.950785522e+02;8.135036230e-01
6.953093262e+02;8.169907928e-01
6.955400391e+02;8.072746992e-01
6.957708130e+02;8.051983714e-01
6.960015869e+02;8.068487644e-01
6.962323608e+02;8.105222583e-01
6.964631958e+02;8.073545098e-01
6.966939697e+02;8.106287122e-01
6.969248047e+02;8.033350110e-01
6.971556396e+02;8.057307601e-01
6.973864746e+02;8.010457158e-01
6.976173096e+02;8.076473475e-01
6.978481445e+02;8.049854040e-01
6.980790405e+02;8.054645658e-01
6.983099365e+02;8.038407564e-01
6.985407715e+02;8.029623032e-01
6.987716675e+02;7.920216918e-01
6.990025635e+02;8.125719428e-01
6.992335205e+02;8.039738536e-01
6.994644165e+02;8.009126186e-01
6.996953735e+02;8.012053967e-01
6.999263306e+02;8.097502589e-01
7.001572876e+02;8.026694655e-01
7.003882446e+02;8.042400479e-01
7.006192017e+02;8.120395541e-01
7.008502197e+02;8.093509674e-01
7.010811768e+02;8.079934120e-01
7.013121948e+02;8.061566353e-01
7.015432129e+02;7.997413278e-01
7.017742310e+02;8.053580523e-01
7.020052490e+02;7.986499667e-01
7.022363281e+02;8.008859754e-01
7.024674072e+02;7.991290689e-01
7.026984253e+02;8.007262945e-01
7.029295044e+02;8.000873923e-01
7.031605835e+02;8.061832786e-01
7.033917236e+02;8.009126186e-01
7.036228027e+02;8.021637201e-01
7.038539429e+02;7.994751334e-01
7.040850220e+02;8.079135418e-01
7.043161621e+02;8.038141131e-01
7.045473022e+02;8.051450849e-01
7.047785034e+02;8.010989428e-01
7.050096436e+02;8.053846955e-01
7.052408447e+02;7.983039021e-01
7.054719849e+02;8.021370769e-01
7.057031860e+02;7.959880233e-01
7.059343872e+02;8.131309748e-01
7.061656494e+02;7.978513837e-01
7.063968506e+02;8.026162386e-01
7.066281128e+02;8.066357970e-01
7.068593140e+02;8.082063794e-01
7.070905762e+02;7.975053191e-01
7.073218384e+02;7.989161611e-01
7.075531616e+02;7.994219065e-01
7.077844238e+02;8.043997884e-01
7.080157471e+02;7.983304858e-01
7.082470093e+02;8.007528782e-01
7.084783325e+02;8.054645658e-01
7.087096558e+02;7.993420362e-01
7.089409790e+02;8.024565578e-01
7.091723633e+02;8.079934120e-01
7.094036865e+02;7.937253118e-01
7.096350708e+02;7.996082306e-01
7.098664551e+02;8.069019914e-01
7.100978394e+02;7.940181494e-01
7.103292236e+02;8.058904409e-01
7.105606689e+02;8.033615947e-01
7.107920532e+02;7.952160239e-01
7.110234985e+02;7.961743474e-01
7.112549438e+02;7.912763357e-01
7.114863892e+02;7.980110645e-01
7.117178345e+02;7.979046106e-01
7.119492798e+02;7.975851893e-01
7.121807861e+02;7.889338136e-01
7.124122314e+02;8.001672626e-01
7.126437378e+02;7.865647078e-01
7.128752441e+02;7.833437324e-01
7.131067505e+02;7.898389101e-01
7.133383179e+02;7.878690362e-01
7.135698242e+02;7.867243886e-01
7.138013916e+02;7.824120522e-01
7.140329590e+02;7.733613849e-01
7.142645264e+02;7.834501863e-01
7.144960938e+02;7.795903683e-01
7.147276611e+02;7.837430239e-01
7.149592896e+02;7.790047526e-01
7.151908569e+02;7.767953277e-01
7.154224854e+02;7.663871050e-01
7.156541138e+02;7.669993639e-01
7.158857422e+02;7.573098540e-01
7.161173706e+02;7.720038295e-01
7.163490601e+02;7.632193565e-01
7.165806885e+02;7.733348012e-01
7.168123779e+02;7.631661296e-01
7.170440674e+02;7.619150281e-01
7.172757568e+02;7.596257329e-01
7.175075073e+02;7.638316154e-01
7.177391968e+02;7.574695349e-01
7.179709473e+02;7.620481253e-01
7.182026367e+02;7.545680404e-01
7.184343872e+02;7.584278584e-01
7.186661377e+02;7.570436597e-01
7.188979492e+02;7.448785305e-01
7.191296997e+02;7.441331744e-01
7.193615112e+02;7.439468503e-01
7.195933228e+02;7.426424623e-01
7.198250732e+02;7.495369315e-01
7.200569458e+02;7.314356565e-01
7.202887573e+02;7.324472070e-01
7.205205688e+02;7.426424623e-01
7.207524414e+02;7.333522439e-01
7.209842529e+02;7.409654260e-01
7.212161255e+02;7.414978147e-01
7.214479980e+02;7.273362279e-01
7.216799316e+02;7.355350852e-01
7.219118042e+02;7.301313281e-01
7.221437378e+02;7.344170213e-01
7.223756104e+02;7.311694622e-01
7.226075439e+02;7.278952599e-01
7.228394775e+02;7.238224745e-01
7.230714111e+02;7.325270772e-01
7.233034058e+02;7.246210575e-01
7.235353394e+02;7.212137580e-01
7.237673340e+02;7.197230458e-01
7.239993286e+02;7.125091553e-01
7.242313232e+02;7.139998674e-01
7.244633179e+02;7.110717297e-01
7.246953735e+02;7.104594707e-01
7.249273682e+02;7.189511061e-01
7.251594238e+02;7.121098638e-01
7.253914795e+02;7.130681872e-01
7.256235352e+02;7.051355839e-01
7.258555908e+02;7.126688957e-01
7.260876465e+02;7.022872567e-01
7.263197632e+02;7.032455802e-01
7.265518188e+02;7.019944787e-01
7.267839355e+02;7.003174424e-01
7.270160522e+02;7.046297789e-01
7.272481689e+02;7.001044750e-01
7.274803467e+02;6.976554990e-01
7.277124634e+02;6.927574873e-01
7.279446411e+02;6.917193532e-01
7.281768188e+02;6.948071718e-01
7.284089355e+02;6.917459369e-01
7.286411743e+02;6.940352321e-01
7.288733521e+02;6.907610297e-01
7.291055298e+02;6.910272241e-01
7.293377686e+02;6.896163821e-01
7.295700073e+02;6.891638637e-01
7.298022461e+02;6.863155961e-01
7.300344849e+02;6.830946207e-01
7.302667236e+02;6.801930666e-01
7.304990234e+02;6.844788194e-01
7.307312622e+02;6.775843501e-01
7.309635620e+02;6.760404110e-01
7.311958618e+02;6.766260862e-01
7.314281616e+02;6.788355112e-01
7.316604614e+02;6.677883863e-01
7.318928223e+02;6.668034792e-01
7.321251221e+02;6.733252406e-01
7.323574829e+02;6.705035567e-01
7.325898438e+02;6.756677628e-01
7.328222046e+02;6.716482043e-01
7.330545654e+02;6.602018476e-01
7.332869873e+02;6.691725850e-01
7.335193481e+02;6.614795327e-01
7.337517700e+02;6.611335278e-01
7.339841919e+02;6.625709534e-01
7.342166138e+02;6.673624516e-01
7.344490356e+02;6.616925001e-01
7.346815186e+02;6.545318365e-01
7.349139404e+02;6.520029902e-01
7.351464233e+02;6.527217627e-01
7.353789062e+02;6.518965364e-01
7.356113892e+02;6.606543660e-01
7.358438721e+02;6.507252455e-01
7.360763550e+02;6.495540142e-01
7.363088989e+02;6.462531686e-01
7.365414429e+02;6.360845566e-01
7.367739258e+02;6.344075203e-01
7.370065308e+02;6.476906538e-01
7.372390747e+02;6.382673383e-01
7.374716187e+02;6.329168081e-01
7.377042236e+02;6.331830025e-01
7.379367676e+02;6.343808770e-01
7.381693726e+02;6.262619495e-01
7.384019775e+02;6.404501200e-01
7.386345825e+02;6.332894564e-01
7.388672485e+02;6.287375689e-01
7.390998535e+02;6.217365861e-01
7.393325195e+02;6.280986667e-01
7.395651855e+02;6.177170873e-01
7.397978516e+02;6.180098653e-01
7.400305176e+02;6.178767681e-01
7.402631836e+02;6.184091568e-01
7.404959106e+02;6.169717312e-01
7.407285767e+02;6.155076623e-01
7.409613037e+02;6.095981002e-01
7.411940308e+02;6.137241125e-01
7.414267578e+02;6.034489870e-01
7.416594849e+02;6.134845614e-01
7.418922729e+02;6.069095135e-01
7.421250000e+02;6.101304889e-01
7.423577881e+02;5.986841321e-01
7.425905762e+02;6.067764163e-01
7.428233643e+02;6.028900146e-01
7.430562134e+02;5.983912945e-01
7.432890015e+02;6.014259458e-01
7.435218506e+02;6.026504040e-01
7.437546387e+02;5.954365134e-01
7.439874878e+02;6.016921401e-01
7.442203369e+02;5.910443068e-01
7.444532471e+02;5.926681161e-01
7.446860962e+02;5.895270109e-01
7.449190063e+02;5.858801007e-01
7.451518555e+02;5.873708129e-01
7.453847656e+02;5.855873227e-01
7.456176758e+02;5.744071007e-01
7.458506470e+02;5.901658535e-01
7.460835571e+02;5.819138288e-01
7.463164673e+02;5.854808092e-01
7.465494385e+02;5.754452944e-01
7.467824097e+02;5.752056837e-01
7.470153809e+02;5.767496228e-01
7.472483521e+02;5.774683356e-01
7.474813843e+02;5.763236880e-01
7.477143555e+02;5.824462175e-01
7.479473877e+02;5.647175908e-01
7.481804199e+02;5.662615299e-01
7.484134521e+02;5.634132624e-01
7.486464844e+02;5.667672753e-01
7.488795166e+02;5.645579100e-01
7.491126099e+02;5.640255213e-01
7.493457031e+02;5.629606843e-01
7.495787354e+02;5.569979548e-01
7.498118286e+02;5.540698171e-01
7.500449829e+02;5.625880361e-01
7.502780762e+02;5.536971092e-01
7.505111694e+02;5.521531701e-01
7.507443237e+02;5.477876067e-01
7.509774780e+02;5.527122021e-01
7.512106323e+02;5.493581295e-01
7.514437866e+02;5.450457931e-01
7.516769409e+02;5.455249548e-01
7.519101562e+02;5.403607488e-01
7.521433105e+02;5.444867611e-01
7.523765259e+02;5.460307002e-01
7.526097412e+02;5.410794616e-01
7.528429565e+02;5.412125587e-01
7.530762329e+02;5.399348140e-01
7.533094482e+02;5.339187980e-01
7.535427246e+02;5.406801701e-01
7.537759399e+02;5.330137610e-01
7.540092163e+02;5.367404819e-01
7.542425537e+02;5.321619511e-01
7.544758301e+02;5.306180120e-01
7.547091064e+02;5.366340280e-01
7.549424438e+02;5.289143324e-01
7.551757812e+02;5.288877487e-01
7.554090576e+02;5.303518176e-01
7.556424561e+02;5.305647850e-01
7.558757935e+02;5.301122069e-01
7.561091309e+02;5.229515433e-01
7.563425293e+02;5.249214172e-01
7.565759277e+02;5.229781866e-01
7.568092651e+02;5.259329677e-01
7.570426636e+02;5.232177973e-01
7.572761230e+02;5.140340328e-01
7.575095215e+02;5.254804492e-01
7.577429810e+02;5.256135464e-01
7.579763794e+02;5.149657130e-01
7.582098389e+02;5.201299191e-01
7.584432983e+02;5.167492032e-01
7.586767578e+02;5.146995187e-01
7.589102783e+02;5.111591220e-01
7.591437378e+02;5.181334615e-01
7.593772583e+02;5.104137659e-01
7.596107788e+02;5.112655759e-01
7.598442993e+02;5.077251792e-01
7.600778198e+02;5.098547935e-01
7.603113403e+02;5.078582764e-01
7.605449219e+02;4.995796382e-01
7.607785034e+02;4.971040189e-01
7.610120239e+02;5.026674867e-01
7.612456055e+02;4.998458326e-01
7.614792480e+02;5.041581988e-01
7.617128296e+02;4.972637296e-01
7.619464111e+02;4.969176948e-01
7.621800537e+02;4.989939928e-01
7.624136963e+02;4.976097941e-01
7.626473389e+02;4.943622053e-01
7.628809814e+02;4.967313409e-01
7.631146240e+02;4.879202843e-01
7.633483276e+02;4.934305251e-01
7.635819702e+02;4.878936708e-01
7.638156738e+02;4.875476062e-01
7.640493774e+02;4.866691530e-01
7.642830811e+02;4.924988449e-01
7.645167847e+02;4.840072095e-01
7.647505493e+02;4.867490232e-01
7.649842529e+02;4.797481000e-01
7.652180176e+02;4.845662117e-01
7.654517822e+02;4.844597578e-01
7.656855469e+02;4.823301733e-01
7.659193726e+02;4.789495170e-01
7.661531372e+02;4.797747135e-01
7.663869019e+02;4.791358411e-01
7.666207275e+02;4.757817686e-01
7.668545532e+02;4.749299586e-01
7.670883789e+02;4.708039463e-01
7.673222046e+02;4.702981710e-01
7.675560913e+02;4.680621326e-01
7.677899170e+02;4.700053334e-01
7.680238037e+02;4.752493799e-01
7.682576904e+02;4.635634124e-01
7.684915771e+02;4.728802443e-01
7.687254639e+02;4.712830782e-01
7.689594116e+02;4.698988795e-01
7.691932983e+02;4.605021775e-01
7.694272461e+02;4.698456228e-01
7.696611938e+02;4.684347808e-01
7.698951416e+02;4.622856975e-01
7.701290894e+02;4.607949853e-01
7.703630371e+02;4.704312682e-01
7.705970459e+02;4.549387097e-01
7.708309937e+02;4.606086612e-01
7.710650024e+02;4.560301006e-01
7.712990112e+02;4.602359831e-01
7.715330200e+02;4.535278678e-01
7.717670898e+02;4.573344588e-01
7.720010986e+02;4.512385726e-01
7.722351685e+02;4.505730867e-01
7.724692383e+02;4.531551898e-01
7.727033081e+02;4.488162100e-01
7.729373779e+02;4.528357685e-01
7.731714478e+02;4.489759207e-01
7.734055176e+02;4.474053681e-01
7.736396484e+02;4.400317669e-01
7.738737793e+02;4.430131614e-01
7.741079102e+02;4.407771230e-01
7.743420410e+02;4.430930018e-01
7.745761719e+02;4.381417930e-01
7.748103638e+02;4.407771230e-01
7.750444946e+02;4.354265928e-01
7.752786865e+02;4.312739372e-01
7.755128784e+02;4.379288256e-01
7.757470703e+02;4.373964369e-01
7.759812622e+02;4.409368336e-01
7.762155151e+02;4.340690076e-01
7.764497070e+02;4.327912629e-01
7.766839600e+02;4.245924354e-01
7.769182129e+02;4.307415485e-01
7.771524658e+02;4.284522831e-01
7.773867188e+02;4.304487407e-01
7.776209717e+02;4.292242527e-01
7.778552856e+02;4.307948053e-01
7.780895996e+02;4.225693643e-01
7.783239136e+02;4.194814861e-01
7.785582275e+02;4.197210670e-01
7.787925415e+02;4.258701801e-01
7.790268555e+02;4.255773723e-01
7.792612305e+02;4.159943461e-01
7.794955444e+02;4.148496985e-01
7.797299194e+02;4.209721982e-01
7.799642944e+02;4.210254252e-01
7.801986694e+02;4.195613563e-01
7.804331055e+02;4.164734781e-01
7.806674805e+02;4.119215608e-01
7.809019165e+02;4.090200365e-01
7.811363525e+02;4.109366238e-01
7.813707886e+02;4.001823366e-01
7.816052246e+02;4.050004780e-01
7.818396606e+02;4.042551219e-01
7.820741577e+02;4.095257819e-01
7.823085938e+02;4.026313424e-01
7.825430908e+02;4.056659639e-01
7.827775879e+02;4.022586644e-01
7.830120850e+02;4.064911604e-01
7.832465820e+02;4.046810567e-01
7.834811401e+02;3.924360573e-01
7.837156372e+02;4.024716318e-01
7.839501953e+02;3.952311277e-01
7.841847534e+02;3.955239356e-01
7.844193115e+02;3.964023590e-01
7.846539307e+02;3.953109682e-01
7.848884888e+02;3.936073184e-01
7.851231079e+02;3.948584497e-01
7.853576660e+02;3.964822292e-01
7.855922852e+02;3.990110755e-01
7.858269043e+02;3.939799964e-01
7.860615845e+02;3.818414807e-01
7.862962036e+02;3.954440653e-01
7.865308228e+02;3.937138021e-01
7.867655029e+02;3.899338245e-01
7.870001831e+02;3.880970776e-01
7.872348633e+02;3.852754235e-01
7.874695435e+02;3.902532756e-01
7.877042847e+02;3.903597295e-01
7.879389648e+02;3.867394924e-01
7.881737061e+02;3.853286505e-01
7.884084473e+02;3.830659986e-01
7.886431885e+02;3.808565736e-01
7.888779297e+02;3.787536323e-01
7.891126709e+02;3.819479644e-01
7.893474731e+02;3.826933205e-01
7.895822144e+02;3.866862357e-01
7.898170166e+02;3.789665997e-01
7.900518188e+02;3.852487803e-01
7.902866211e+02;3.780615330e-01
7.905214844e+02;3.876711726e-01
7.907562866e+02;3.736959100e-01
7.909911499e+02;3.783277273e-01
7.912260132e+02;3.752931058e-01
7.914608765e+02;3.720455170e-01
7.916957397e+02;3.746275902e-01
7.919306030e+02;3.692504466e-01
7.921655273e+02;3.699425757e-01
7.924003906e+02;3.760650456e-01
7.926353149e+02;3.673338592e-01
7.928702393e+02;3.707145452e-01
7.931051636e+02;3.684785068e-01
7.933400879e+02;3.743347824e-01
7.935750732e+02;3.730836809e-01
7.938099976e+02;3.672806025e-01
7.940449829e+02;3.671741486e-01
7.942799683e+02;3.704749644e-01
7.945149536e+02;3.648316264e-01
7.947499390e+02;3.746009767e-01
7.949849854e+02;3.642193675e-01
7.952199707e+02;3.624624908e-01
7.954550171e+02;3.654971123e-01
7.956900635e+02;3.668280840e-01
7.959251099e+02;3.616372645e-01
7.961601562e+02;3.615840375e-01
7.963952026e+02;3.611847460e-01
7.966303101e+02;3.579105437e-01
7.968654175e+02;3.612379730e-01
7.971004639e+02;3.601465821e-01
7.973355713e+02;3.584695458e-01
7.975707397e+02;3.560737967e-01
7.978058472e+02;3.598271608e-01
7.980410156e+02;3.588954806e-01
7.982761230e+02;3.552486002e-01
7.985112915e+02;3.547428250e-01
7.987464600e+02;3.526664972e-01
7.989816284e+02;3.541305661e-01
7.992167969e+02;3.520010114e-01
7.994520264e+02;3.512556553e-01
7.996872559e+02;3.466770947e-01
7.999224243e+02;3.515751064e-01
8.001576538e+02;3.512556553e-01
8.003928833e+02;3.440151513e-01
8.006281738e+02;3.429769874e-01
8.008634033e+02;3.499779403e-01
8.010986938e+02;3.473425806e-01
8.013339844e+02;3.435626328e-01
8.015692749e+02;3.386380076e-01
8.018045654e+02;3.499246836e-01
8.020398560e+02;3.436424732e-01
8.022751465e+02;3.444410563e-01
8.025104980e+02;3.406877220e-01
8.027458496e+02;3.456389606e-01
8.029812012e+02;3.352573216e-01
8.032165527e+02;3.413798213e-01
8.034519043e+02;3.379725218e-01
8.036872559e+02;3.390639126e-01
8.039226685e+02;3.330479264e-01
8.041580811e+02;3.365350664e-01
8.043934326e+02;3.433762789e-01
8.046288452e+02;3.399157524e-01
8.048643188e+02;3.372804224e-01
8.050997314e+02;3.337134123e-01
8.053352051e+02;3.304392099e-01
8.055706177e+02;3.325953782e-01
8.058060913e+02;3.336335421e-01
8.060415649e+02;3.323025703e-01
8.062770386e+02;3.272981048e-01
8.065125732e+02;3.317435682e-01
8.067480469e+02;3.254347444e-01
8.069835815e+02;3.310780823e-01
8.072191162e+02;3.294808865e-01
8.074546509e+02;3.295873702e-01
8.076901855e+02;3.227461576e-01
8.079257202e+02;3.211756051e-01
8.081613159e+02;3.224533498e-01
8.083968506e+02;3.194453418e-01
8.086324463e+02;3.191525340e-01
8.088680420e+02;3.159847856e-01
8.091036377e+02;3.160646558e-01
8.093392334e+02;3.160912693e-01
8.095748901e+02;3.139084876e-01
8.098104858e+02;3.102616072e-01
8.100461426e+02;3.174488842e-01
8.102817993e+02;3.108206093e-01
8.105174561e+02;3.076528907e-01
8.107531128e+02;3.106342852e-01
8.109888306e+02;3.078126013e-01
8.112244873e+02;3.087709248e-01
8.114602051e+02;3.080521822e-01
8.116959229e+02;3.056830466e-01
8.119316406e+02;3.029412329e-01
8.121673584e+02;3.052837551e-01
8.124031372e+02;3.003857732e-01
8.126388550e+02;3.038995266e-01
8.128746338e+02;3.045650125e-01
8.131104126e+02;2.967921197e-01
8.133461914e+02;2.972712815e-01
8.135819702e+02;2.894185185e-01
8.138177490e+02;2.990814149e-01
8.140535889e+02;2.935179174e-01
8.142894287e+02;2.949553728e-01
8.145252075e+02;2.920272350e-01
8.147610474e+02;2.868098021e-01
8.149969482e+02;2.885667086e-01
8.152327881e+02;2.833492756e-01
8.154686279e+02;2.849996686e-01
8.157045288e+02;2.926394939e-01
8.159404297e+02;2.852925062e-01
8.161763306e+02;2.862507999e-01
8.164122314e+02;2.864903808e-01
8.166481323e+02;2.879544497e-01
8.168840942e+02;2.871292531e-01
8.171199951e+02;2.846269906e-01
8.173559570e+02;2.876083851e-01
8.175919189e+02;2.774663568e-01
8.178278809e+02;2.801283002e-01
8.180638428e+02;2.774397433e-01
8.182998657e+02;2.775728405e-01
8.185358276e+02;2.787441015e-01
8.187718506e+02;2.720625997e-01
8.190078735e+02;2.776793242e-01
8.192438965e+02;2.688682377e-01
8.194799194e+02;2.735266685e-01
8.197160034e+02;2.756828368e-01
8.199520264e+02;2.721690834e-01
8.201881104e+02;2.649019361e-01
8.204241943e+02;2.738194764e-01
8.206602783e+02;2.719295025e-01
8.208963623e+02;2.707848549e-01
8.211325073e+02;2.650616467e-01
8.213685913e+02;2.684157193e-01
8.216047363e+02;2.724885046e-01
8.218408813e+02;2.676969767e-01
8.220770264e+02;2.654609382e-01
8.223131714e+02;2.718230188e-01
8.225493164e+02;2.633579969e-01
8.227855225e+02;2.619471848e-01
8.230216675e+02;2.606161833e-01
8.232578735e+02;2.616011202e-01
8.234940796e+02;2.626658976e-01
8.237302856e+02;2.669516504e-01
8.239665527e+02;2.598708570e-01
8.242027588e+02;2.618407011e-01
8.244390259e+02;2.590456605e-01
8.246752930e+02;2.616277337e-01
8.249115601e+02;2.516454160e-01
8.251478271e+02;2.535620332e-01
8.253840942e+02;2.601902783e-01
8.256203613e+02;2.584334016e-01
8.258566895e+02;2.561174929e-01
8.260930176e+02;2.541742623e-01
8.263293457e+02;2.499417663e-01
8.265656738e+02;2.547066510e-01
8.268020020e+02;2.563836873e-01
8.270383301e+02;2.512727380e-01
8.272747192e+02;2.512461245e-01
8.275111084e+02;2.473862916e-01
8.277474976e+02;2.495158613e-01
8.279838867e+02;2.483446002e-01
8.282202759e+02;2.462416589e-01
8.284566650e+02;2.502612174e-01
8.286931152e+02;2.492762804e-01
8.289295044e+02;2.478388250e-01
8.291659546e+02;2.496223301e-01
8.294024048e+02;2.472798228e-01
8.296388550e+02;2.510598004e-01
8.298753662e+02;2.506605089e-01
8.301118164e+02;2.435797006e-01
8.303483276e+02;2.500748634e-01
8.305848389e+02;2.483446002e-01
8.308213501e+02;2.457358837e-01
8.310578613e+02;2.463747561e-01
8.312943726e+02;2.449905425e-01
8.315309448e+02;2.483712137e-01
8.317674561e+02;2.416630983e-01
8.320040283e+02;2.430206984e-01
8.322406006e+02;2.397997379e-01
8.324771729e+02;2.409443706e-01
8.327138062e+02;2.405716926e-01
8.329503784e+02;2.415832430e-01
8.331870117e+02;2.421688735e-01
8.334235840e+02;2.409177572e-01
8.336602173e+02;2.434998453e-01
8.338968506e+02;2.343959659e-01
8.341335449e+02;2.399594486e-01
8.343701782e+02;2.350880802e-01
8.346068726e+02;2.370579243e-01
8.348435059e+02;2.405983210e-01
8.350802002e+02;2.420091480e-01
8.353168945e+02;2.346089333e-01
8.355535889e+02;2.360996157e-01
8.357903442e+02;2.367917299e-01
8.360270386e+02;2.358866632e-01
8.362637939e+02;2.318671197e-01
8.365005493e+02;2.361262441e-01
8.367373047e+02;2.355938554e-01
8.369740601e+02;2.397464961e-01
8.372108765e+02;2.315476835e-01
8.374476318e+02;2.331182361e-01
8.376844482e+02;2.349017411e-01
8.379212646e+02;2.335707694e-01
8.381580200e+02;2.294979841e-01
8.383948975e+02;2.321865559e-01
8.386317139e+02;2.314411998e-01
8.388685303e+02;2.336506248e-01
8.391054077e+02;2.308821976e-01
8.393422852e+02;2.334908992e-01
8.395791626e+02;2.280339003e-01
8.398160400e+02;2.286195308e-01
8.400529175e+02;2.315210551e-01
8.402898560e+02;2.332513332e-01
8.405267334e+02;2.282468677e-01
8.407636719e+02;2.312282473e-01
8.410006104e+02;2.248395681e-01
8.412375488e+02;2.248927951e-01
8.414744873e+02;2.234553397e-01
8.417114868e+02;2.275281399e-01
8.419484253e+02;2.223905623e-01
8.421854248e+02;2.247863263e-01
8.424224243e+02;2.253719568e-01
8.426594238e+02;2.268892676e-01
8.428964233e+02;2.257712483e-01
8.431334839e+02;2.250791341e-01
8.433704834e+02;2.218581736e-01
8.436075439e+02;2.243071645e-01
8.438446045e+02;2.235352099e-01
8.440816650e+02;2.257180065e-01
8.443187256e+02;2.211926877e-01
8.445557861e+02;2.208466381e-01
8.447929077e+02;2.254518121e-01
8.450299683e+02;2.194357961e-01
8.452670898e+02;2.252920866e-01
8.455042114e+02;2.179983407e-01
8.457413330e+02;2.205538154e-01
8.459785156e+02;2.183177769e-01
8.462156372e+02;2.137392163e-01
8.464528198e+02;2.189034075e-01
8.466899414e+02;2.172796130e-01
8.469271240e+02;2.149637192e-01
8.471643677e+02;2.144047171e-01
8.474015503e+02;2.093203813e-01
8.476387329e+02;2.116895169e-01
8.478759766e+02;2.141118944e-01
8.481132202e+02;2.107844502e-01
8.483504639e+02;2.133133113e-01
8.485877075e+02;2.141651362e-01
8.488249512e+02;2.148306221e-01
8.490621948e+02;2.141917497e-01
8.492994995e+02;2.073505372e-01
8.495368042e+02;2.145378143e-01
8.497740479e+02;2.075901181e-01
8.500113525e+02;2.093203813e-01
8.502487183e+02;2.105182558e-01
8.504860229e+02;2.085484117e-01
8.507233887e+02;2.093203813e-01
8.509606934e+02;2.080958784e-01
8.511980591e+02;2.071641982e-01
8.514354248e+02;2.075102478e-01
8.516727905e+02;2.053806931e-01
8.519102173e+02;2.042626739e-01
8.521475830e+02;2.008021325e-01
8.523850098e+02;2.041828185e-01
8.526224365e+02;2.053806931e-01
8.528598633e+02;2.039432377e-01
8.530972900e+02;2.066584229e-01
8.533347168e+02;2.021331042e-01
8.535721436e+02;2.028518319e-01
8.538096313e+02;2.011481822e-01
8.540471191e+02;2.043957710e-01
8.542846069e+02;2.005359381e-01
8.545220947e+02;1.973415911e-01
8.547595825e+02;2.008287609e-01
8.549971313e+02;1.989387721e-01
8.552346191e+02;1.937745810e-01
8.554721680e+02;1.992582083e-01
8.557097168e+02;1.955580860e-01
8.559472656e+02;1.919378340e-01
8.561848145e+02;1.918313503e-01
8.564224243e+02;1.953717470e-01
8.566599731e+02;1.943868250e-01
8.568975830e+02;1.908996701e-01
8.571351929e+02;1.968092024e-01
8.573728027e+02;1.901277006e-01
8.576104126e+02;1.931889504e-01
8.578480225e+02;1.916450262e-01
8.580856934e+02;1.927896589e-01
8.583233032e+02;1.901809424e-01
8.585609741e+02;1.892758757e-01
8.587986450e+02;1.892226487e-01
8.590363159e+02;1.872261763e-01
8.592740479e+02;1.866937876e-01
8.595117188e+02;1.890895516e-01
8.597494507e+02;1.906334758e-01
8.599871826e+02;1.867204159e-01
8.602249146e+02;1.878916621e-01
8.604626465e+02;1.863211095e-01
8.607003784e+02;1.861347854e-01
8.609381714e+02;1.849635243e-01
8.611759033e+02;1.804115772e-01
8.614136963e+02;1.828073412e-01
8.616514893e+02;1.851764768e-01
8.618892822e+02;1.824346632e-01
8.621270752e+02;1.803317219e-01
8.623649292e+02;1.833929718e-01
8.626027222e+02;1.800921410e-01
8.628405762e+02;1.849635243e-01
8.630784302e+02;1.800921410e-01
8.633162842e+02;1.826210022e-01
8.635541382e+02;1.807043999e-01
8.637919922e+02;1.788942665e-01
8.640299072e+02;1.801720113e-01
8.642678223e+02;1.759927422e-01
8.645057373e+02;1.825677603e-01
8.647436523e+02;1.745552868e-01
8.649815674e+02;1.759395003e-01
8.652194824e+02;1.761258394e-01
8.654574585e+02;1.771107614e-01
8.656953735e+02;1.745552868e-01
8.659333496e+02;1.756733060e-01
8.661713257e+02;1.749013364e-01
8.664093018e+02;1.762855500e-01
8.666472778e+02;1.760725975e-01
8.668853149e+02;1.756733060e-01
8.671233521e+02;1.755934507e-01
8.673613281e+02;1.772704720e-01
8.675993652e+02;1.698702574e-01
8.678374023e+02;1.735171229e-01
8.680755005e+02;1.723991036e-01
8.683135376e+02;1.701630652e-01
8.685516357e+02;1.671284437e-01
8.687896729e+02;1.705091149e-01
8.690277710e+02;1.664629579e-01
8.692658691e+02;1.701098233e-01
8.695040283e+02;1.720796674e-01
8.697421265e+02;1.721595377e-01
8.699802856e+02;1.613253802e-01
8.702183838e+02;1.690982878e-01
8.704565430e+02;1.644664854e-01
8.706947021e+02;1.660902798e-01
8.709328613e+02;1.658240855e-01
8.711710815e+02;1.695241928e-01
8.714092407e+02;1.688853353e-01
8.716474609e+02;1.666492969e-01
8.718856812e+02;1.638542414e-01
8.721239014e+02;1.623369306e-01
8.723621216e+02;1.624700278e-01
8.726003418e+02;1.635348052e-01
8.728386230e+02;1.607929915e-01
8.730768433e+02;1.605800390e-01
8.733151245e+02;1.590094864e-01
8.735534058e+02;1.605001837e-01
8.737916870e+02;1.578382254e-01
8.740299683e+02;1.574123204e-01
8.742683105e+02;1.587166786e-01
8.745066528e+02;1.563209146e-01
8.747449341e+02;1.561345756e-01
8.749832764e+02;1.565072536e-01
8.752216187e+02;1.514229178e-01
8.754600220e+02;1.557885259e-01
8.756983643e+02;1.508106738e-01
8.759367065e+02;1.545906514e-01
8.761751099e+02;1.515826434e-01
8.764135132e+02;1.564540118e-01
8.766519165e+02;1.538452953e-01
8.768903198e+02;1.530200988e-01
8.771287842e+02;1.516358852e-01
8.773671875e+02;1.476961970e-01
8.776056519e+02;1.467378885e-01
8.778441162e+02;1.521416456e-01
8.780825806e+02;1.500653327e-01
8.783210449e+02;1.497458965e-01
8.785595093e+02;1.460191607e-01
8.787980347e+02;1.481753439e-01
8.790364990e+02;1.478026658e-01
8.792750244e+02;1.455932558e-01
8.795135498e+02;1.503847688e-01
8.797520752e+02;1.447148025e-01
8.799906616e+02;1.434104443e-01
8.802291870e+02;1.456997246e-01
8.804677734e+02;1.425320059e-01
8.807062988e+02;1.480156183e-01
8.809448853e+02;1.441558003e-01
8.811834717e+02;1.453270614e-01
8.814221191e+02;1.432773471e-01
8.816607056e+02;1.437298805e-01
8.818993530e+02;1.414938420e-01
8.821379395e+02;1.386455595e-01
8.823765869e+02;1.429312974e-01
8.826152344e+02;1.365692317e-01
8.828539429e+02;1.401628703e-01
8.830925903e+02;1.385124624e-01
8.833312988e+02;1.386987865e-01
8.835699463e+02;1.367289424e-01
8.838086548e+02;1.373944432e-01
8.840473633e+02;1.369419098e-01
8.842860718e+02;1.388318837e-01
8.845248413e+02;1.364361346e-01
8.847635498e+02;1.365159899e-01
8.850023193e+02;1.381131709e-01
8.852410889e+02;1.371548623e-01
8.854798584e+02;1.343864352e-01
8.857186279e+02;1.379800737e-01
8.859573975e+02;1.327093989e-01
8.861961670e+02;1.369152814e-01
8.864349976e+02;1.349454373e-01
8.866738281e+02;1.323633492e-01
8.869126587e+02;1.289826632e-01
8.871514893e+02;1.310856044e-01
8.873903198e+02;1.340669990e-01
8.876292114e+02;1.353713572e-01
8.878680420e+02;1.330820769e-01
8.881069336e+02;1.303402632e-01
8.883458252e+02;1.296747774e-01
8.885847168e+02;1.306863129e-01
8.888236084e+02;1.297280192e-01
8.890625000e+02;1.312453300e-01
8.893014526e+02;1.323367208e-01
8.895404053e+02;1.295949221e-01
8.897793579e+02;1.283704191e-01
8.900183105e+02;1.294085830e-01
8.902572632e+02;1.269595921e-01
8.904962158e+02;1.253890395e-01
8.907352295e+02;1.258415580e-01
8.909741821e+02;1.269595921e-01
8.912131958e+02;1.248034015e-01
8.914522095e+02;1.256552339e-01
8.916912231e+02;1.218486354e-01
8.919302368e+02;1.221946925e-01
8.921693115e+02;1.236055270e-01
8.924083862e+02;1.234990507e-01
8.926473999e+02;1.234191880e-01
8.928864746e+02;1.229932755e-01
8.931255493e+02;1.222745478e-01
8.933646851e+02;1.253890395e-01
8.936037598e+02;1.217954010e-01
8.938428955e+02;1.257084608e-01
8.940819702e+02;1.216623038e-01
8.943211060e+02;1.218752563e-01
8.945602417e+02;1.208370924e-01
8.947994385e+02;1.224608868e-01
8.950385742e+02;1.211299077e-01
8.952777100e+02;1.204910427e-01
8.955169067e+02;1.142088324e-01
8.957561035e+02;1.200651303e-01
8.959953003e+02;1.184679568e-01
8.962344971e+02;1.178557053e-01
8.964737549e+02;1.147678420e-01
8.967129517e+02;1.158060059e-01
8.969522095e+02;1.157261506e-01
8.971914673e+02;1.154865697e-01
8.974307251e+02;1.136764437e-01
8.976699829e+02;1.172434613e-01
8.979092407e+02;1.158060059e-01
8.981484985e+02;1.155131906e-01
8.983878174e+02;1.123454645e-01
8.986271362e+02;1.125584245e-01
8.988664551e+02;1.162319183e-01
8.991057739e+02;1.171902195e-01
8.993450928e+02;1.135965884e-01
8.995844727e+02;1.141289771e-01
8.998237915e+02;1.126649007e-01
9.000631714e+02;1.138095409e-01
9.003025513e+02;1.111742109e-01
9.005419312e+02;1.122389883e-01
9.007813110e+02;1.094173193e-01
9.010206909e+02;1.126382798e-01
9.012601318e+02;1.087252125e-01
9.014995728e+02;1.059301645e-01
9.017390137e+02;1.101360470e-01
9.019784546e+02;1.059035435e-01
9.022178955e+02;1.093108431e-01
9.024573364e+02;1.131972894e-01
9.026968384e+02;1.107216775e-01
9.029362793e+02;1.073676199e-01
9.031757812e+02;1.066488922e-01
9.034152832e+02;1.095237955e-01
9.036547852e+02;1.107482985e-01
9.038943481e+02;1.061697379e-01
9.041338501e+02;1.103490070e-01
9.043734131e+02;1.055574939e-01
9.046129150e+02;1.087518334e-01
9.048524780e+02;1.085654944e-01
9.050920410e+02;1.020969525e-01
9.053316650e+02;1.005530208e-01
9.055712280e+02;1.043329909e-01
9.058108521e+02;1.005263999e-01
9.060504150e+02;1.005530208e-01
9.062900391e+02;9.874289483e-02
9.065296631e+02;1.029221565e-01
9.067693481e+02;1.049718633e-01
9.070089722e+02;9.932852536e-02
9.072486572e+02;1.026027203e-01
9.074882812e+02;1.024696231e-01
9.077279663e+02;1.016976610e-01
9.079676514e+02;1.033746898e-01
9.082073364e+02;1.038538441e-01
9.084470825e+02;1.030818745e-01
9.086867676e+02;1.013782248e-01
9.089265137e+02;1.001271084e-01
9.091662598e+02;9.988753498e-02
9.094060059e+02;1.010055542e-01
9.096457520e+02;9.978105128e-02
9.098854980e+02;9.594784677e-02
9.101252441e+02;1.022034287e-01
9.103650513e+02;9.842345864e-02
9.106048584e+02;9.658671170e-02
9.108446655e+02;9.781120718e-02
9.110844727e+02;9.552193433e-02
9.113242798e+02;9.480320662e-02
9.115641479e+02;9.693276882e-02
9.118039551e+02;9.530897439e-02
9.120438232e+02;9.616079926e-02
9.122836914e+02;9.661333263e-02
9.125235596e+02;9.285997599e-02
9.127634277e+02;9.437729418e-02
9.130032959e+02;9.222111106e-02
9.132432251e+02;9.182181954e-02
9.134831543e+02;9.640037268e-02
9.137230225e+02;9.408447891e-02
9.139629517e+02;9.562841058e-02
9.142029419e+02;9.219449013e-02
9.144428711e+02;8.868071437e-02
9.146828003e+02;9.312617779e-02
9.149227905e+02;8.801522851e-02
9.151627808e+02;9.014479071e-02
9.154027710e+02;9.078365564e-02
9.156427612e+02;8.756269515e-02
9.158827515e+02;8.966563642e-02
9.161228027e+02;9.096999466e-02
9.163627930e+02;9.006492794e-02
9.166028442e+02;8.719002455e-02
9.168428955e+02;8.998507261e-02
9.170829468e+02;8.993183076e-02
9.173229980e+02;9.035774320e-02
9.175631104e+02;8.923972398e-02
9.178031616e+02;8.687058836e-02
9.180432739e+02;8.844114095e-02
9.182833862e+02;8.609861881e-02
9.185234985e+02;8.524679393e-02
9.187636108e+02;8.647129685e-02
9.190037231e+02;8.641805500e-02
9.192438965e+02;8.814832568e-02
9.194840698e+02;8.716340363e-02
9.197241821e+02;8.607199788e-02
9.199643555e+02;8.247836679e-02
9.202045898e+02;8.511369675e-02
9.204447632e+02;8.394244313e-02
9.206849365e+02;8.585904539e-02
9.209251709e+02;8.583242446e-02
9.211654053e+02;8.468778431e-02
9.214056396e+02;8.420863748e-02
9.216458740e+02;8.298413455e-02
9.218861084e+02;8.322371542e-02
9.221264038e+02;8.617848158e-02
9.223666382e+02;8.383595943e-02
9.226069336e+02;7.957683504e-02
9.228472290e+02;8.154668659e-02
9.230875244e+02;8.154668659e-02
9.233278198e+02;8.010923117e-02
9.235681763e+02;7.933726162e-02
9.238084717e+02;8.045528084e-02
9.240488281e+02;7.952360064e-02
9.242891846e+02;7.970993966e-02
9.245295410e+02;7.755375654e-02
9.247698975e+02;7.949697971e-02
9.250102539e+02;7.986965030e-02
9.252506714e+02;7.997613400e-02
9.254910278e+02;8.213230968e-02
9.257314453e+02;7.808614522e-02
9.259718628e+02;7.808614522e-02
9.262122803e+02;7.795304805e-02
9.264527588e+02;7.848543674e-02
9.266931763e+02;7.672855258e-02
9.269336548e+02;7.893797010e-02
9.271741333e+02;7.632925361e-02
9.274146118e+02;7.619615644e-02
9.276550903e+02;7.696812600e-02
9.278955688e+02;7.430617511e-02
9.281360474e+02;7.619615644e-02
9.283765869e+02;7.510475814e-02
9.286171265e+02;7.489180565e-02
9.288576660e+02;7.558391243e-02
9.290982056e+02;7.302843779e-02
9.293387451e+02;6.994057447e-02
9.295792847e+02;7.175070047e-02
9.298198853e+02;7.340110838e-02
9.300604248e+02;7.606305927e-02
9.303010254e+02;6.970099360e-02
9.305416260e+02;7.449250668e-02
9.307822266e+02;7.159098238e-02
9.310228882e+02;7.095210999e-02
9.312634888e+02;7.377378643e-02
9.315041504e+02;7.076577842e-02
9.317448120e+02;7.068591565e-02
9.319854736e+02;6.887578964e-02
9.322261353e+02;7.124492526e-02
9.324667969e+02;6.983409077e-02
9.327075195e+02;6.650665402e-02
9.329481812e+02;6.871607155e-02
9.331889038e+02;6.722538173e-02
9.334296265e+02;6.546849012e-02
9.336703491e+02;6.962113827e-02
9.339110718e+02;6.829015911e-02
9.341518555e+02;6.932832301e-02
9.343925781e+02;6.658650935e-02
9.346333618e+02;7.071253657e-02
9.348741455e+02;6.687932462e-02
9.351149292e+02;6.762467325e-02
9.353557129e+02;6.908874959e-02
9.355964966e+02;6.679946929e-02
9.358373413e+02;6.954127550e-02
9.360781250e+02;6.384470314e-02
9.363189697e+02;6.469652802e-02
9.365598145e+02;6.661313027e-02
9.368006592e+02;6.360512972e-02
9.370415649e+02;6.432384998e-02
9.372824097e+02;6.195471436e-02
9.375233154e+02;6.360512972e-02
9.377642212e+02;6.333892792e-02
9.380051270e+02;5.966543779e-02
9.382460327e+02;6.464328617e-02
9.384869385e+02;6.275330484e-02
9.387278442e+02;6.312597543e-02
9.389688110e+02;6.480300426e-02
9.392097778e+02;6.333892792e-02
9.394507446e+02;6.347202510e-02
9.396917114e+02;6.357850879e-02
9.399326782e+02;6.091655418e-02
9.401736450e+02;6.152880192e-02
9.404146729e+02;6.344541162e-02
9.406556396e+02;6.147556379e-02
9.408966675e+02;5.838770047e-02
9.411376953e+02;5.982515588e-02
9.413787842e+02;6.057050079e-02
9.416198120e+02;5.961219966e-02
9.418608398e+02;5.985177308e-02
9.421019287e+02;5.918628722e-02
9.423430176e+02;5.987839401e-02
9.425841064e+02;5.921290442e-02
9.428251953e+02;6.003811210e-02
9.430662842e+02;5.737615749e-02
9.433074341e+02;5.926614255e-02
9.435485229e+02;5.777545273e-02
9.437896729e+02;5.838770047e-02
9.440308228e+02;5.726968125e-02
9.442719727e+02;5.769559368e-02
9.445131226e+02;5.732291937e-02
9.447543335e+02;5.809488520e-02
9.449954834e+02;5.503363907e-02
9.452366943e+02;5.482068285e-02
9.454779053e+02;5.436815321e-02
9.457191162e+02;5.450125039e-02
9.459603271e+02;5.311703309e-02
9.462015381e+02;5.146662518e-02
9.464428101e+02;5.625813827e-02
9.466840820e+02;5.109395087e-02
9.469252930e+02;5.386238173e-02
9.471665649e+02;5.322351307e-02
9.474078979e+02;5.234506726e-02
9.476491699e+02;5.045508221e-02
9.478904419e+02;5.351632833e-02
9.481317749e+02;5.543293431e-02
9.483731079e+02;5.263788253e-02
9.486144409e+02;5.378252268e-02
9.488557739e+02;5.314365402e-02
9.490971069e+02;5.064142123e-02
9.493384399e+02;5.197239667e-02
9.495798340e+02;5.274436250e-02
9.498212280e+02;4.920396581e-02
9.500626221e+02;4.792622849e-02
9.503040161e+02;4.957664013e-02
9.505454102e+02;5.077451840e-02
9.507868042e+02;4.582328722e-02
9.510282593e+02;4.843199998e-02
9.512697144e+02;4.654201493e-02
9.515111084e+02;4.598300159e-02
9.517525635e+02;4.728735983e-02
9.519940796e+02;4.869819432e-02
9.522355347e+02;4.933706298e-02
9.524769897e+02;4.901763052e-02
9.527185059e+02;4.752693698e-02
9.529600220e+02;4.582328722e-02
9.532015381e+02;4.672835022e-02
9.534430542e+02;4.582328722e-02
9.536845703e+02;4.555709288e-02
9.539261475e+02;4.521103576e-02
9.541676636e+02;4.758017510e-02
9.544092407e+02;4.406639934e-02
9.546508179e+02;4.297499731e-02
9.548923950e+02;4.238936678e-02
9.551339722e+02;4.435921088e-02
9.553756104e+02;4.236274958e-02
9.556171875e+02;4.342753068e-02
9.558588257e+02;4.321457446e-02
9.561004639e+02;4.103177413e-02
9.563421021e+02;4.284190014e-02
9.565837402e+02;4.321457446e-02
9.568253784e+02;4.148430377e-02
9.570670776e+02;4.577004910e-02
9.573087158e+02;4.316133261e-02
9.575504150e+02;4.380020127e-02
9.577921143e+02;4.087205604e-02
9.580338135e+02;4.361386597e-02
9.582755737e+02;4.057924077e-02
9.585172729e+02;3.954108059e-02
9.587590332e+02;4.039290547e-02
9.590007324e+02;4.161740094e-02
9.592424927e+02;3.823672235e-02
9.594843140e+02;3.890221193e-02
9.597260742e+02;3.868925571e-02
9.599678345e+02;3.834320232e-02
9.602096558e+02;3.781080991e-02
9.604514160e+02;3.693236783e-02
9.606932373e+02;3.791728988e-02
9.609350586e+02;3.757123649e-02
9.611769409e+02;3.935474157e-02
9.614187622e+02;3.733165935e-02
9.616605835e+02;3.988713399e-02
9.619024658e+02;3.714532405e-02
9.621443481e+02;3.757123649e-02
9.623862305e+02;4.017994925e-02
9.626281128e+02;3.813024610e-02
9.628699951e+02;3.685250878e-02
9.631119385e+02;3.767771274e-02
9.633538818e+02;3.621364012e-02
9.635957642e+02;3.618701920e-02
9.638377075e+02;3.480280563e-02
9.640796509e+02;3.578772768e-02
9.643216553e+02;3.443013132e-02
9.645635986e+02;3.661293164e-02
9.648056030e+02;3.554815054e-02
9.650475464e+02;3.296605870e-02
9.652895508e+02;3.325887397e-02
9.655315552e+02;3.722517937e-02
9.657735596e+02;3.621364012e-02
9.660156250e+02;3.669279069e-02
9.662576294e+02;3.461646661e-02
9.664996948e+02;3.504237905e-02
9.667417603e+02;3.381788358e-02
9.669838257e+02;3.618701920e-02
9.672258911e+02;3.727842122e-02
9.674679565e+02;3.256676346e-02
9.677100830e+02;3.246028721e-02
9.679522095e+02;3.272648156e-02
9.681942749e+02;3.339197114e-02
9.684364014e+02;3.256676346e-02
9.686785278e+02;3.443013132e-02
9.689207153e+02;3.104945272e-02
9.691628418e+02;3.067677841e-02
9.694050293e+02;3.208761290e-02
9.696471558e+02;3.118254989e-02
9.698893433e+02;3.131564707e-02
9.701315308e+02;3.200775385e-02
9.703737793e+02;3.088973463e-02
9.706159668e+02;3.240704909e-02
9.708582153e+02;3.246028721e-02
9.711004028e+02;3.147536516e-02
9.713426514e+02;3.115593083e-02
9.715848999e+02;2.934580296e-02
9.718271484e+02;3.371140361e-02
9.720694580e+02;3.235380724e-02
9.723117065e+02;3.219409287e-02
9.725540161e+02;2.931918390e-02
9.727963257e+02;3.259338439e-02
9.730386353e+02;2.854721807e-02
9.732809448e+02;3.043720312e-02
9.735232544e+02;2.918608673e-02
9.737655640e+02;2.804144658e-02
9.740079346e+02;2.889327146e-02
9.742503052e+02;2.971847728e-02
9.744926758e+02;2.788173035e-02
9.747350464e+02;2.870693430e-02
9.749774170e+02;2.998467162e-02
9.752197876e+02;2.705652453e-02
9.754622192e+02;2.910622768e-02
9.757046509e+02;2.878679335e-02
9.759470825e+02;2.822778374e-02
9.761895142e+02;2.881341241e-02
9.764319458e+02;2.884003147e-02
9.766743774e+02;3.057030030e-02
9.769168701e+02;3.001129068e-02
9.771593018e+02;2.729609981e-02
9.774017944e+02;2.572554909e-02
9.776442871e+02;2.687018737e-02
9.778867798e+02;2.591188438e-02
9.781292725e+02;2.750905603e-02
9.783718262e+02;2.513991855e-02
9.786143799e+02;2.423485555e-02
9.788568726e+02;2.660399303e-02
9.790994263e+02;2.593850531e-02
9.793419800e+02;2.585864626e-02
9.795845947e+02;2.758891508e-02
9.798271484e+02;2.865369618e-02
9.800697021e+02;2.878679335e-02
9.803123169e+02;2.673709020e-02
9.805549316e+02;2.535287477e-02
9.807975464e+02;2.974509634e-02
9.810401611e+02;2.812130563e-02
9.812828369e+02;2.519315854e-02
9.815254517e+02;2.513991855e-02
9.817681274e+02;2.716300264e-02
9.820108032e+02;2.519315854e-02
9.822534790e+02;2.564569004e-02
9.824961548e+02;2.151966467e-02
9.827388306e+02;2.428809367e-02
9.829815674e+02;2.253120579e-02
9.832242432e+02;2.612484060e-02
9.834669800e+02;2.229163051e-02
9.837097168e+02;2.154628374e-02
9.839524536e+02;2.324993350e-02
9.841951904e+02;2.471400611e-02
9.844379883e+02;2.545935288e-02
9.846807251e+02;2.199881524e-02
9.849235229e+02;2.428809367e-02
9.851663208e+02;2.463414706e-02
9.854091187e+02;2.396865934e-02
9.856519165e+02;2.423485555e-02
9.858947144e+02;2.386218123e-02
9.861375732e+02;2.343626879e-02
9.863804321e+02;2.420823649e-02
9.866232300e+02;2.186571807e-02
9.868660889e+02;2.383556217e-02
9.871089478e+02;2.253120579e-02
9.873518677e+02;2.293049917e-02
9.875947266e+02;2.191895619e-02
9.878376465e+02;2.162614278e-02
9.880805664e+02;2.050812170e-02
9.883234863e+02;2.263768390e-02
9.885664062e+02;2.104051225e-02
9.888093262e+02;2.245134674e-02
9.890522461e+02;2.279740013e-02
9.892952271e+02;2.474062517e-02
9.895382080e+02;2.045488358e-02
9.897811279e+02;2.186571807e-02
9.900241699e+02;2.159952186e-02
9.902671509e+02;2.269092388e-02
9.905101318e+02;2.210529335e-02
9.907531738e+02;2.508668043e-02
9.909961548e+02;2.016206831e-02
9.912391968e+02;2.002897114e-02
9.914822388e+02;2.037502453e-02
9.917252808e+02;1.962967776e-02
9.919683838e+02;1.931024343e-02
9.922114258e+02;2.048150264e-02
9.924545288e+02;1.986925304e-02
9.926975708e+02;1.944334060e-02
9.929406738e+02;2.223839052e-02
9.931837769e+02;2.117360942e-02
9.934269409e+02;2.008220926e-02
9.936700439e+02;1.832532138e-02
9.939132080e+02;2.010883018e-02
9.941563110e+02;1.986925304e-02
9.943994751e+02;2.157290280e-02
9.946426392e+02;2.085417695e-02
9.948858643e+02;1.957643963e-02
9.951290283e+02;1.864475571e-02
9.953721924e+02;1.952319965e-02
9.956154175e+02;1.888433099e-02
9.958586426e+02;1.757997461e-02
9.961018677e+02;1.718068309e-02
9.963450928e+02;1.954981871e-02
9.965883179e+02;1.819222420e-02
9.968316040e+02;1.678138971e-02
9.970748291e+02;1.781954989e-02
9.973181152e+02;1.750011556e-02
9.975614014e+02;2.008220926e-02
9.978046875e+02;1.888433099e-02
9.980480347e+02;1.829870231e-02
9.982913208e+02;2.005559020e-02
9.985346680e+02;1.747349650e-02
9.987779541e+02;1.893757097e-02
9.990213013e+02;1.939010248e-02
9.992646484e+02;1.925700530e-02
9.995079956e+02;1.691448689e-02
9.997514038e+02;1.789940894e-02
9.999947510e+02;1.789940894e-02
1.000238159e+03;1.675477065e-02
1.000481567e+03;1.566336863e-02
1.000724976e+03;1.598280296e-02
1.000968384e+03;1.683462784e-02
1.001211792e+03;1.640871540e-02
1.001455261e+03;1.590294577e-02
1.001698669e+03;1.638209634e-02
1.001942139e+03;1.755335554e-02
1.002185608e+03;1.646195538e-02
1.002429077e+03;1.659505256e-02
1.002672546e+03;1.752673648e-02
1.002916077e+03;1.835194044e-02
1.003159546e+03;1.720730215e-02
1.003403076e+03;1.867137477e-02
1.003646606e+03;1.630223729e-02
1.003890137e+03;1.742025837e-02
1.004133667e+03;1.744687743e-02
1.004377258e+03;1.624899916e-02
1.004620789e+03;1.699434593e-02
1.004864380e+03;1.576984674e-02
1.005107971e+03;1.470506657e-02
1.005351562e+03;1.430577412e-02
1.005595154e+03;1.513097901e-02
1.005838745e+03;1.518421806e-02
1.006082336e+03;1.590294577e-02
1.006325989e+03;1.568998955e-02
1.006569641e+03;1.566336863e-02
1.006813293e+03;1.547703333e-02
1.007056946e+03;1.584970579e-02
1.007300598e+03;1.443887129e-02
1.007544312e+03;1.568998955e-02
1.007787964e+03;1.427915413e-02
1.008031677e+03;1.624899916e-02
1.008275391e+03;1.457196940e-02
1.008519104e+03;1.595618390e-02
1.008762817e+03;1.358704735e-02
1.009006531e+03;1.441225223e-02
1.009250305e+03;1.387986168e-02
1.009494019e+03;1.398633979e-02
1.009737793e+03;1.441225223e-02
1.009981567e+03;1.451873034e-02
1.010225342e+03;1.358704735e-02
1.010469177e+03;1.180353947e-02
1.010712952e+03;1.329423208e-02
1.010956787e+03;1.372014452e-02
1.011200623e+03;1.217621192e-02
1.011444397e+03;1.230931003e-02
1.011688293e+03;1.465182751e-02
1.011932129e+03;1.398633979e-02
1.012175964e+03;1.462520845e-02
1.012419861e+03;1.286831964e-02
1.012663696e+03;1.497126184e-02
1.012907593e+03;1.358704735e-02
1.013151489e+03;1.262874436e-02
1.013395447e+03;1.502450090e-02
1.013639343e+03;1.473168656e-02
1.013883240e+03;1.260212436e-02
1.014127197e+03;1.252226625e-02
1.014371155e+03;1.039270405e-02
1.014615112e+03;1.337409113e-02
1.014859070e+03;1.387986168e-02
1.015103027e+03;1.201649569e-02
1.015347046e+03;1.175030041e-02
1.015591003e+03;1.228269003e-02
1.015835022e+03;1.175030041e-02
1.016079041e+03;1.257550530e-02
1.016323059e+03;1.353380829e-02
1.016567078e+03;1.159058325e-02
1.016811157e+03;1.222945098e-02
1.017055176e+03;1.153734419e-02
1.017299255e+03;1.273522247e-02
1.017543335e+03;1.260212436e-02
1.017787415e+03;1.513097901e-02
1.018031494e+03;1.334747113e-02
1.018275574e+03;1.108481176e-02
1.018519714e+03;1.057904121e-02
1.018763855e+03;6.745830178e-03
1.019007935e+03;1.927696983e-03
1.019252075e+03;7.830575341e-04
1.019496216e+03;-1.053689397e-03
1.019740417e+03;7.830575341e-04
1.019984558e+03;-1.220061386e-04
1.020228760e+03;-1.958752982e-03
[EndOfFile]
