#Thorlabs FTS
[SpectrumHeader]
#Date;20251107
#Time;17595660
#GMTTime;20595660
#Instrument;0
#InstrModel;CCS200
#Series;0
#InterferometerSerial;M00311012
#Type;emission
#ChannelIndex;0
#XAxisUnit;nm_air
#YAxisUnit;intensity
#Average;1
#RollingAverage;0
#SpectrumSmooth;0
#SSmoothParam1;0
#SSmoothParam2;0
#SSmoothParam3;0
#SSmoothParam4;0
#IntegrationTime;0.145000
#TriggerMode;0
#AirMeasureOpt;0
#AirTemp;0.00
#AirPressure;0.00
#AirRelHum;0.00
#WnrMin;9799.037109
#WnrMax;50982.906250
#Length;3648
#Resolution;0.0000000000e+00
#ADC;0
#InstrStatus;0
#RefLaserLocked;0
#ChannelIndex;0
#AttenuationFilter;0
#Stitched;0
#ExcitationWavelength_nm;0
#SoftwareVersion;3.310000
#FirmwareVersion;
#Motor_FirmwareVersion;
#ReconstructionAlgorithms_SoftwareVersion;
#Sensor_FirmwareVersion;
#InstrSeriesIdentifier;MUN_CCS_SERIES
#RefGainIndex;0
#RefSignalInPerecent;0.0
#BBRefGainIndex;0
#BBRefSignalInPerecent;0.0
#AutogainStatus;0
#Name;
#Comment;""
#ExtComment;""
#Source;
[Data]
1.960870056e+02;3.641272488e-04
1.962940979e+02;1.802873914e-03
1.965012054e+02;-7.282544975e-04
1.967083282e+02;8.703529602e-04
1.969154510e+02;1.216717879e-03
1.971225891e+02;1.722943620e-03
1.973297424e+02;1.509795897e-03
1.975368958e+02;-8.881152462e-05
1.977440643e+02;4.360646009e-03
1.979512482e+02;2.389030065e-03
1.981584320e+02;2.575534163e-04
1.983656311e+02;1.296648290e-03
1.985728455e+02;3.401481314e-03
1.987800751e+02;3.081759904e-03
1.989873047e+02;3.161690198e-03
1.991945496e+02;1.429865486e-03
1.994018097e+02;3.188333707e-03
1.996090698e+02;1.536439406e-03
1.998163452e+02;2.149238950e-03
2.000236359e+02;-2.353505464e-03
2.002309418e+02;2.575534163e-04
2.004382477e+02;7.371356478e-04
2.006455688e+02;2.335743047e-03
2.008528900e+02;-8.881152608e-04
2.010602417e+02;1.509795839e-04
2.012675934e+02;1.110144076e-03
2.014749451e+02;2.202525735e-03
2.016823273e+02;2.149238950e-03
2.018897095e+02;1.003570273e-03
2.020971069e+02;1.110144076e-03
2.023045044e+02;2.841968788e-03
2.025119171e+02;2.335743047e-03
2.027193451e+02;1.989378128e-03
2.029267883e+02;8.437094511e-04
2.031342316e+02;2.309099538e-03
2.033416901e+02;4.014281090e-03
2.035491638e+02;4.493863322e-03
2.037566376e+02;7.904225495e-04
2.039641418e+02;2.762038494e-03
2.041716309e+02;7.371356478e-04
2.043791504e+02;1.083500567e-03
2.045866699e+02;5.239879829e-04
2.047942047e+02;-1.101262867e-03
2.050017548e+02;-3.818895493e-04
2.052093048e+02;1.190074370e-03
2.054168701e+02;-1.181193278e-03
2.056244507e+02;8.969964110e-04
2.058320312e+02;6.572052953e-04
2.060396423e+02;1.962734619e-03
2.062472534e+02;1.563082798e-03
2.064548645e+02;1.030213665e-03
2.066624908e+02;2.788681770e-03
2.068701324e+02;2.229169244e-03
2.070777893e+02;2.229169244e-03
2.072854462e+02;3.508055117e-03
2.074931335e+02;1.722943620e-03
2.077008057e+02;3.641272429e-03
2.079085083e+02;3.907706996e-04
2.081162109e+02;2.628821181e-03
2.083239288e+02;1.483152504e-03
2.085316467e+02;8.703529602e-04
2.087393951e+02;1.909447717e-03
2.089471436e+02;-5.950371851e-04
2.091548920e+02;-2.406792250e-03
2.093626709e+02;1.616369700e-03
2.095704498e+02;-8.881152098e-06
2.097782440e+02;3.108403471e-04
2.099860382e+02;1.456508995e-03
2.101938629e+02;1.323291683e-03
2.104016724e+02;1.616369700e-03
2.106095123e+02;3.108403471e-04
2.108173523e+02;2.655464457e-03
2.110252075e+02;3.161690198e-03
2.112330780e+02;2.282456262e-03
2.114409637e+02;1.829517423e-03
2.116488495e+02;3.268264001e-03
2.118567505e+02;4.120854661e-03
2.120646515e+02;2.682107966e-03
2.122725677e+02;2.149238950e-03
2.124804993e+02;3.374837979e-04
2.126884460e+02;1.136787469e-03
2.128963928e+02;-8.614718099e-04
2.131043549e+02;1.270004781e-03
2.133123322e+02;-3.286026476e-04
2.135203094e+02;1.909447717e-03
2.137283173e+02;9.502833127e-04
2.139363098e+02;1.776230420e-05
2.141443329e+02;1.509795839e-04
2.143523560e+02;2.762038494e-03
2.145603943e+02;1.003570273e-03
2.147684479e+02;2.309099538e-03
2.149765015e+02;2.389030065e-03
2.151845703e+02;3.188333707e-03
2.153926544e+02;3.694559447e-03
2.156007538e+02;3.960994072e-03
2.158088531e+02;2.548890654e-03
2.160169678e+02;3.188333707e-03
2.162250824e+02;1.563082798e-03
2.164332123e+02;2.788681770e-03
2.166413574e+02;8.170660003e-04
2.168495178e+02;1.376578584e-03
2.170576782e+02;-1.074619475e-03
2.172658691e+02;1.802873914e-03
2.174740448e+02;7.637790986e-04
2.176822510e+02;-3.552460985e-04
2.178904572e+02;4.973445321e-04
2.180986786e+02;1.216717879e-03
2.183069000e+02;-6.483241450e-04
2.185151520e+02;2.122595441e-03
2.187234039e+02;8.703529602e-04
2.189316559e+02;1.936091227e-03
2.191399384e+02;3.161690198e-03
2.193482208e+02;2.735394984e-03
2.195565186e+02;4.547149874e-03
2.197648163e+02;2.122595441e-03
2.199731293e+02;3.614628920e-03
2.201814575e+02;3.374837979e-04
2.203898010e+02;1.802873914e-03
2.205981445e+02;2.788681770e-03
2.208065033e+02;1.536439406e-03
2.210148773e+02;2.468960360e-03
2.212232513e+02;-1.341053983e-03
2.214316406e+02;4.280715249e-03
2.216400452e+02;4.440576304e-04
2.218484650e+02;1.403222093e-03
2.220568848e+02;-4.351764801e-04
2.222653198e+02;2.149238950e-03
2.224737549e+02;-2.246931661e-03
2.226822205e+02;1.882804325e-03
2.228906860e+02;2.042665001e-04
2.230991516e+02;1.616369700e-03
2.233076477e+02;3.694559447e-03
2.235161438e+02;2.735394984e-03
2.237246552e+02;1.589726307e-03
2.239331665e+02;3.721202957e-03
2.241416931e+02;8.703529602e-04
2.243502350e+02;2.762038494e-03
2.245587921e+02;1.323291683e-03
2.247673492e+02;1.696300111e-03
2.249759216e+02;1.403222093e-03
2.251845093e+02;1.270004781e-03
2.253930969e+02;-8.614718099e-04
2.256017151e+02;-1.047975966e-03
2.258103180e+02;3.374837979e-04
2.260189514e+02;2.309099538e-03
2.262275848e+02;9.769267490e-05
2.264362335e+02;4.440576304e-04
2.266448975e+02;-1.420984336e-04
2.268535614e+02;1.110144076e-03
2.270622406e+02;1.270004781e-03
2.272709351e+02;2.788681770e-03
2.274796295e+02;1.882804325e-03
2.276883392e+02;3.028472885e-03
2.278970642e+02;6.838487461e-04
2.281058044e+02;3.854420036e-03
2.283145447e+02;2.415673342e-03
2.285233002e+02;1.509795897e-03
2.287320557e+02;3.188333707e-03
2.289408417e+02;2.122595441e-03
2.291496277e+02;-1.714062411e-03
2.293584137e+02;2.628821181e-03
2.295672302e+02;1.163430978e-03
2.297760468e+02;7.371356478e-04
2.299848785e+02;-3.818895493e-04
2.301937103e+02;-1.154549827e-04
2.304025726e+02;-3.019591677e-04
2.306114197e+02;3.268264001e-03
2.308202972e+02;1.696300111e-03
2.310291748e+02;2.415673342e-03
2.312380676e+02;4.680367187e-03
2.314469757e+02;2.255812753e-03
2.316558990e+02;1.163430978e-03
2.318648224e+02;1.856160816e-03
2.320737610e+02;1.856160816e-03
2.322826996e+02;3.481411841e-03
2.324916534e+02;8.703529602e-04
2.327006226e+02;2.762038494e-03
2.329096069e+02;1.509795839e-04
2.331185913e+02;1.936091227e-03
2.333275909e+02;8.437094511e-04
2.335366058e+02;1.696300111e-03
2.337456207e+02;2.122595441e-03
2.339546661e+02;4.973445321e-04
2.341636963e+02;1.376578584e-03
2.343727570e+02;6.305618444e-04
2.345818176e+02;1.376578584e-03
2.347908936e+02;1.429865486e-03
2.349999847e+02;5.772748846e-04
2.352090759e+02;6.039183354e-04
2.354181824e+02;1.776230492e-04
2.356273041e+02;3.934350330e-03
2.358364258e+02;2.948542591e-03
2.360455627e+02;3.667915938e-03
2.362547150e+02;4.014281090e-03
2.364638824e+02;4.360646009e-03
2.366730499e+02;2.575534163e-04
2.368822327e+02;2.948542591e-03
2.370914154e+02;8.170660003e-04
2.373006287e+02;1.536439406e-03
2.375098419e+02;5.772748846e-04
2.377190552e+02;1.296648290e-03
2.379282990e+02;1.163430978e-03
2.381375427e+02;2.841968671e-04
2.383468018e+02;1.163430978e-03
2.385560608e+02;1.270004781e-03
2.387653503e+02;-8.881152608e-04
2.389746246e+02;3.747846233e-03
2.391839294e+02;9.769267490e-05
2.393932343e+02;1.882804325e-03
2.396025543e+02;-1.420984336e-04
2.398118896e+02;2.415673342e-03
2.400212402e+02;1.589726307e-03
2.402305908e+02;2.708751475e-03
2.404399414e+02;2.868612297e-03
2.406493225e+02;3.508055117e-03
2.408587036e+02;-3.019591677e-04
2.410681000e+02;1.376578584e-03
2.412775116e+02;-3.552460985e-04
2.414869232e+02;1.483152504e-03
2.416963501e+02;9.769267490e-05
2.419057922e+02;2.522247378e-03
2.421152344e+02;-2.619939856e-03
2.423246918e+02;3.907706996e-04
2.425341644e+02;4.440576304e-04
2.427436371e+02;1.110144076e-03
2.429531403e+02;6.039183354e-04
2.431626434e+02;1.030213665e-03
2.433721466e+02;1.563082798e-03
2.435816650e+02;1.909447717e-03
2.437911987e+02;3.587985644e-03
2.440007477e+02;3.241620725e-03
2.442103119e+02;3.694559447e-03
2.444198761e+02;1.962734619e-03
2.446294403e+02;1.829517423e-03
2.448390350e+02;2.682107966e-03
2.450486298e+02;1.696300111e-03
2.452582397e+02;1.776230420e-05
2.454678650e+02;2.309099655e-04
2.456774902e+02;1.216717879e-03
2.458871307e+02;9.769267635e-04
2.460967865e+02;-3.286026476e-04
2.463064423e+02;1.270004781e-03
2.465161133e+02;1.483152504e-03
2.467257996e+02;1.802873914e-03
2.469354858e+02;2.095951932e-03
2.471451874e+02;-2.753157169e-04
2.473549042e+02;6.518765818e-03
2.475646362e+02;3.081759904e-03
2.477743683e+02;4.627080634e-03
2.479841156e+02;2.655464457e-03
2.481938782e+02;2.895255573e-03
2.484036407e+02;2.548890654e-03
2.486134186e+02;2.921899082e-03
2.488232117e+02;1.509795839e-04
2.490330048e+02;3.721202957e-03
2.492428284e+02;-7.548979484e-04
2.494526367e+02;1.190074370e-03
2.496624756e+02;-4.884633818e-04
2.498723145e+02;2.895255573e-03
2.500821686e+02;-6.216806651e-05
2.502920380e+02;-3.552460839e-05
2.505019073e+02;2.415673342e-03
2.507117920e+02;2.282456262e-03
2.509216919e+02;-7.815413992e-04
2.511315918e+02;1.802873914e-03
2.513415222e+02;2.522247378e-03
2.515514374e+02;1.163430978e-03
2.517613831e+02;1.083500567e-03
2.519713287e+02;2.495603869e-03
2.521812897e+02;2.042665146e-03
2.523912659e+02;1.829517423e-03
2.526012421e+02;-8.081848500e-04
2.528112335e+02;2.389030065e-03
2.530212402e+02;-1.074619475e-03
2.532312469e+02;5.506314337e-04
2.534412689e+02;3.374837979e-04
2.536513062e+02;2.255812753e-03
2.538613586e+02;7.637790986e-04
2.540714111e+02;6.838487461e-04
2.542814789e+02;-1.394340885e-03
2.544915466e+02;2.282456262e-03
2.547016449e+02;-8.881152462e-05
2.549117432e+02;2.788681770e-03
2.551218567e+02;3.374837979e-04
2.553319702e+02;4.707010812e-04
2.555420990e+02;-3.286026476e-04
2.557522430e+02;1.003570273e-03
2.559623871e+02;3.028472885e-03
2.561725464e+02;2.735394984e-03
2.563827209e+02;1.403222093e-03
2.565928955e+02;3.881063545e-03
2.568031006e+02;1.483152504e-03
2.570133057e+02;1.563082798e-03
2.572235107e+02;1.483152504e-03
2.574337463e+02;6.572052953e-04
2.576439819e+02;-8.881152098e-06
2.578542480e+02;1.509795897e-03
2.580644836e+02;2.229169244e-03
2.582747498e+02;1.429865486e-03
2.584850464e+02;1.589726307e-03
2.586953430e+02;2.788681770e-03
2.589056396e+02;6.838487461e-04
2.591159363e+02;4.094211385e-03
2.593262634e+02;7.904225495e-04
2.595365906e+02;4.200784955e-03
2.597469482e+02;1.376578584e-03
2.599573059e+02;2.895255573e-03
2.601676636e+02;2.389030065e-03
2.603780212e+02;2.575534163e-03
2.605884094e+02;3.854420036e-03
2.607988281e+02;3.055116395e-03
2.610092163e+02;-1.127906376e-03
2.612196350e+02;1.616369700e-03
2.614300842e+02;-5.950371851e-04
2.616405029e+02;8.170660003e-04
2.618509521e+02;1.323291683e-03
2.620614319e+02;2.229169244e-03
2.622718811e+02;-4.351764801e-04
2.624823608e+02;1.190074370e-03
2.626928711e+02;-2.753157169e-04
2.629033508e+02;1.882804325e-03
2.631138916e+02;1.030213665e-03
2.633244019e+02;3.161690198e-03
2.635349426e+02;7.371356478e-04
2.637454834e+02;4.174141679e-03
2.639560242e+02;1.776230492e-04
2.641665955e+02;5.000088830e-03
2.643771973e+02;3.161690198e-03
2.645877686e+02;9.502833127e-04
2.647983704e+02;1.190074370e-03
2.650089722e+02;6.039183354e-04
2.652196045e+02;5.239879829e-04
2.654302368e+02;4.973445321e-04
2.656408691e+02;2.575534163e-04
2.658515320e+02;1.856160816e-03
2.660621948e+02;-1.341053983e-03
2.662728577e+02;2.841968671e-04
2.664835510e+02;3.108403471e-04
2.666942444e+02;1.376578584e-03
2.669049377e+02;2.229169244e-03
2.671156616e+02;3.081759904e-03
2.673263855e+02;5.239879829e-04
2.675371094e+02;3.987637348e-03
2.677478638e+02;2.442316851e-03
2.679586182e+02;3.321551019e-03
2.681694031e+02;1.136787469e-03
2.683801575e+02;1.536439406e-03
2.685909729e+02;2.895255573e-03
2.688017578e+02;1.163430978e-03
2.690125732e+02;1.536439406e-03
2.692233887e+02;8.703529602e-04
2.694342346e+02;8.969964110e-04
2.696450806e+02;-2.486722660e-04
2.698559265e+02;1.776230522e-03
2.700667725e+02;6.838487461e-04
2.702776489e+02;-8.881152462e-05
2.704885559e+02;6.572052953e-04
2.706994324e+02;2.948542591e-03
2.709103394e+02;2.548890654e-03
2.711212769e+02;2.202525735e-03
2.713321838e+02;2.628821181e-03
2.715431213e+02;5.239879829e-04
2.717540894e+02;1.722943620e-03
2.719650269e+02;2.122595441e-03
2.721760254e+02;3.801133251e-03
2.723869934e+02;1.669656602e-03
2.725979919e+02;4.067567643e-03
2.728089905e+02;1.936091227e-03
2.730199890e+02;2.735394984e-03
2.732310181e+02;-1.074619475e-03
2.734420471e+02;2.415673342e-03
2.736531067e+02;2.468960360e-03
2.738641663e+02;-1.500914805e-03
2.740752258e+02;-1.154549827e-04
2.742862854e+02;9.769267635e-04
2.744973755e+02;8.703529602e-04
2.747084961e+02;2.575534163e-03
2.749195862e+02;8.170660003e-04
2.751307068e+02;2.682107966e-03
2.753418274e+02;2.762038494e-03
2.755529785e+02;3.241620725e-03
2.757641296e+02;9.769267635e-04
2.759752808e+02;3.428124823e-03
2.761864624e+02;1.882804325e-03
2.763976440e+02;1.643013209e-03
2.766088562e+02;4.307358991e-03
2.768200378e+02;1.829517423e-03
2.770312500e+02;4.440576304e-04
2.772424927e+02;1.589726307e-03
2.774537354e+02;1.509795839e-04
2.776649780e+02;-6.483241450e-04
2.778762207e+02;7.371356478e-04
2.780874939e+02;3.081759904e-03
2.782987671e+02;-1.953853498e-04
2.785100708e+02;4.440576304e-04
2.787213745e+02;2.202525735e-03
2.789326782e+02;1.722943620e-03
2.791439819e+02;2.016021637e-03
2.793553162e+02;1.190074370e-03
2.795666504e+02;2.255812753e-03
2.797780151e+02;2.389030065e-03
2.799893799e+02;2.442316851e-03
2.802007446e+02;2.309099538e-03
2.804121399e+02;2.202525735e-03
2.806235352e+02;1.962734619e-03
2.808349304e+02;-1.634132001e-03
2.810463562e+02;1.829517423e-03
2.812577820e+02;1.296648290e-03
2.814692078e+02;-9.680456133e-04
2.816806641e+02;6.572052953e-04
2.818921204e+02;4.174141504e-04
2.821036072e+02;1.270004781e-03
2.823150635e+02;1.270004781e-03
2.825265808e+02;1.536439406e-03
2.827380676e+02;1.722943620e-03
2.829495850e+02;-8.881152098e-06
2.831611023e+02;2.575534163e-03
2.833726501e+02;2.095951932e-03
2.835841675e+02;2.762038494e-03
2.837957458e+02;2.708751475e-03
2.840072937e+02;3.934350330e-03
2.842188721e+02;1.616369700e-03
2.844304504e+02;2.309099538e-03
2.846420593e+02;2.309099655e-04
2.848536682e+02;1.270004781e-03
2.850652771e+02;-1.820636215e-03
2.852769165e+02;-9.680456133e-04
2.854885559e+02;-9.147587116e-04
2.857001953e+02;-6.216806651e-05
2.859118652e+02;5.506314337e-04
2.861235352e+02;1.349935192e-03
2.863352051e+02;7.371356478e-04
2.865469055e+02;1.216717879e-03
2.867586060e+02;1.376578584e-03
2.869703064e+02;2.415673342e-03
2.871820374e+02;2.628821181e-03
2.873937683e+02;4.067567643e-03
2.876055298e+02;-6.216806651e-05
2.878172913e+02;1.749587012e-03
2.880290527e+02;2.202525735e-03
2.882408142e+02;2.389030065e-03
2.884526062e+02;1.856160816e-03
2.886643982e+02;2.735394984e-03
2.888762207e+02;2.255812753e-03
2.890880432e+02;2.282456262e-03
2.892998657e+02;5.506314337e-04
2.895116882e+02;-5.151068326e-04
2.897235413e+02;7.104921970e-04
2.899354248e+02;1.056857174e-03
2.901472778e+02;1.403222093e-03
2.903591614e+02;1.536439406e-03
2.905710754e+02;1.003570273e-03
2.907829590e+02;9.236398619e-04
2.909948730e+02;2.362386556e-03
2.912068176e+02;1.669656602e-03
2.914187317e+02;1.909447717e-03
2.916306763e+02;1.962734619e-03
2.918426514e+02;1.989378128e-03
2.920546265e+02;1.802873914e-03
2.922666016e+02;1.163430978e-03
2.924785767e+02;2.602177672e-03
2.926905823e+02;7.904225495e-04
2.929025879e+02;1.882804325e-03
2.931146240e+02;1.376578584e-03
2.933266296e+02;1.509795897e-03
2.935386963e+02;6.039183354e-04
2.937507324e+02;-3.818895493e-04
2.939627991e+02;1.722943620e-03
2.941748657e+02;2.655464457e-03
2.943869629e+02;6.838487461e-04
2.945990601e+02;1.403222093e-03
2.948111572e+02;7.371356478e-04
2.950232849e+02;2.735394984e-03
2.952354126e+02;1.163430978e-03
2.954475403e+02;5.266523454e-03
2.956596680e+02;2.122595441e-03
2.958718262e+02;3.774489742e-03
2.960840149e+02;7.904225495e-04
2.962962036e+02;4.174141679e-03
2.965083923e+02;1.722943620e-03
2.967205811e+02;7.104921970e-04
2.969328003e+02;6.305618444e-04
2.971450195e+02;-4.085330002e-04
2.973572388e+02;-7.815413992e-04
2.975694885e+02;-9.414021624e-04
2.977817383e+02;-9.147587116e-04
2.979940186e+02;2.522247378e-03
2.982062683e+02;2.202525735e-03
2.984185791e+02;1.936091227e-03
2.986308594e+02;1.216717879e-03
2.988431702e+02;2.548890654e-03
2.990554810e+02;2.708751475e-03
2.992678223e+02;3.534698626e-03
2.994801636e+02;1.936091227e-03
2.996925049e+02;-4.085330002e-04
2.999048462e+02;1.962734619e-03
3.001172180e+02;2.948542591e-03
3.003296204e+02;1.270004781e-03
3.005419922e+02;9.236398619e-04
3.007543945e+02;-3.019591677e-04
3.009668274e+02;-3.552460839e-05
3.011792297e+02;2.575534163e-04
3.013916626e+02;1.776230492e-04
3.016041260e+02;1.163430978e-03
3.018165588e+02;1.856160816e-03
3.020290222e+02;-2.753157169e-04
3.022415161e+02;1.349935192e-03
3.024539795e+02;-1.687418990e-04
3.026665039e+02;5.506314337e-04
3.028789978e+02;5.772748846e-04
3.030915222e+02;2.069308423e-03
3.033040466e+02;1.216717879e-03
3.035165710e+02;2.815325279e-03
3.037291260e+02;2.095951932e-03
3.039416809e+02;2.095951932e-03
3.041542664e+02;2.175882459e-03
3.043668518e+02;1.216717879e-03
3.045794373e+02;3.241620725e-03
3.047920532e+02;3.321551019e-03
3.050046387e+02;-1.154549769e-03
3.052172852e+02;2.468960360e-03
3.054299011e+02;-3.552460985e-04
3.056425476e+02;1.749587012e-03
3.058552246e+02;4.707010812e-04
3.060678711e+02;2.016021637e-03
3.062805481e+02;5.239879829e-04
3.064932556e+02;1.696300111e-03
3.067059326e+02;2.095951932e-03
3.069186401e+02;3.774489742e-03
3.071313782e+02;7.637790986e-04
3.073440857e+02;3.561342135e-03
3.075568237e+02;2.442316851e-03
3.077695923e+02;4.174141679e-03
3.079823608e+02;1.083500567e-03
3.081951294e+02;1.243361330e-04
3.084078979e+02;5.506314337e-04
3.086206970e+02;3.214977216e-03
3.088334961e+02;-7.548979484e-04
3.090463257e+02;4.440576231e-05
3.092591248e+02;1.829517423e-03
3.094719849e+02;1.296648290e-03
3.096848145e+02;-3.552460985e-04
3.098976746e+02;2.682107966e-03
3.101105347e+02;-6.216806942e-04
3.103234253e+02;1.056857174e-03
3.105363159e+02;8.170660003e-04
3.107492065e+02;1.749587012e-03
3.109621277e+02;1.989378128e-03
3.111750183e+02;3.801133251e-03
3.113879700e+02;2.122595441e-03
3.116008911e+02;4.653723910e-03
3.118138428e+02;3.028472885e-03
3.120268250e+02;2.682107966e-03
3.122397766e+02;5.506314337e-04
3.124527588e+02;2.309099538e-03
3.126657715e+02;-5.950371851e-04
3.128787842e+02;1.030213665e-03
3.130917969e+02;-5.151068326e-04
3.133048096e+02;-3.818895493e-04
3.135178528e+02;-9.946890641e-04
3.137308960e+02;3.081759904e-03
3.139439392e+02;-1.101262867e-03
3.141570129e+02;2.575534163e-04
3.143700867e+02;1.296648290e-03
3.145831909e+02;2.708751475e-03
3.147962952e+02;1.296648290e-03
3.150093994e+02;1.216717879e-03
3.152225037e+02;3.508055117e-03
3.154356384e+02;3.214977216e-03
3.156487732e+02;3.268264001e-03
3.158619385e+02;2.788681770e-03
3.160751038e+02;4.040924367e-03
3.162882690e+02;3.161690198e-03
3.165014648e+02;1.030213665e-03
3.167146606e+02;2.868612297e-03
3.169278564e+02;-2.486722660e-04
3.171410828e+02;-9.946890641e-04
3.173543091e+02;-1.287767082e-03
3.175675354e+02;2.495603869e-03
3.177807922e+02;1.936091227e-03
3.179940491e+02;7.637790986e-04
3.182073059e+02;3.108403471e-04
3.184205933e+02;1.696300111e-03
3.186338806e+02;4.174141504e-04
3.188471680e+02;4.254071973e-03
3.190604858e+02;1.083500567e-03
3.192738037e+02;2.389030065e-03
3.194871521e+02;2.762038494e-03
3.197004700e+02;1.856160816e-03
3.199138184e+02;2.602177672e-03
3.201271973e+02;8.969964110e-04
3.203405762e+02;1.536439406e-03
3.205539551e+02;1.216717879e-03
3.207673340e+02;8.170660003e-04
3.209807434e+02;1.856160816e-03
3.211941833e+02;1.509795839e-04
3.214075928e+02;1.776230522e-03
3.216210327e+02;-1.953853527e-03
3.218344727e+02;3.001829609e-03
3.220479431e+02;-7.016110467e-04
3.222614136e+02;1.376578584e-03
3.224748840e+02;1.776230492e-04
3.226883850e+02;2.042665146e-03
3.229018860e+02;2.442316851e-03
3.231153870e+02;3.401481314e-03
3.233289185e+02;2.575534163e-03
3.235424500e+02;5.186593160e-03
3.237559814e+02;2.468960360e-03
3.239695435e+02;3.188333707e-03
3.241831055e+02;1.962734619e-03
3.243966675e+02;7.371356478e-04
3.246102600e+02;4.440576231e-05
3.248238525e+02;1.509795839e-04
3.250374451e+02;-2.220288152e-04
3.252510681e+02;1.962734619e-03
3.254646912e+02;5.506314337e-04
3.256783447e+02;2.255812753e-03
3.258919983e+02;1.243361388e-03
3.261056519e+02;6.305618444e-04
3.263193054e+02;2.495603869e-03
3.265329895e+02;1.456508995e-03
3.267466736e+02;3.827776760e-03
3.269603882e+02;1.456508995e-03
3.271741028e+02;1.856160816e-03
3.273878174e+02;1.669656602e-03
3.276015625e+02;2.442316851e-03
3.278152771e+02;1.749587012e-03
3.280290527e+02;1.056857174e-03
3.282427979e+02;1.936091227e-03
3.284565735e+02;2.841968671e-04
3.286703796e+02;5.506314337e-04
3.288841553e+02;1.296648290e-03
3.290979614e+02;2.309099655e-04
3.293117981e+02;4.440576304e-04
3.295256042e+02;2.202525735e-03
3.297394409e+02;1.936091227e-03
3.299533081e+02;2.735394984e-03
3.301671448e+02;1.749587012e-03
3.303810425e+02;1.509795839e-04
3.305949097e+02;1.483152504e-03
3.308088074e+02;3.188333707e-03
3.310227051e+02;9.769267635e-04
3.312366028e+02;2.548890654e-03
3.314505310e+02;-1.154549827e-04
3.316644592e+02;2.335743047e-03
3.318784180e+02;2.841968788e-03
3.320923767e+02;3.108403413e-03
3.323063354e+02;1.909447717e-03
3.325202942e+02;9.236398619e-04
3.327342834e+02;6.838487461e-04
3.329482727e+02;9.236398619e-04
3.331622925e+02;-1.394340885e-03
3.333763123e+02;7.371356478e-04
3.335903320e+02;6.838487461e-04
3.338043823e+02;2.948542591e-03
3.340184326e+02;1.110144076e-03
3.342324829e+02;1.376578584e-03
3.344465332e+02;5.772748846e-04
3.346606140e+02;5.506314337e-04
3.348747253e+02;1.856160816e-03
3.350888062e+02;2.682107966e-03
3.353029175e+02;1.323291683e-03
3.355170593e+02;3.561342135e-03
3.357311707e+02;5.239879829e-04
3.359453125e+02;3.161690198e-03
3.361594849e+02;1.616369700e-03
3.363736572e+02;1.776230420e-05
3.365878296e+02;-9.680456133e-04
3.368020020e+02;1.776230492e-04
3.370162048e+02;1.643013209e-03
3.372304077e+02;2.841968671e-04
3.374446106e+02;7.104921970e-04
3.376588440e+02;3.108403471e-04
3.378730774e+02;1.003570273e-03
3.380873413e+02;2.335743047e-03
3.383016052e+02;1.509795897e-03
3.385158691e+02;3.481411841e-03
3.387301331e+02;1.296648290e-03
3.389444275e+02;3.268264001e-03
3.391587524e+02;3.188333707e-03
3.393730469e+02;2.815325279e-03
3.395873718e+02;2.522247378e-03
3.398016968e+02;3.321551019e-03
3.400160522e+02;2.415673342e-03
3.402304077e+02;3.374837979e-04
3.404447632e+02;-9.147587116e-04
3.406591492e+02;8.437094511e-04
3.408735352e+02;6.305618444e-04
3.410879211e+02;3.374837979e-04
3.413023376e+02;-8.348283009e-04
3.415167542e+02;2.841968671e-04
3.417311707e+02;3.108403471e-04
3.419456177e+02;1.536439406e-03
3.421600647e+02;7.104921970e-04
3.423745117e+02;2.655464457e-03
3.425889893e+02;1.376578584e-03
3.428034668e+02;4.014281090e-03
3.430179443e+02;2.389030065e-03
3.432324524e+02;1.722943620e-03
3.434469604e+02;3.907707054e-03
3.436614990e+02;2.682107966e-03
3.438760376e+02;2.468960360e-03
3.440905762e+02;1.296648290e-03
3.443051147e+02;8.170660003e-04
3.445196838e+02;4.707010812e-04
3.447342529e+02;2.575534163e-04
3.449488525e+02;2.042665146e-03
3.451634521e+02;-2.220288152e-04
3.453780518e+02;1.829517423e-03
3.455926514e+02;4.707010812e-04
3.458072815e+02;2.468960360e-03
3.460219116e+02;4.174141504e-04
3.462365723e+02;1.216717879e-03
3.464512329e+02;3.081759904e-03
3.466658936e+02;2.255812753e-03
3.468805847e+02;2.095951932e-03
3.470952759e+02;2.442316851e-03
3.473099670e+02;3.028472885e-03
3.475246887e+02;2.495603869e-03
3.477394104e+02;1.403222093e-03
3.479541321e+02;3.294907510e-03
3.481688843e+02;2.389030065e-03
3.483836365e+02;3.108403413e-03
3.485983887e+02;2.575534163e-04
3.488131714e+02;1.882804325e-03
3.490279541e+02;1.802873914e-03
3.492427673e+02;2.975186100e-03
3.494575500e+02;9.236398619e-04
3.496723633e+02;9.769267490e-05
3.498872070e+02;-2.486722660e-04
3.501020508e+02;1.643013209e-03
3.503168945e+02;9.769267635e-04
3.505317383e+02;2.841968788e-03
3.507466125e+02;1.270004781e-03
3.509614868e+02;1.376578584e-03
3.511763916e+02;3.001829609e-03
3.513912964e+02;2.522247378e-03
3.516062012e+02;3.348194528e-03
3.518211060e+02;3.454768332e-03
3.520360413e+02;2.149238950e-03
3.522509766e+02;1.483152504e-03
3.524659424e+02;2.841968671e-04
3.526809082e+02;2.895255573e-03
3.528958740e+02;2.362386556e-03
3.531108704e+02;-3.019591677e-04
3.533258667e+02;6.305618444e-04
3.535408630e+02;-1.154549827e-04
3.537558899e+02;7.104921679e-05
3.539709167e+02;8.170660003e-04
3.541859436e+02;3.907706996e-04
3.544010010e+02;2.229169244e-03
3.546160583e+02;1.696300111e-03
3.548311157e+02;2.255812753e-03
3.550462036e+02;-3.552460839e-05
3.552612915e+02;3.667915938e-03
3.554763794e+02;-5.151068326e-04
3.556914978e+02;2.628821181e-03
3.559066162e+02;2.868612297e-03
3.561217651e+02;3.614628920e-03
3.563368835e+02;1.616369700e-03
3.565520325e+02;3.934350330e-03
3.567672119e+02;1.749587012e-03
3.569823914e+02;1.376578584e-03
3.571975708e+02;4.174141504e-04
3.574127502e+02;3.374837979e-04
3.576279602e+02;-1.154549769e-03
3.578431702e+02;1.536439406e-03
3.580584106e+02;2.229169244e-03
3.582736511e+02;-5.417502834e-04
3.584888916e+02;2.628821181e-03
3.587041626e+02;3.801133251e-03
3.589194031e+02;1.616369700e-03
3.591347046e+02;3.055116395e-03
3.593499756e+02;4.840228241e-03
3.595652771e+02;1.856160816e-03
3.597806091e+02;2.762038494e-03
3.599959106e+02;3.161690198e-03
3.602112427e+02;3.561342135e-03
3.604265747e+02;4.547149874e-03
3.606419373e+02;2.655464457e-03
3.608572998e+02;1.243361388e-03
3.610726624e+02;2.522247378e-03
3.612880554e+02;2.149238950e-03
3.615034485e+02;1.589726307e-03
3.617188416e+02;1.776230492e-04
3.619342651e+02;1.376578584e-03
3.621496887e+02;3.135046689e-03
3.623651428e+02;1.776230492e-04
3.625805664e+02;1.962734619e-03
3.627960510e+02;4.440576304e-04
3.630115051e+02;3.161690198e-03
3.632269897e+02;4.360646009e-03
3.634424744e+02;5.479671061e-03
3.636579590e+02;4.707010812e-04
3.638734741e+02;4.067567643e-03
3.640889893e+02;9.502833127e-04
3.643045349e+02;4.440576304e-03
3.645200806e+02;3.641272488e-04
3.647356262e+02;1.936091227e-03
3.649511719e+02;1.163430978e-03
3.651667480e+02;1.243361388e-03
3.653823242e+02;1.296648290e-03
3.655979309e+02;2.069308423e-03
3.658135376e+02;2.042665146e-03
3.660291443e+02;2.921899082e-03
3.662447815e+02;9.236398619e-04
3.664604187e+02;1.216717879e-03
3.666760559e+02;4.174141504e-04
3.668917236e+02;1.190074370e-03
3.671073914e+02;3.001829609e-03
3.673230591e+02;2.575534163e-03
3.675387268e+02;1.589726307e-03
3.677544250e+02;2.682107966e-03
3.679701538e+02;2.948542591e-03
3.681858826e+02;3.534698626e-03
3.684016113e+02;4.467219580e-03
3.686173401e+02;3.135046689e-03
3.688330994e+02;2.389030065e-03
3.690488586e+02;2.122595441e-03
3.692646179e+02;2.815325279e-03
3.694804077e+02;1.776230522e-03
3.696961975e+02;2.202525735e-03
3.699119873e+02;2.628821181e-03
3.701278076e+02;1.936091227e-03
3.703436279e+02;1.190074370e-03
3.705594788e+02;1.429865486e-03
3.707752991e+02;3.188333707e-03
3.709911804e+02;2.921899082e-03
3.712070312e+02;4.067567643e-03
3.714229126e+02;1.669656602e-03
3.716387939e+02;5.559601355e-03
3.718547058e+02;2.735394984e-03
3.720706177e+02;4.973445553e-03
3.722865295e+02;2.975186100e-03
3.725024414e+02;5.426384043e-03
3.727183838e+02;3.401481314e-03
3.729343262e+02;4.254071973e-03
3.731502991e+02;-1.021332573e-03
3.733662720e+02;3.401481314e-03
3.735822449e+02;7.371356478e-04
3.737982483e+02;1.536439406e-03
3.740142517e+02;1.936091227e-03
3.742302551e+02;2.495603869e-03
3.744462891e+02;-1.687418990e-04
3.746623230e+02;2.762038494e-03
3.748783569e+02;2.122595441e-03
3.750944214e+02;4.174141679e-03
3.753104858e+02;1.589726307e-03
3.755265503e+02;4.866871517e-03
3.757426453e+02;4.387289286e-03
3.759587402e+02;5.213236436e-03
3.761748352e+02;3.561342135e-03
3.763909607e+02;4.174141679e-03
3.766070862e+02;3.428124823e-03
3.768232117e+02;6.438835524e-03
3.770393677e+02;3.428124823e-03
3.772555237e+02;1.003570273e-03
3.774717102e+02;3.881063545e-03
3.776878662e+02;1.030213665e-03
3.779040833e+02;3.801133251e-03
3.781202698e+02;2.868612297e-03
3.783364868e+02;1.030213665e-03
3.785527039e+02;4.387289286e-03
3.787689514e+02;3.188333707e-03
3.789851685e+02;3.374837805e-03
3.792014465e+02;2.016021637e-03
3.794176941e+02;4.600436892e-03
3.796339722e+02;4.094211385e-03
3.798502502e+02;4.627080634e-03
3.800665588e+02;2.815325279e-03
3.802828674e+02;6.119113881e-03
3.804991760e+02;4.014281090e-03
3.807154846e+02;5.399740767e-03
3.809318237e+02;5.746105686e-03
3.811481934e+02;3.214977216e-03
3.813645325e+02;2.468960360e-03
3.815809021e+02;3.135046689e-03
3.817973022e+02;3.614628920e-03
3.820136719e+02;5.319810472e-03
3.822300720e+02;1.163430978e-03
3.824465027e+02;2.255812753e-03
3.826629028e+02;2.735394984e-03
3.828793335e+02;2.682107966e-03
3.830957947e+02;4.707010929e-03
3.833122253e+02;3.188333707e-03
3.835286865e+02;4.653723910e-03
3.837451782e+02;5.080019124e-03
3.839616394e+02;4.680367187e-03
3.841781616e+02;6.385548506e-03
3.843946533e+02;6.518765818e-03
3.846111755e+02;5.266523454e-03
3.848276978e+02;5.879322998e-03
3.850442200e+02;5.559601355e-03
3.852607727e+02;5.905966274e-03
3.854773254e+02;5.559601355e-03
3.856939087e+02;3.881063545e-03
3.859104614e+02;5.106662866e-03
3.861270752e+02;3.587985644e-03
3.863436584e+02;3.774489742e-03
3.865602722e+02;2.975186100e-03
3.867768860e+02;5.453027785e-03
3.869935303e+02;3.401481314e-03
3.872101746e+02;6.039183587e-03
3.874268188e+02;4.786941223e-03
3.876434631e+02;1.643013209e-03
3.878601379e+02;6.438835524e-03
3.880768127e+02;5.479671061e-03
3.882935181e+02;6.358905230e-03
3.885102234e+02;5.453027785e-03
3.887269287e+02;4.413932562e-03
3.889436646e+02;7.344712969e-03
3.891604004e+02;6.465478800e-03
3.893771362e+02;6.385548506e-03
3.895939026e+02;5.426384043e-03
3.898106689e+02;5.319810472e-03
3.900274353e+02;6.225687917e-03
3.902442322e+02;4.813584499e-03
3.904610291e+02;5.532958079e-03
3.906778259e+02;5.186593160e-03
3.908946533e+02;3.774489742e-03
3.911114807e+02;5.373097025e-03
3.913283081e+02;6.385548506e-03
3.915451660e+02;7.051635068e-03
3.917620239e+02;3.614628920e-03
3.919788818e+02;8.490381762e-03
3.921957703e+02;4.920158535e-03
3.924126587e+02;5.905966274e-03
3.926295776e+02;7.238139398e-03
3.928464661e+02;9.236398153e-03
3.930634155e+02;9.369615465e-03
3.932803345e+02;9.636050090e-03
3.934972839e+02;6.199044175e-03
3.937142334e+02;9.129825048e-03
3.939311829e+02;7.264782675e-03
3.941481628e+02;6.625339855e-03
3.943651428e+02;4.840228241e-03
3.945821533e+02;6.385548506e-03
3.947991638e+02;6.811843719e-03
3.950161743e+02;6.145757623e-03
3.952332153e+02;8.090729825e-03
3.954502258e+02;6.199044175e-03
3.956672974e+02;6.252331194e-03
3.958843384e+02;7.771008182e-03
3.961014099e+02;8.010799065e-03
3.963184814e+02;7.504574023e-03
3.965355835e+02;9.049894288e-03
3.967526855e+02;7.104922086e-03
3.969697876e+02;8.730173111e-03
3.971869202e+02;1.016891934e-02
3.974040527e+02;8.197303861e-03
3.976211853e+02;9.529476985e-03
3.978383484e+02;8.170660585e-03
3.980555115e+02;8.117373101e-03
3.982726746e+02;6.598696113e-03
3.984898682e+02;8.596955799e-03
3.987070618e+02;4.786941223e-03
3.989242554e+02;1.080836263e-02
3.991414795e+02;7.131565362e-03
3.993587036e+02;6.971704774e-03
3.995759277e+02;1.032877993e-02
3.997931824e+02;1.006234530e-02
4.000104370e+02;9.049894288e-03
4.002276917e+02;9.263042361e-03
4.004449768e+02;8.303877898e-03
4.006622620e+02;1.067514531e-02
4.008795776e+02;9.263042361e-03
4.010968933e+02;9.902484715e-03
4.013142090e+02;9.476189502e-03
4.015315247e+02;9.929127991e-03
4.017488708e+02;1.107479725e-02
4.019662170e+02;9.209754877e-03
4.021835938e+02;7.850938477e-03
4.024009399e+02;1.056857128e-02
4.026183472e+02;8.570312522e-03
4.028357239e+02;1.112808380e-02
4.030531311e+02;8.916676976e-03
4.032705383e+02;8.836746216e-03
4.034879761e+02;1.054192800e-02
4.037054138e+02;1.163430978e-02
4.039228516e+02;9.396259673e-03
4.041402893e+02;1.248690020e-02
4.043577576e+02;9.263042361e-03
4.045752563e+02;9.289685637e-03
4.047927246e+02;1.171423960e-02
4.050102234e+02;1.107479725e-02
4.052277222e+02;1.080836263e-02
4.054452515e+02;1.283326559e-02
4.056627808e+02;1.086164918e-02
4.058803101e+02;1.341942139e-02
4.060978699e+02;1.003570203e-02
4.063154297e+02;1.200731844e-02
4.065329895e+02;7.717721630e-03
4.067505798e+02;8.223947138e-03
4.069681702e+02;1.166095305e-02
4.071857605e+02;9.449546225e-03
4.074033813e+02;1.134123188e-02
4.076210022e+02;9.902484715e-03
4.078386230e+02;1.203396171e-02
4.080562744e+02;1.184745692e-02
4.082739258e+02;1.142116170e-02
4.084915771e+02;1.251354348e-02
4.087092590e+02;1.272669155e-02
4.089269409e+02;1.299312618e-02
4.091446533e+02;1.424536854e-02
4.093623352e+02;1.461837720e-02
4.095800781e+02;1.597719267e-02
4.097977905e+02;1.349935122e-02
4.100155334e+02;1.288655214e-02
4.102332764e+02;1.381907333e-02
4.104510193e+02;1.389900316e-02
4.106687927e+02;1.272669155e-02
4.108865662e+02;1.176752709e-02
4.111043701e+02;1.174088381e-02
4.113221741e+02;1.275333483e-02
4.115399780e+02;1.400557719e-02
4.117577820e+02;1.387235988e-02
4.119756165e+02;1.531110704e-02
4.121934509e+02;1.541768014e-02
4.124113159e+02;1.347270794e-02
4.126291809e+02;1.373914257e-02
4.128470459e+02;1.589726284e-02
4.130649414e+02;1.669656672e-02
4.132828369e+02;1.613705419e-02
4.135007324e+02;1.643013209e-02
4.137186279e+02;1.666992344e-02
4.139365540e+02;1.765573025e-02
4.141545105e+02;1.693635806e-02
4.143724365e+02;1.853496581e-02
4.145903931e+02;1.552425418e-02
4.148083801e+02;1.520453300e-02
4.150263367e+02;1.581733301e-02
4.152443237e+02;1.536439359e-02
4.154623413e+02;1.555089746e-02
4.156803284e+02;1.674985327e-02
4.158983459e+02;1.627027057e-02
4.161163940e+02;1.805538312e-02
4.163344116e+02;1.643013209e-02
4.165524597e+02;1.845503412e-02
4.167705383e+02;1.866818219e-02
4.169885864e+02;1.840174757e-02
4.172066650e+02;2.034671977e-02
4.174247742e+02;1.896126010e-02
4.176428833e+02;2.282456122e-02
4.178609924e+02;2.197197080e-02
4.180791016e+02;1.800209656e-02
4.182972412e+02;2.213183232e-02
4.185153809e+02;1.869482547e-02
4.187335205e+02;1.898790337e-02
4.189516907e+02;1.840174757e-02
4.191698608e+02;1.946748607e-02
4.193880615e+02;2.095951885e-02
4.196062622e+02;2.047993802e-02
4.198244629e+02;1.840174757e-02
4.200426636e+02;1.992042549e-02
4.202608948e+02;2.018686011e-02
4.204791260e+02;1.965399086e-02
4.206973877e+02;2.130588517e-02
4.209156494e+02;2.170553617e-02
4.211339111e+02;2.045329474e-02
4.213521729e+02;2.500932477e-02
4.215704651e+02;2.213183232e-02
4.217887573e+02;2.319757082e-02
4.220070801e+02;2.439652570e-02
4.222254028e+02;2.303770930e-02
4.224437256e+02;2.503596805e-02
4.226620789e+02;2.135917172e-02
4.228804321e+02;2.338407375e-02
4.230987854e+02;2.103945054e-02
4.233171692e+02;2.119931020e-02
4.235355225e+02;2.207854576e-02
4.237539368e+02;2.058651112e-02
4.239723206e+02;2.090623230e-02
4.241907349e+02;2.279791795e-02
4.244091797e+02;2.458303049e-02
4.246275940e+02;2.157231979e-02
4.248460388e+02;2.567541227e-02
4.250645142e+02;2.415673435e-02
4.252829590e+02;2.455638722e-02
4.255014343e+02;2.500932477e-02
4.257199402e+02;2.802003548e-02
4.259384155e+02;2.551555075e-02
4.261569214e+02;2.876605280e-02
4.263754578e+02;2.863283455e-02
4.265939941e+02;2.644807100e-02
4.268125305e+02;2.679443732e-02
4.270310669e+02;2.391694300e-02
4.272496338e+02;2.628821135e-02
4.274682007e+02;2.444981225e-02
4.276867676e+02;2.471624687e-02
4.279053650e+02;2.663457580e-02
4.281239624e+02;2.687436715e-02
4.283425903e+02;2.836639993e-02
4.285611877e+02;2.722073160e-02
4.287798157e+02;2.961864322e-02
4.289984741e+02;2.743387967e-02
4.292171326e+02;2.844633162e-02
4.294357910e+02;2.804667875e-02
4.296544495e+02;2.953871340e-02
4.298731384e+02;3.007158265e-02
4.300918274e+02;3.206983954e-02
4.303105469e+02;2.977850474e-02
4.305292664e+02;2.796674892e-02
4.307479858e+02;3.097745962e-02
4.309667053e+02;3.007158265e-02
4.311854553e+02;2.876605280e-02
4.314042358e+02;3.137711063e-02
4.316229858e+02;2.977850474e-02
4.318417664e+02;3.129718080e-02
4.320605469e+02;2.892591432e-02
4.322793579e+02;3.436117992e-02
4.324981689e+02;3.052452020e-02
4.327169800e+02;3.228298947e-02
4.329358215e+02;3.230963275e-02
4.331546631e+02;3.047123365e-02
4.333735046e+02;3.206983954e-02
4.335923462e+02;3.294907510e-02
4.338112183e+02;3.494733572e-02
4.340301208e+02;3.340201452e-02
4.342489929e+02;3.550684825e-02
4.344678955e+02;3.526705503e-02
4.346868286e+02;3.404145688e-02
4.349057312e+02;3.574663773e-02
4.351246643e+02;3.441446647e-02
4.353436279e+02;3.398817033e-02
4.355625610e+02;3.390824050e-02
4.357815247e+02;3.465425596e-02
4.360005188e+02;3.382831067e-02
4.362194824e+02;3.585321084e-02
4.364384766e+02;3.598643094e-02
4.366575012e+02;3.803797439e-02
4.368765259e+02;3.619957715e-02
4.370955505e+02;3.963658214e-02
4.373145752e+02;3.841098398e-02
4.375336304e+02;4.022273794e-02
4.377526855e+02;3.798468783e-02
4.379717407e+02;3.867742047e-02
4.381908264e+02;3.881063685e-02
4.384099121e+02;4.067567736e-02
4.386290283e+02;3.982308879e-02
4.388481140e+02;4.120854661e-02
4.390672607e+02;3.694559261e-02
4.392863770e+02;4.270058125e-02
4.395055237e+02;3.843762726e-02
4.397246704e+02;3.790475801e-02
4.399438171e+02;4.064903408e-02
4.401629944e+02;4.139505327e-02
4.403821716e+02;3.926357627e-02
4.406013794e+02;4.355316982e-02
4.408205872e+02;4.043588787e-02
4.410397949e+02;4.270058125e-02
4.412590332e+02;4.075560719e-02
4.414782410e+02;4.182134569e-02
4.416975098e+02;4.280715436e-02
4.419167480e+02;4.448569193e-02
4.421360168e+02;4.413932934e-02
4.423552856e+02;4.379296303e-02
4.425745850e+02;4.467219487e-02
4.427938843e+02;4.629744589e-02
4.430131836e+02;4.336666688e-02
4.432325134e+02;4.555143043e-02
4.434518433e+02;4.395282269e-02
4.436711731e+02;4.451233521e-02
4.438905029e+02;4.256736487e-02
4.441098633e+02;4.531164095e-02
4.443292542e+02;4.810920358e-02
4.445486145e+02;4.310023412e-02
4.447680054e+02;4.318016395e-02
4.449874268e+02;4.648395255e-02
4.452068176e+02;4.757633433e-02
4.454262390e+02;4.962788150e-02
4.456456909e+02;4.802927375e-02
4.458651123e+02;5.061368644e-02
4.460845642e+02;4.826906323e-02
4.463040466e+02;5.250537395e-02
4.465234985e+02;5.040054023e-02
4.467429810e+02;5.239880085e-02
4.469624939e+02;4.920158535e-02
4.471819763e+02;5.074690655e-02
4.474014893e+02;5.101333931e-02
4.476210327e+02;4.992095754e-02
4.478405457e+02;4.845556617e-02
4.480601196e+02;4.954794794e-02
4.482796631e+02;5.223893747e-02
4.484992371e+02;5.064032972e-02
4.487188110e+02;5.109326914e-02
4.489383850e+02;5.269187689e-02
4.491579895e+02;5.173271149e-02
4.493775940e+02;5.093340948e-02
4.495972290e+02;5.346453935e-02
4.498168335e+02;5.615552515e-02
4.500364685e+02;5.223893747e-02
4.502561340e+02;5.772748962e-02
4.504757996e+02;5.277180672e-02
4.506954651e+02;5.666175112e-02
4.509151306e+02;5.405069515e-02
4.511348267e+02;5.479671061e-02
4.513545227e+02;5.567594618e-02
4.515742493e+02;5.551608279e-02
4.517939758e+02;5.796728283e-02
4.520137024e+02;5.873994157e-02
4.522334290e+02;5.575587600e-02
4.524531860e+02;6.097799167e-02
4.526729431e+02;5.911295116e-02
4.528927307e+02;5.756762996e-02
4.531125183e+02;5.935274065e-02
4.533323059e+02;6.033854932e-02
4.535521240e+02;5.951260403e-02
4.537719421e+02;6.268317252e-02
4.539917603e+02;5.937938392e-02
4.542115784e+02;6.049840897e-02
4.544314270e+02;6.270981580e-02
4.546513062e+02;6.678626686e-02
4.548711548e+02;6.039183587e-02
4.550910339e+02;6.366898119e-02
4.553109131e+02;6.358905137e-02
4.555308228e+02;6.252331287e-02
4.557507324e+02;6.297624856e-02
4.559706421e+02;6.406863034e-02
4.561905823e+02;6.239009649e-02
4.564105225e+02;6.223023683e-02
4.566304626e+02;6.084477529e-02
4.568504333e+02;6.406863034e-02
4.570704041e+02;6.508108228e-02
4.572903748e+02;6.401534379e-02
4.575103760e+02;6.350912154e-02
4.577303772e+02;6.694612652e-02
4.579503784e+02;6.484129280e-02
4.581704102e+02;6.662640721e-02
4.583904419e+02;6.750564277e-02
4.586104736e+02;6.713262945e-02
4.588305359e+02;6.894438714e-02
4.590505981e+02;6.849144399e-02
4.592706604e+02;6.873124093e-02
4.594907532e+02;6.931739300e-02
4.597108459e+02;7.179523259e-02
4.599309692e+02;7.054299116e-02
4.601510620e+02;7.192845643e-02
4.603711853e+02;6.707934290e-02
4.605913391e+02;6.894438714e-02
4.608114929e+02;6.769214571e-02
4.610316467e+02;7.064956427e-02
4.612518005e+02;7.219488919e-02
4.614719849e+02;7.096929103e-02
4.616921692e+02;7.288761437e-02
4.619123535e+02;7.107586414e-02
4.621325684e+02;7.160872966e-02
4.623527832e+02;7.182188332e-02
4.625730286e+02;7.397999614e-02
4.627932739e+02;7.669763267e-02
4.630135193e+02;7.283432782e-02
4.632337646e+02;7.390006632e-02
4.634540405e+02;7.773672789e-02
4.636743164e+02;7.405993342e-02
4.638946228e+02;7.246132195e-02
4.641149292e+02;7.451286912e-02
4.643352356e+02;7.400663942e-02
4.645555420e+02;7.789658755e-02
4.647758789e+02;7.368692011e-02
4.649962158e+02;7.475265861e-02
4.652165833e+02;7.280768454e-02
4.654369507e+02;7.715056837e-02
4.656573181e+02;7.616475970e-02
4.658777161e+02;7.768344134e-02
4.660980835e+02;7.882910967e-02
4.663185120e+02;7.933533192e-02
4.665389099e+02;7.688413560e-02
4.667593384e+02;8.029449731e-02
4.669797668e+02;7.544539124e-02
4.672002258e+02;7.920211554e-02
4.674206848e+02;7.760351151e-02
4.676411438e+02;8.157338202e-02
4.678616333e+02;7.794987410e-02
4.680821228e+02;7.720385492e-02
4.683026123e+02;7.832287997e-02
4.685231323e+02;8.106715977e-02
4.687436523e+02;8.175989240e-02
4.689641724e+02;7.802980393e-02
4.691847229e+02;7.712392509e-02
4.694052734e+02;7.792323083e-02
4.696258240e+02;7.723049819e-02
4.698464050e+02;7.789658755e-02
4.700669861e+02;8.088065684e-02
4.702875671e+02;7.992149144e-02
4.705081787e+02;7.912218571e-02
4.707287903e+02;7.890903950e-02
4.709494019e+02;7.683084905e-02
4.711700439e+02;8.085401356e-02
4.713906860e+02;7.984156162e-02
4.716113281e+02;8.066751063e-02
4.718320007e+02;8.074744046e-02
4.720526733e+02;7.872253656e-02
4.722733459e+02;7.933533192e-02
4.724940491e+02;7.475265861e-02
4.727147522e+02;7.342048734e-02
4.729354553e+02;7.677756250e-02
4.731561890e+02;7.797651738e-02
4.733769226e+02;7.826959342e-02
4.735976868e+02;7.794987410e-02
4.738184204e+02;7.523224503e-02
4.740391846e+02;7.781665772e-02
4.742599792e+02;7.749693841e-02
4.744807739e+02;7.845610380e-02
4.747015686e+02;8.048100024e-02
4.749223633e+02;7.469937205e-02
4.751431885e+02;7.952184230e-02
4.753640137e+02;8.250590414e-02
4.755848694e+02;7.874917984e-02
4.758056946e+02;7.752358168e-02
4.760265503e+02;8.112044632e-02
4.762474365e+02;8.061422408e-02
4.764683228e+02;7.896232605e-02
4.766892090e+02;7.507237792e-02
4.769100952e+02;7.749693841e-02
4.771310120e+02;7.632462680e-02
4.773519287e+02;7.938861847e-02
4.775728760e+02;7.792323083e-02
4.777938232e+02;7.821630687e-02
4.780147705e+02;7.360699028e-02
4.782357178e+02;7.771008462e-02
4.784566956e+02;7.499244809e-02
4.786777039e+02;7.699070871e-02
4.788986816e+02;7.307412475e-02
4.791196899e+02;7.842946053e-02
4.793406982e+02;7.464608550e-02
4.795617371e+02;8.370485902e-02
4.797827759e+02;7.869589329e-02
4.800038147e+02;7.568518072e-02
4.802248535e+02;7.890903950e-02
4.804459229e+02;7.677756250e-02
4.806670227e+02;7.962841541e-02
4.808880920e+02;7.405993342e-02
4.811091919e+02;7.749693841e-02
4.813302917e+02;7.579175383e-02
4.815514221e+02;7.259453833e-02
4.817725525e+02;7.496580482e-02
4.819936829e+02;7.637791336e-02
4.822148438e+02;7.858932018e-02
4.824360046e+02;7.445958257e-02
4.826571655e+02;7.707063854e-02
4.828783569e+02;7.747029513e-02
4.830995483e+02;7.549867779e-02
4.833207397e+02;7.429972291e-02
4.835419617e+02;7.531217486e-02
4.837631836e+02;7.667098939e-02
4.839844055e+02;7.904225588e-02
4.842056580e+02;7.653777301e-02
4.844269104e+02;7.896232605e-02
4.846481628e+02;7.416650653e-02
4.848694458e+02;7.390006632e-02
4.850907288e+02;7.376684994e-02
4.853120117e+02;7.499244809e-02
4.855333252e+02;7.408657670e-02
4.857546387e+02;7.397999614e-02
4.859759521e+02;7.211495936e-02
4.861972961e+02;7.395335287e-02
4.864186401e+02;7.437965274e-02
4.866399841e+02;7.435300946e-02
4.868613586e+02;7.342048734e-02
4.870827332e+02;7.299419492e-02
4.873041077e+02;7.286097109e-02
4.875255127e+02;7.227481902e-02
4.877469177e+02;7.323398441e-02
4.879683228e+02;7.448622584e-02
4.881897583e+02;7.411321998e-02
4.884111938e+02;7.302083820e-02
4.886326599e+02;7.275439799e-02
4.888540955e+02;7.547203451e-02
4.890755615e+02;7.291425765e-02
4.892970581e+02;7.451286912e-02
4.895185547e+02;7.323398441e-02
4.897400513e+02;7.014334202e-02
4.899615479e+02;6.755892932e-02
4.901830750e+02;7.187516987e-02
4.904046021e+02;6.889110059e-02
4.906261597e+02;6.593367457e-02
4.908476868e+02;7.163537294e-02
4.910692749e+02;7.096929103e-02
4.912908325e+02;7.027655840e-02
4.915124207e+02;6.731913239e-02
4.917340088e+02;6.902431697e-02
4.919555969e+02;7.099593431e-02
4.921772156e+02;6.977033615e-02
4.923988342e+02;6.614682078e-02
4.926204834e+02;6.787864864e-02
4.928421326e+02;6.875788420e-02
4.930637817e+02;6.915753335e-02
4.932854309e+02;6.763885915e-02
4.935071106e+02;6.422849745e-02
4.937287903e+02;6.409527361e-02
4.939505005e+02;6.468143314e-02
4.941722107e+02;6.276310235e-02
4.943939209e+02;6.382884085e-02
4.946156616e+02;6.241673976e-02
4.948373718e+02;6.404198706e-02
4.950591431e+02;6.326933205e-02
4.952808838e+02;6.007211655e-02
4.955026550e+02;6.177729741e-02
4.957244263e+02;6.254995614e-02
4.959462280e+02;6.055169553e-02
4.961680298e+02;6.223023683e-02
4.963898315e+02;6.191051379e-02
4.966116638e+02;6.089806184e-02
4.968334961e+02;5.959253386e-02
4.970553284e+02;6.057833880e-02
4.972771606e+02;6.012540311e-02
4.974990234e+02;5.562265590e-02
4.977209167e+02;5.620881543e-02
4.979427795e+02;5.724790692e-02
4.981646729e+02;5.735448375e-02
4.983865662e+02;5.178599805e-02
4.986084900e+02;5.503650010e-02
4.988304138e+02;5.375761539e-02
4.990523376e+02;5.186593160e-02
4.992742920e+02;5.450363085e-02
4.994962463e+02;5.247873068e-02
4.997182007e+02;5.018739402e-02
4.999401855e+02;5.045382679e-02
5.001621704e+02;4.901507869e-02
5.003841553e+02;4.925487190e-02
5.006061707e+02;5.042718351e-02
5.008281860e+02;4.728325456e-02
5.010502014e+02;4.986767098e-02
5.012722473e+02;4.941473156e-02
5.014942932e+02;4.760297760e-02
5.017163391e+02;4.437911883e-02
5.019384155e+02;4.520506412e-02
5.021604919e+02;4.088882729e-02
5.023825684e+02;4.389953613e-02
5.026046753e+02;4.310023412e-02
5.028267822e+02;4.006287828e-02
5.030488892e+02;4.184798896e-02
5.032710266e+02;3.822448105e-02
5.034931641e+02;3.995630518e-02
5.037153015e+02;3.902378306e-02
5.039374695e+02;3.865077347e-02
5.041596375e+02;3.699887916e-02
5.043818054e+02;3.622622043e-02
5.046040039e+02;3.745181859e-02
5.048262024e+02;3.657258675e-02
5.050484314e+02;3.478747234e-02
5.052706299e+02;3.627950698e-02
5.054928589e+02;3.281585872e-02
5.057151184e+02;3.497397900e-02
5.059373779e+02;3.425460309e-02
5.061596375e+02;3.185669333e-02
5.063818970e+02;3.044459037e-02
5.066041870e+02;3.446775302e-02
5.068264771e+02;2.650135942e-02
5.070487671e+02;2.772695757e-02
5.072710876e+02;2.783353254e-02
5.074934082e+02;2.913906053e-02
5.077157593e+02;2.444981225e-02
5.079380798e+02;2.908577397e-02
5.081604614e+02;2.450309880e-02
5.083828125e+02;2.722073160e-02
5.086051941e+02;2.652800269e-02
5.088275757e+02;2.612834983e-02
5.090499573e+02;2.572869882e-02
5.092723694e+02;2.652800269e-02
5.094947815e+02;2.322421409e-02
5.097172241e+02;2.386365645e-02
5.099396667e+02;2.279791795e-02
5.101621094e+02;2.314428240e-02
5.103845520e+02;2.093287557e-02
5.106070251e+02;2.157231979e-02
5.108294983e+02;1.994706877e-02
5.110520020e+02;1.925433800e-02
5.112745056e+02;1.762908697e-02
5.114970093e+02;2.085294574e-02
5.117195129e+02;1.861489564e-02
5.119420471e+02;1.965399086e-02
5.121646118e+02;1.848167740e-02
5.123871460e+02;1.917440817e-02
5.126096802e+02;1.768237539e-02
5.128322754e+02;1.698964462e-02
5.130548706e+02;1.912112162e-02
5.132774658e+02;1.994706877e-02
5.135000610e+02;1.930762455e-02
5.137226562e+02;1.752251387e-02
5.139452515e+02;1.890797354e-02
5.141679077e+02;1.706957445e-02
5.143905640e+02;1.515124645e-02
5.146132202e+02;1.616369747e-02
5.148358765e+02;1.363256853e-02
5.150585327e+02;1.664328016e-02
5.152812500e+02;1.246025693e-02
5.155039062e+02;1.539103687e-02
5.157266235e+02;1.293983869e-02
5.159493408e+02;1.339277811e-02
5.161720581e+02;1.424536854e-02
5.163947754e+02;1.357928198e-02
5.166175537e+02;1.309970021e-02
5.168402710e+02;1.384571660e-02
5.170630493e+02;1.232703961e-02
5.172858276e+02;1.365921274e-02
5.175086060e+02;1.301976945e-02
5.177314453e+02;1.496474165e-02
5.179542236e+02;1.118137129e-02
5.181770630e+02;1.371249929e-02
5.183999023e+02;1.011563279e-02
5.186227417e+02;1.347270794e-02
5.188455811e+02;1.027549338e-02
5.190684204e+02;1.246025693e-02
5.192912598e+02;9.183111601e-03
5.195141602e+02;9.662693366e-03
5.197370605e+02;1.072843187e-02
5.199599609e+02;1.064850204e-02
5.201828613e+02;1.062185783e-02
5.204057617e+02;9.875841439e-03
5.206287231e+02;1.360592525e-02
5.208516235e+02;1.064850204e-02
5.210745850e+02;1.315298676e-02
5.212975464e+02;9.875841439e-03
5.215205078e+02;1.405886468e-02
5.217435303e+02;1.331284735e-02
5.219664917e+02;8.517025039e-03
5.221895142e+02;1.280662138e-02
5.224125366e+02;1.104815397e-02
5.226355591e+02;1.110144053e-02
5.228585815e+02;1.030213665e-02
5.230816040e+02;1.134123188e-02
5.233046875e+02;1.078171935e-02
5.235277100e+02;9.476189502e-03
5.237507935e+02;8.596955799e-03
5.239738770e+02;8.623599075e-03
5.241969604e+02;9.769267403e-03
5.244201050e+02;9.955772199e-03
5.246431885e+02;1.075507514e-02
5.248663330e+02;8.437095210e-03
5.250894775e+02;1.283326559e-02
5.253126221e+02;1.000905875e-02
5.255357666e+02;1.083500590e-02
5.257589111e+02;1.147444919e-02
5.259821167e+02;1.067514531e-02
5.262053223e+02;9.103180841e-03
5.264285278e+02;1.214053575e-02
5.266517334e+02;1.016891934e-02
5.268749390e+02;9.103180841e-03
5.270981445e+02;9.342972189e-03
5.273214111e+02;9.582763538e-03
5.275446167e+02;9.902484715e-03
5.277678833e+02;1.075507514e-02
5.279911499e+02;6.012540311e-03
5.282144165e+02;8.277233690e-03
5.284377441e+02;7.477930281e-03
5.286610107e+02;7.691077888e-03
5.288843384e+02;8.969963528e-03
5.291076660e+02;8.836746216e-03
5.293309937e+02;9.556120262e-03
5.295543213e+02;9.236398153e-03
5.297777100e+02;9.529476985e-03
5.300010376e+02;1.078171935e-02
5.302244263e+02;1.142116170e-02
5.304478149e+02;1.112808380e-02
5.306712036e+02;9.076537564e-03
5.308945923e+02;9.662693366e-03
5.311179810e+02;8.250590414e-03
5.313414307e+02;9.902484715e-03
5.315648804e+02;1.024885010e-02
5.317883301e+02;7.318069693e-03
5.320117798e+02;7.318069693e-03
5.322352295e+02;7.557860576e-03
5.324586792e+02;7.984155789e-03
5.326821899e+02;9.449546225e-03
5.329057007e+02;9.636050090e-03
5.331291504e+02;5.959253293e-03
5.333527222e+02;6.918417756e-03
5.335762329e+02;9.129825048e-03
5.337997437e+02;7.984155789e-03
5.340233154e+02;6.731913425e-03
5.342468262e+02;6.945061032e-03
5.344703979e+02;8.410451002e-03
5.346939697e+02;7.664434612e-03
5.349176025e+02;8.996607736e-03
5.351411743e+02;8.650242351e-03
5.353648071e+02;8.703529835e-03
5.355883789e+02;7.291425951e-03
5.358120117e+02;6.438835524e-03
5.360356445e+02;6.305618212e-03
5.362593384e+02;5.746105686e-03
5.364829712e+02;6.332261488e-03
5.367066650e+02;4.680367187e-03
5.369302979e+02;4.440576304e-03
5.371539917e+02;6.278974935e-03
5.373776855e+02;4.280715249e-03
5.376014404e+02;6.252331194e-03
5.378251343e+02;4.840228241e-03
5.380488892e+02;3.641272429e-03
5.382726440e+02;6.119113881e-03
5.384963379e+02;4.840228241e-03
5.387201538e+02;6.092470605e-03
5.389439087e+02;6.278974935e-03
5.391676636e+02;6.705270149e-03
5.393914795e+02;6.945061032e-03
5.396152954e+02;6.225687917e-03
5.398391113e+02;6.305618212e-03
5.400629272e+02;3.561342135e-03
5.402867432e+02;3.321551019e-03
5.405105591e+02;3.268264001e-03
5.407344360e+02;3.374837805e-03
5.409583130e+02;1.270004781e-03
5.411821899e+02;2.309099538e-03
5.414060669e+02;2.335743047e-03
5.416299438e+02;3.268264001e-03
5.418538818e+02;4.147498403e-03
5.420777588e+02;3.667915938e-03
5.423016968e+02;3.534698626e-03
5.425256348e+02;4.600436892e-03
5.427495728e+02;4.413932562e-03
5.429735107e+02;5.586245097e-03
5.431975098e+02;2.841968788e-03
5.434214478e+02;3.161690198e-03
5.436454468e+02;4.573793616e-03
5.438694458e+02;4.786941223e-03
5.440934448e+02;2.655464457e-03
5.443174438e+02;4.334002268e-03
5.445415039e+02;2.229169244e-03
5.447655640e+02;1.243361388e-03
5.449895630e+02;3.454768332e-03
5.452136230e+02;1.909447717e-03
5.454376831e+02;2.442316851e-03
5.456618042e+02;1.776230420e-05
5.458858643e+02;3.188333707e-03
5.461099854e+02;3.854420036e-03
5.463341064e+02;3.348194528e-03
5.465582275e+02;2.229169244e-03
5.467823486e+02;2.975186100e-03
5.470064697e+02;2.442316851e-03
5.472306519e+02;2.389030065e-03
5.474547729e+02;2.948542591e-03
5.476789551e+02;3.135046689e-03
5.479031372e+02;2.628821181e-03
5.481273193e+02;4.813584499e-03
5.483515015e+02;3.028472885e-03
5.485757446e+02;2.016021637e-03
5.487999878e+02;1.722943620e-03
5.490241699e+02;1.429865486e-03
5.492484131e+02;1.722943620e-03
5.494726562e+02;1.509795897e-03
5.496969604e+02;2.682107966e-03
5.499212036e+02;2.708751475e-03
5.501455078e+02;8.703529602e-04
5.503698120e+02;2.309099538e-03
5.505941162e+02;-6.483241450e-04
5.508184204e+02;3.721202957e-03
5.510427246e+02;3.321551019e-03
5.512670898e+02;1.589726307e-03
5.514913940e+02;1.936091227e-03
5.517157593e+02;4.147498403e-03
5.519401245e+02;3.934350330e-03
5.521644897e+02;4.120854661e-03
5.523889160e+02;4.786941223e-03
5.526132812e+02;1.989378128e-03
5.528377075e+02;3.534698626e-03
5.530621338e+02;1.962734619e-03
5.532865601e+02;2.708751475e-03
5.535109863e+02;1.936091227e-03
5.537354126e+02;2.841968788e-03
5.539598999e+02;-7.282544975e-04
5.541843262e+02;3.508055117e-03
5.544088135e+02;-6.216806651e-05
5.546333008e+02;3.481411841e-03
5.548577881e+02;3.374837979e-04
5.550823364e+02;4.227428697e-03
5.553068237e+02;3.135046689e-03
5.555313721e+02;3.374837805e-03
5.557559204e+02;2.708751475e-03
5.559804688e+02;3.934350330e-03
5.562050171e+02;4.280715249e-03
5.564295654e+02;6.119113881e-03
5.566541748e+02;2.708751475e-03
5.568787231e+02;2.602177672e-03
5.571033325e+02;2.255812753e-03
5.573279419e+02;4.467219580e-03
5.575525513e+02;1.110144076e-03
5.577772217e+02;1.589726307e-03
5.580018311e+02;3.188333707e-03
5.582265015e+02;1.563082798e-03
5.584511719e+02;1.882804325e-03
5.586758423e+02;1.722943620e-03
5.589005127e+02;6.572052953e-04
5.591251831e+02;4.200784955e-03
5.593499146e+02;4.094211385e-03
5.595745850e+02;2.468960360e-03
5.597993164e+02;4.840228241e-03
5.600240479e+02;4.467219580e-03
5.602488403e+02;1.936091227e-03
5.604735718e+02;3.428124823e-03
5.606983032e+02;4.334002268e-03
5.609230957e+02;4.334002268e-03
5.611478882e+02;3.614628920e-03
5.613726807e+02;2.255812753e-03
5.615974731e+02;2.095951932e-03
5.618223267e+02;3.534698626e-03
5.620471191e+02;1.696300111e-03
5.622719727e+02;4.120854661e-03
5.624968262e+02;2.895255573e-03
5.627216797e+02;1.083500567e-03
5.629465332e+02;3.188333707e-03
5.631713867e+02;2.175882459e-03
5.633963013e+02;3.801133251e-03
5.636211548e+02;2.682107966e-03
5.638460693e+02;3.801133251e-03
5.640709839e+02;6.252331194e-03
5.642958984e+02;4.627080634e-03
5.645208740e+02;3.801133251e-03
5.647457886e+02;1.776230522e-03
5.649707642e+02;5.772748962e-03
5.651957397e+02;4.067567643e-03
5.654207153e+02;5.106662866e-03
5.656456909e+02;4.866871517e-03
5.658707275e+02;3.481411841e-03
5.660957031e+02;2.575534163e-03
5.663207397e+02;5.159949418e-03
5.665457764e+02;3.614628920e-03
5.667708130e+02;6.252331194e-03
5.669958496e+02;4.280715249e-03
5.672208862e+02;5.453027785e-03
5.674459839e+02;5.985896569e-03
5.676710205e+02;5.852679256e-03
5.678961182e+02;5.559601355e-03
5.681212158e+02;8.197303861e-03
5.683463745e+02;6.705270149e-03
5.685714722e+02;7.984155789e-03
5.687966309e+02;7.557860576e-03
5.690217285e+02;8.783459663e-03
5.692468872e+02;6.758557167e-03
5.694720459e+02;1.136787515e-02
5.696972046e+02;1.246025693e-02
5.699224243e+02;1.003570203e-02
5.701475830e+02;1.118137129e-02
5.703728027e+02;1.104815397e-02
5.705980225e+02;1.102150977e-02
5.708232422e+02;1.419208199e-02
5.710484619e+02;1.619034074e-02
5.712736816e+02;1.523117628e-02
5.714989624e+02;1.733600907e-02
5.717242432e+02;2.063979767e-02
5.719495239e+02;2.133252844e-02
5.721748047e+02;2.253148332e-02
5.724000854e+02;2.519582957e-02
5.726253662e+02;2.983179130e-02
5.728507080e+02;2.780688740e-02
5.730760498e+02;3.196326643e-02
5.733013306e+02;3.350858763e-02
5.735266724e+02;3.699887916e-02
5.737520752e+02;3.683901951e-02
5.739774170e+02;3.870406374e-02
5.742028198e+02;4.286044091e-02
5.744281616e+02;4.571129009e-02
5.746535645e+02;4.784276709e-02
5.748789673e+02;5.082683638e-02
5.751043701e+02;5.040054023e-02
5.753298340e+02;5.429048464e-02
5.755552368e+02;5.985896662e-02
5.757807007e+02;6.601360440e-02
5.760061646e+02;6.686619669e-02
5.762316284e+02;7.027655840e-02
5.764570923e+02;7.456615567e-02
5.766826172e+02;8.258583397e-02
5.769080811e+02;9.374944121e-02
5.771336060e+02;9.678679705e-02
5.773591309e+02;1.035808772e-01
5.775846558e+02;1.089095697e-01
5.778101807e+02;1.108012572e-01
5.780357666e+02;1.179683506e-01
5.782612915e+02;1.281994283e-01
5.784868774e+02;1.314765811e-01
5.787124634e+02;1.384305209e-01
5.789380493e+02;1.389633864e-01
5.791636353e+02;1.451180279e-01
5.793892212e+02;1.564148515e-01
5.796148682e+02;1.586795449e-01
5.798405151e+02;1.661930084e-01
5.800661621e+02;1.714950502e-01
5.802918091e+02;1.824455112e-01
5.805174561e+02;1.845237017e-01
5.807431030e+02;1.959537417e-01
5.809688110e+02;1.982184350e-01
5.811944580e+02;2.057585418e-01
5.814201660e+02;2.117799670e-01
5.816458740e+02;2.192667723e-01
5.818716431e+02;2.304836661e-01
5.820973511e+02;2.362919450e-01
5.823231201e+02;2.462299466e-01
5.825488281e+02;2.586191595e-01
5.827745972e+02;2.617630959e-01
5.830003662e+02;2.646139264e-01
5.832261963e+02;2.751114666e-01
5.834519653e+02;2.754045427e-01
5.836777344e+02;2.862484157e-01
5.839035645e+02;2.899785042e-01
5.841293945e+02;3.031137288e-01
5.843552246e+02;3.127053678e-01
5.845810547e+02;3.231496215e-01
5.848069458e+02;3.258938789e-01
5.850327759e+02;3.367644250e-01
5.852586670e+02;3.416668177e-01
5.854845581e+02;3.512584567e-01
5.857104492e+02;3.546688259e-01
5.859363403e+02;3.591182828e-01
5.861622925e+02;3.712144196e-01
5.863881836e+02;3.730528057e-01
5.866141357e+02;3.845627904e-01
5.868400879e+02;3.939146399e-01
5.870660400e+02;3.946872950e-01
5.872919922e+02;4.040125012e-01
5.875180054e+02;4.161352813e-01
5.877439575e+02;4.216771126e-01
5.879699707e+02;4.243148267e-01
5.881959839e+02;4.292705059e-01
5.884219971e+02;4.368106127e-01
5.886480103e+02;4.477344155e-01
5.888740234e+02;4.510648549e-01
5.891000977e+02;4.540222883e-01
5.893261719e+02;4.613492191e-01
5.895522461e+02;4.730457067e-01
5.897783203e+02;4.752038121e-01
5.900043945e+02;4.809055328e-01
5.902304688e+02;4.838895798e-01
5.904566040e+02;4.936144650e-01
5.906827393e+02;4.976642430e-01
5.909088135e+02;5.057106018e-01
5.911350098e+02;5.158084631e-01
5.913611450e+02;5.100001693e-01
5.915872803e+02;5.188990831e-01
5.918134766e+02;5.225492716e-01
5.920396118e+02;5.324339867e-01
5.922658081e+02;5.386685133e-01
5.924920044e+02;5.469279885e-01
5.927182617e+02;5.558801889e-01
5.929444580e+02;5.486065745e-01
5.931707153e+02;5.558269024e-01
5.933969116e+02;5.561466217e-01
5.936231689e+02;5.677898526e-01
5.938494263e+02;5.700278878e-01
5.940757446e+02;5.749303102e-01
5.943020020e+02;5.768219829e-01
5.945282593e+02;5.773548484e-01
5.947545776e+02;5.844686627e-01
5.949808960e+02;5.846551657e-01
5.952072144e+02;5.927281380e-01
5.954335327e+02;6.004546881e-01
5.956599121e+02;6.094335318e-01
5.958862305e+02;6.082612276e-01
5.961126099e+02;6.094868183e-01
5.963389893e+02;6.059166193e-01
5.965653687e+02;6.177196503e-01
5.967917480e+02;6.214764118e-01
5.970181885e+02;6.234746575e-01
5.972445679e+02;6.262722015e-01
5.974710083e+02;6.270448565e-01
5.976974487e+02;6.374092102e-01
5.979238892e+02;6.405797601e-01
5.981503296e+02;6.387147307e-01
5.983768311e+02;6.493987441e-01
5.986032715e+02;6.452423930e-01
5.988297729e+02;6.497717500e-01
5.990562744e+02;6.585374475e-01
5.992827759e+02;6.664772034e-01
5.995092773e+02;6.642658114e-01
5.997357788e+02;6.651716828e-01
5.999623413e+02;6.724720001e-01
6.001889038e+02;6.683422327e-01
6.004154663e+02;6.711664796e-01
6.006420288e+02;6.719924212e-01
6.008685913e+02;6.744702458e-01
6.010951538e+02;6.835823059e-01
6.013217773e+02;6.816906333e-01
6.015484009e+02;6.803318262e-01
6.017749634e+02;6.867528558e-01
6.020015869e+02;6.894438863e-01
6.022282715e+02;7.021527886e-01
6.024548950e+02;6.971704364e-01
6.026815796e+02;7.018597126e-01
6.029082031e+02;7.106520534e-01
6.031348877e+02;7.075880766e-01
6.033615723e+02;7.098261118e-01
6.035883179e+02;7.137160301e-01
6.038150024e+02;7.145153284e-01
6.040416870e+02;7.189648151e-01
6.042684326e+02;7.182720900e-01
6.044951782e+02;7.273042202e-01
6.047219238e+02;7.240803838e-01
6.049486694e+02;7.279170156e-01
6.051754761e+02;7.283433080e-01
6.054022217e+02;7.302083373e-01
6.056290283e+02;7.344713211e-01
6.058558350e+02;7.331391573e-01
6.060826416e+02;7.353239059e-01
6.063094482e+02;7.439297438e-01
6.065363159e+02;7.385210991e-01
6.067631226e+02;7.404927015e-01
6.069899902e+02;7.426508665e-01
6.072168579e+02;7.554663420e-01
6.074437256e+02;7.546670437e-01
6.076705933e+02;7.497912645e-01
6.078974609e+02;7.558127046e-01
6.081243896e+02;7.550400496e-01
6.083513184e+02;7.559459209e-01
6.085781860e+02;7.618075013e-01
6.088051147e+02;7.662036419e-01
6.090321045e+02;7.637524605e-01
6.092590332e+02;7.703334093e-01
6.094860229e+02;7.740101814e-01
6.097129517e+02;7.703600526e-01
6.099399414e+02;7.709994912e-01
6.101669312e+02;7.723582983e-01
6.103939209e+02;7.828025222e-01
6.106209717e+02;7.842679024e-01
6.108479614e+02;7.768344283e-01
6.110750122e+02;7.769676447e-01
6.113020630e+02;7.859198451e-01
6.115291138e+02;7.842146158e-01
6.117561646e+02;7.888772488e-01
6.119832764e+02;7.998276949e-01
6.122103271e+02;7.929270267e-01
6.124374390e+02;7.950585485e-01
6.126645508e+02;7.986021042e-01
6.128916626e+02;7.969768643e-01
6.131187744e+02;7.963907123e-01
6.133458862e+02;7.986553907e-01
6.135730591e+02;7.981225252e-01
6.138002319e+02;8.064352870e-01
6.140273438e+02;7.961775661e-01
6.142545166e+02;8.115242124e-01
6.144817505e+02;8.048633337e-01
6.147089233e+02;8.156272769e-01
6.149361572e+02;8.131760955e-01
6.151633301e+02;8.177054524e-01
6.153905640e+02;8.096324801e-01
6.156177979e+02;8.046768308e-01
6.158450317e+02;8.120304346e-01
6.160723267e+02;8.125899434e-01
6.162995605e+02;8.178386688e-01
6.165268555e+02;8.108580709e-01
6.167541504e+02;8.282296062e-01
6.169814453e+02;8.176788092e-01
6.172087402e+02;8.273770213e-01
6.174360352e+02;8.317732215e-01
6.176633911e+02;8.178120255e-01
6.178907471e+02;8.316133618e-01
6.181180420e+02;8.314535022e-01
6.183453979e+02;8.264977932e-01
6.185728149e+02;8.329721689e-01
6.188001709e+02;8.385939598e-01
6.190275879e+02;8.356897831e-01
6.192549438e+02;8.390468955e-01
6.194823608e+02;8.352368474e-01
6.197097778e+02;8.326790929e-01
6.199371948e+02;8.338780403e-01
6.201646729e+02;8.338780403e-01
6.203920898e+02;8.366222978e-01
6.206195679e+02;8.303877711e-01
6.208470459e+02;8.306009173e-01
6.210745239e+02;8.441890478e-01
6.213020020e+02;8.430167437e-01
6.215294800e+02;8.460007906e-01
6.217570190e+02;8.411783576e-01
6.219844971e+02;8.486118913e-01
6.222120361e+02;8.349704146e-01
6.224395752e+02;8.438693285e-01
6.226671143e+02;8.422707319e-01
6.228947144e+02;8.520488739e-01
6.231222534e+02;8.430966735e-01
6.233498535e+02;8.536474705e-01
6.235774536e+02;8.538872600e-01
6.238050537e+02;8.524485230e-01
6.240326538e+02;8.490648270e-01
6.242602539e+02;8.516225815e-01
6.244879150e+02;8.544201255e-01
6.247155762e+02;8.475728035e-01
6.249431763e+02;8.499174118e-01
6.251708374e+02;8.485053182e-01
6.253985596e+02;8.706459999e-01
6.256262207e+02;8.596689105e-01
6.258538818e+02;8.552460670e-01
6.260816040e+02;8.556457758e-01
6.263093262e+02;8.537274003e-01
6.265370483e+02;8.649176955e-01
6.267647705e+02;8.590028286e-01
6.269924927e+02;8.645446897e-01
6.272202759e+02;8.619602323e-01
6.274480591e+02;8.584966063e-01
6.276757812e+02;8.669958711e-01
6.279035645e+02;8.625730276e-01
6.281314087e+02;8.585765362e-01
6.283591919e+02;8.666228652e-01
6.285869751e+02;8.562052846e-01
6.288148193e+02;8.765608668e-01
6.290426636e+02;8.624398112e-01
6.292705078e+02;8.794383407e-01
6.294983521e+02;8.623065948e-01
6.297261963e+02;8.660367131e-01
6.299541016e+02;8.764809370e-01
6.301819458e+02;8.671557307e-01
6.304098511e+02;8.736833930e-01
6.306377563e+02;8.740031123e-01
6.308656616e+02;8.738698959e-01
6.310936279e+02;8.776798844e-01
6.313215332e+02;8.694470525e-01
6.315494995e+02;8.725376725e-01
6.317774658e+02;8.737633228e-01
6.320054321e+02;8.758947849e-01
6.322333984e+02;8.781061769e-01
6.324613647e+02;8.766674399e-01
6.326893921e+02;8.817297220e-01
6.329173584e+02;8.804774284e-01
6.331453857e+02;8.806106448e-01
6.333734131e+02;8.780528903e-01
6.336014404e+02;8.823158741e-01
6.338294678e+02;8.788521886e-01
6.340575562e+02;8.798113465e-01
6.342855835e+02;8.816231489e-01
6.345136719e+02;8.742695451e-01
6.347417603e+02;8.733903170e-01
6.349698486e+02;8.889766932e-01
6.351979980e+02;8.781594634e-01
6.354260864e+02;8.883905411e-01
6.356542358e+02;8.848736286e-01
6.358823853e+02;8.870850205e-01
6.361105347e+02;8.856729269e-01
6.363386841e+02;8.772535920e-01
6.365668335e+02;8.943320513e-01
6.367949829e+02;8.897227049e-01
6.370231934e+02;8.845539093e-01
6.372514038e+02;8.909483552e-01
6.374796143e+02;8.903088570e-01
6.377078247e+02;8.900957108e-01
6.379360352e+02;8.920673728e-01
6.381643066e+02;8.871649504e-01
6.383925171e+02;8.860192895e-01
6.386207886e+02;8.993676901e-01
6.388490601e+02;8.895894885e-01
6.390773315e+02;8.896694183e-01
6.393056030e+02;8.886036873e-01
6.395339355e+02;8.921739459e-01
6.397622070e+02;8.936126828e-01
6.399905396e+02;9.028715491e-01
6.402188721e+02;9.029708505e-01
6.404472046e+02;8.938409090e-01
6.406755371e+02;9.064247012e-01
6.409039307e+02;9.091719985e-01
6.411323242e+02;8.976614475e-01
6.413606567e+02;8.997864127e-01
6.415890503e+02;9.080731869e-01
6.418174438e+02;9.032607675e-01
6.420458984e+02;9.066876769e-01
6.422742920e+02;9.019485116e-01
6.425027466e+02;9.080403447e-01
6.427311401e+02;8.894797564e-01
6.429595947e+02;9.017293453e-01
6.431880493e+02;8.981904984e-01
6.434165649e+02;8.935856223e-01
6.436450195e+02;8.913017511e-01
6.438735352e+02;9.170705080e-01
6.441019897e+02;9.204959273e-01
6.443305054e+02;8.905797005e-01
6.445590210e+02;8.999871612e-01
6.447875977e+02;8.984540105e-01
6.450161133e+02;9.010376334e-01
6.452446899e+02;8.919409513e-01
6.454732056e+02;9.002013803e-01
6.457017822e+02;8.781575561e-01
6.459303589e+02;8.995919228e-01
6.461589966e+02;8.865782619e-01
6.463875732e+02;8.856182694e-01
6.466162109e+02;9.157661200e-01
6.468447876e+02;9.027541876e-01
6.470734253e+02;8.922784328e-01
6.473020630e+02;8.993322849e-01
6.475307617e+02;9.135925174e-01
6.477593994e+02;9.107823968e-01
6.479880981e+02;9.122614861e-01
6.482167358e+02;9.075379968e-01
6.484454346e+02;9.171929955e-01
6.486741333e+02;8.911011815e-01
6.489028320e+02;9.053736329e-01
6.491315918e+02;9.064790606e-01
6.493602905e+02;8.933277726e-01
6.495890503e+02;9.003002048e-01
6.498178101e+02;8.937192559e-01
6.500465698e+02;8.931064606e-01
6.502753296e+02;8.896694183e-01
6.505041504e+02;8.898292780e-01
6.507329102e+02;8.830352426e-01
6.509617310e+02;8.872981668e-01
6.511905518e+02;8.855663538e-01
6.514193726e+02;8.751221299e-01
6.516481934e+02;8.821560144e-01
6.518770142e+02;8.899358511e-01
6.521058960e+02;8.762677908e-01
6.523347778e+02;8.760812879e-01
6.525636597e+02;8.886036873e-01
6.527925415e+02;8.796781301e-01
6.530214233e+02;8.771203756e-01
6.532503052e+02;8.791985512e-01
6.534792480e+02;8.847670555e-01
6.537081299e+02;8.876178861e-01
6.539370728e+02;8.754951358e-01
6.541660156e+02;8.791186213e-01
6.543949585e+02;8.787989020e-01
6.546239624e+02;8.844206929e-01
6.548529053e+02;8.814365864e-01
6.550819092e+02;8.897227049e-01
6.553109131e+02;8.765608668e-01
6.555399170e+02;8.864189386e-01
6.557689209e+02;8.801044226e-01
6.559979248e+02;8.704328537e-01
6.562269897e+02;8.727508187e-01
6.564560547e+02;8.824224472e-01
6.566851196e+02;8.794383407e-01
6.569141846e+02;8.801044226e-01
6.571432495e+02;8.786923289e-01
6.573723145e+02;8.715252280e-01
6.576014404e+02;8.785324693e-01
6.578305054e+02;8.816764355e-01
6.580596313e+02;8.764809370e-01
6.582887573e+02;8.817830086e-01
6.585178833e+02;8.790653348e-01
6.587470703e+02;8.760546446e-01
6.589761963e+02;8.720847368e-01
6.592053833e+02;8.773601651e-01
6.594345703e+02;8.663031459e-01
6.596637573e+02;8.720048070e-01
6.598929443e+02;8.713920116e-01
6.601221313e+02;8.786390424e-01
6.603513794e+02;8.626263142e-01
6.605805664e+02;8.608412147e-01
6.608098145e+02;8.729640245e-01
6.610390625e+02;8.684878945e-01
6.612683105e+02;8.641183972e-01
6.614975586e+02;8.687276840e-01
6.617268677e+02;8.707792163e-01
6.619561768e+02;8.685944676e-01
6.621854248e+02;8.674754500e-01
6.624147339e+02;8.614273667e-01
6.626441040e+02;8.633723259e-01
6.628734131e+02;8.615339398e-01
6.631027222e+02;8.606014252e-01
6.633320923e+02;8.678750992e-01
6.635614624e+02;8.625463843e-01
6.637908325e+02;8.702996373e-01
6.640202026e+02;8.641450405e-01
6.642495728e+02;8.614007235e-01
6.644790039e+02;8.606280684e-01
6.647083740e+02;8.598287702e-01
6.649378052e+02;8.598021269e-01
6.651672363e+02;8.550862074e-01
6.653966675e+02;8.585232496e-01
6.656260986e+02;8.611076474e-01
6.658555908e+02;8.550062776e-01
6.660850220e+02;8.652374148e-01
6.663145142e+02;8.576440215e-01
6.665440063e+02;8.534876108e-01
6.667734985e+02;8.559921384e-01
6.670030518e+02;8.598820567e-01
6.672325439e+02;8.609211445e-01
6.674620972e+02;8.603349924e-01
6.676915894e+02;8.521288037e-01
6.679211426e+02;8.592692614e-01
6.681506958e+02;8.499440551e-01
6.683803101e+02;8.566049337e-01
6.686098633e+02;8.473596573e-01
6.688394775e+02;8.534076810e-01
6.690690308e+02;8.497042656e-01
6.692986450e+02;8.554059863e-01
6.695282593e+02;8.537540436e-01
6.697579346e+02;8.454146385e-01
6.699875488e+02;8.510630727e-01
6.702172241e+02;8.452547789e-01
6.704468384e+02;8.496243358e-01
6.706765137e+02;8.539938331e-01
6.709061890e+02;8.517824411e-01
6.711359253e+02;8.506634235e-01
6.713656006e+02;8.485053182e-01
6.715953369e+02;8.499973416e-01
6.718250122e+02;8.495976925e-01
6.720547485e+02;8.487451077e-01
6.722844849e+02;8.492779732e-01
6.725142822e+02;8.464270830e-01
6.727440186e+02;8.438959718e-01
6.729738159e+02;8.485852480e-01
6.732035522e+02;8.470399380e-01
6.734333496e+02;8.470665812e-01
6.736631470e+02;8.521554470e-01
6.738929443e+02;8.436828256e-01
6.741228027e+02;8.445354104e-01
6.743526001e+02;8.528748155e-01
6.745824585e+02;8.521288037e-01
6.748123169e+02;8.494911194e-01
6.750421753e+02;8.405655622e-01
6.752720337e+02;8.453879952e-01
6.755019531e+02;8.459741473e-01
6.757318115e+02;8.453879952e-01
6.759617310e+02;8.449350595e-01
6.761916504e+02;8.463205099e-01
6.764215698e+02;8.454146385e-01
6.766514893e+02;8.482388854e-01
6.768814087e+02;8.368088007e-01
6.771113892e+02;8.412050009e-01
6.773413696e+02;8.367022276e-01
6.775712891e+02;8.584166765e-01
6.778012695e+02;8.415513635e-01
6.780313110e+02;8.399794102e-01
6.782612915e+02;8.477859497e-01
6.784912720e+02;8.398728371e-01
6.787213135e+02;8.381676674e-01
6.789513550e+02;8.437361121e-01
6.791813965e+02;8.483188152e-01
6.794114380e+02;8.371285200e-01
6.796415405e+02;8.406188488e-01
6.798715820e+02;8.510630727e-01
6.801016846e+02;8.445886970e-01
6.803317871e+02;8.456011415e-01
6.805618896e+02;8.419510126e-01
6.807919922e+02;8.416579366e-01
6.810220947e+02;8.375548124e-01
6.812522583e+02;8.392600417e-01
6.814823608e+02;8.377946615e-01
6.817125244e+02;8.423773050e-01
6.819426880e+02;8.367022276e-01
6.821728516e+02;8.438426852e-01
6.824030151e+02;8.437361121e-01
6.826332397e+02;8.395264745e-01
6.828634644e+02;8.376613855e-01
6.830936279e+02;8.429634571e-01
6.833238525e+02;8.375548124e-01
6.835540771e+02;8.357697129e-01
6.837843628e+02;8.436295390e-01
6.840145874e+02;8.381410241e-01
6.842448730e+02;8.360894322e-01
6.844751587e+02;8.378745914e-01
6.847054443e+02;8.396330476e-01
6.849357300e+02;8.410184979e-01
6.851660156e+02;8.310804963e-01
6.853963623e+02;8.420842290e-01
6.856266479e+02;8.400326967e-01
6.858569946e+02;8.372350931e-01
6.860873413e+02;8.303344846e-01
6.863176880e+02;8.404323459e-01
6.865480347e+02;8.276700974e-01
6.867784424e+02;8.317465782e-01
6.870087891e+02;8.307341337e-01
6.872391968e+02;8.305742741e-01
6.874696045e+02;8.398461938e-01
6.877000122e+02;8.342776895e-01
6.879304199e+02;8.311337829e-01
6.881608887e+02;8.285493255e-01
6.883912964e+02;8.227943778e-01
6.886217651e+02;8.323060870e-01
6.888522339e+02;8.244196177e-01
6.890827026e+02;8.244196177e-01
6.893131714e+02;8.287358284e-01
6.895437012e+02;8.280164599e-01
6.897741699e+02;8.299881220e-01
6.900046997e+02;8.291621804e-01
6.902352295e+02;8.265244365e-01
6.904657593e+02;8.251389861e-01
6.906962891e+02;8.182916045e-01
6.909268799e+02;8.222348690e-01
6.911574097e+02;8.245528340e-01
6.913880005e+02;8.205563426e-01
6.916185913e+02;8.297216892e-01
6.918491821e+02;8.267375827e-01
6.920797729e+02;8.160269260e-01
6.923104248e+02;8.214089274e-01
6.925410156e+02;8.173857331e-01
6.927716675e+02;8.220217228e-01
6.930023193e+02;8.203698397e-01
6.932329712e+02;8.093660474e-01
6.934636230e+02;8.138421774e-01
6.936942749e+02;8.056892753e-01
6.939249878e+02;8.158404231e-01
6.941557007e+02;8.189043999e-01
6.943864136e+02;8.114709258e-01
6.946171265e+02;8.127231598e-01
6.948478394e+02;8.248991966e-01
6.950785522e+02;8.118172884e-01
6.953093262e+02;8.174123764e-01
6.955400391e+02;8.124567270e-01
6.957708130e+02;8.024653792e-01
6.960015869e+02;8.081138134e-01
6.962323608e+02;8.090463281e-01
6.964631958e+02;8.106715679e-01
6.966939697e+02;8.046768308e-01
6.969248047e+02;8.118705750e-01
6.971556396e+02;8.068615794e-01
6.973864746e+02;8.039041758e-01
6.976173096e+02;8.071013689e-01
6.978481445e+02;8.025186658e-01
6.980790405e+02;8.020390868e-01
6.983099365e+02;8.129895926e-01
6.985407715e+02;8.015328646e-01
6.987716675e+02;8.038242459e-01
6.990025635e+02;8.019858003e-01
6.992335205e+02;7.986287475e-01
6.994644165e+02;8.110445738e-01
6.996953735e+02;8.054494858e-01
6.999263306e+02;8.130961657e-01
7.001572876e+02;8.012131453e-01
7.003882446e+02;8.037976027e-01
7.006192017e+02;7.969768643e-01
7.008502197e+02;8.056093454e-01
7.010811768e+02;8.029183745e-01
7.013121948e+02;8.082470298e-01
7.015432129e+02;7.958312035e-01
7.017742310e+02;8.096857667e-01
7.020052490e+02;8.044636846e-01
7.022363281e+02;8.060356379e-01
7.024674072e+02;8.038775325e-01
7.026984253e+02;8.083802462e-01
7.029295044e+02;7.964173555e-01
7.031605835e+02;8.015861511e-01
7.033917236e+02;7.996411920e-01
7.036228027e+02;7.876783013e-01
7.038539429e+02;8.031848073e-01
7.040850220e+02;7.978028059e-01
7.043161621e+02;8.067816496e-01
7.045473022e+02;7.986287475e-01
7.047785034e+02;8.032913804e-01
7.050096436e+02;8.026785851e-01
7.052408447e+02;7.967370749e-01
7.054719849e+02;8.032114506e-01
7.057031860e+02;8.010799289e-01
7.059343872e+02;8.024653792e-01
7.061656494e+02;7.992415428e-01
7.063968506e+02;8.062487841e-01
7.066281128e+02;8.022788763e-01
7.068593140e+02;8.019325137e-01
7.070905762e+02;7.945789695e-01
7.073218384e+02;8.046768308e-01
7.075531616e+02;7.991083264e-01
7.077844238e+02;8.017726541e-01
7.080157471e+02;8.024387360e-01
7.082470093e+02;8.014262915e-01
7.084783325e+02;8.013996482e-01
7.087096558e+02;7.996678352e-01
7.089409790e+02;7.967370749e-01
7.091723633e+02;8.006536365e-01
7.094036865e+02;8.026252389e-01
7.096350708e+02;8.031315207e-01
7.098664551e+02;8.016127944e-01
7.100978394e+02;8.043304682e-01
7.103292236e+02;7.926339507e-01
7.105606689e+02;7.993481159e-01
7.107920532e+02;7.931135297e-01
7.110234985e+02;8.052629828e-01
7.112549438e+02;8.048633337e-01
7.114863892e+02;7.955381274e-01
7.117178345e+02;7.983623147e-01
7.119492798e+02;7.974031568e-01
7.121807861e+02;7.938595414e-01
7.124122314e+02;8.003072739e-01
7.126437378e+02;7.948187590e-01
7.128752441e+02;7.897298336e-01
7.131067505e+02;7.883443832e-01
7.133383179e+02;7.854935527e-01
7.135698242e+02;7.808842063e-01
7.138013916e+02;7.857599854e-01
7.140329590e+02;7.863194942e-01
7.142645264e+02;7.771275043e-01
7.144960938e+02;7.775537968e-01
7.147276611e+02;7.766212821e-01
7.149592896e+02;7.767544985e-01
7.151908569e+02;7.796053290e-01
7.154224854e+02;7.684150934e-01
7.156541138e+02;7.830955982e-01
7.158857422e+02;7.672693729e-01
7.161173706e+02;7.644185424e-01
7.163490601e+02;7.595161796e-01
7.165806885e+02;7.694541812e-01
7.168123779e+02;7.649514079e-01
7.170440674e+02;7.623936534e-01
7.172757568e+02;7.633261681e-01
7.175075073e+02;7.537878156e-01
7.177391968e+02;7.538144588e-01
7.179709473e+02;7.549068332e-01
7.182026367e+02;7.586901784e-01
7.184343872e+02;7.557327747e-01
7.186661377e+02;7.526421547e-01
7.188979492e+02;7.513099909e-01
7.191296997e+02;7.517895699e-01
7.193615112e+02;7.534148097e-01
7.195933228e+02;7.412387729e-01
7.198250732e+02;7.520826459e-01
7.200569458e+02;7.444626093e-01
7.202887573e+02;7.428640127e-01
7.205205688e+02;7.364162803e-01
7.207524414e+02;7.352439761e-01
7.209842529e+02;7.361232042e-01
7.212161255e+02;7.355104089e-01
7.214479980e+02;7.303681970e-01
7.216799316e+02;7.336720228e-01
7.219118042e+02;7.307412028e-01
7.221437378e+02;7.311142087e-01
7.223756104e+02;7.273841500e-01
7.226075439e+02;7.316470742e-01
7.228394775e+02;7.204301953e-01
7.230714111e+02;7.276239395e-01
7.233034058e+02;7.198174000e-01
7.235353394e+02;7.137693167e-01
7.237673340e+02;7.192046046e-01
7.239993286e+02;7.132364511e-01
7.242313232e+02;7.116911411e-01
7.244633179e+02;7.181921601e-01
7.246953735e+02;7.202170491e-01
7.249273682e+02;7.132630944e-01
7.251594238e+02;7.172330022e-01
7.253914795e+02;7.131298780e-01
7.256235352e+02;7.070818543e-01
7.258555908e+02;7.099593282e-01
7.260876465e+02;7.009005547e-01
7.263197632e+02;6.995151043e-01
7.265518188e+02;6.971171498e-01
7.267839355e+02;7.024725080e-01
7.270160522e+02;6.961579919e-01
7.272481689e+02;6.994085312e-01
7.274803467e+02;6.936801672e-01
7.277124634e+02;6.930940151e-01
7.279446411e+02;6.921348572e-01
7.281768188e+02;6.940265298e-01
7.284089355e+02;6.958649158e-01
7.286411743e+02;6.936535239e-01
7.288733521e+02;6.890175939e-01
7.291055298e+02;6.916552782e-01
7.293377686e+02;6.899501085e-01
7.295700073e+02;6.847812533e-01
7.298022461e+02;6.861134171e-01
7.300344849e+02;6.876054406e-01
7.302667236e+02;6.817439198e-01
7.304990234e+02;6.806515455e-01
7.307312622e+02;6.838487387e-01
7.309635620e+02;6.767082810e-01
7.311958618e+02;6.773743629e-01
7.314281616e+02;6.727384329e-01
7.316604614e+02;6.758024096e-01
7.318928223e+02;6.771878600e-01
7.321251221e+02;6.671965718e-01
7.323574829e+02;6.698608994e-01
7.325898438e+02;6.701006889e-01
7.328222046e+02;6.683955193e-01
7.330545654e+02;6.715394855e-01
7.332869873e+02;6.614682078e-01
7.335193481e+02;6.633066535e-01
7.337517700e+02;6.605889797e-01
7.339841919e+02;6.678360105e-01
7.342166138e+02;6.581111550e-01
7.344490356e+02;6.562727690e-01
7.346815186e+02;6.583775878e-01
7.349139404e+02;6.465745568e-01
7.351464233e+02;6.511305571e-01
7.353789062e+02;6.516101360e-01
7.356113892e+02;6.565392017e-01
7.358438721e+02;6.500381827e-01
7.360763550e+02;6.484395862e-01
7.363088989e+02;6.439368129e-01
7.365414429e+02;6.483330131e-01
7.367739258e+02;6.346648932e-01
7.370065308e+02;6.418319941e-01
7.372390747e+02;6.363434792e-01
7.374716187e+02;6.344517469e-01
7.377042236e+02;6.393541694e-01
7.379367676e+02;6.353842616e-01
7.381693726e+02;6.388213038e-01
7.384019775e+02;6.331995130e-01
7.386345825e+02;6.278442144e-01
7.388672485e+02;6.317607760e-01
7.390998535e+02;6.256860495e-01
7.393325195e+02;6.270182133e-01
7.395651855e+02;6.266718507e-01
7.397978516e+02;6.221158504e-01
7.400305176e+02;6.200643182e-01
7.402631836e+02;6.153750420e-01
7.404959106e+02;6.151086092e-01
7.407285767e+02;6.197445989e-01
7.409613037e+02;6.112986207e-01
7.411940308e+02;6.134034395e-01
7.414267578e+02;6.073020697e-01
7.416594849e+02;6.109256148e-01
7.418922729e+02;6.101796031e-01
7.421250000e+02;6.119114161e-01
7.423577881e+02;6.050107479e-01
7.425905762e+02;6.061297655e-01
7.428233643e+02;6.034920812e-01
7.430562134e+02;5.980834365e-01
7.432890015e+02;5.903568268e-01
7.435218506e+02;6.066626310e-01
7.437546387e+02;5.932610035e-01
7.439874878e+02;5.943000913e-01
7.442203369e+02;6.011741161e-01
7.444532471e+02;5.945398808e-01
7.446860962e+02;5.851081014e-01
7.449190063e+02;5.875326395e-01
7.451518555e+02;5.804721117e-01
7.453847656e+02;5.795928836e-01
7.456176758e+02;5.814312696e-01
7.458506470e+02;5.905699730e-01
7.460835571e+02;5.845752358e-01
7.463164673e+02;5.825502872e-01
7.465494385e+02;5.766887665e-01
7.467824097e+02;5.813779831e-01
7.470153809e+02;5.815378428e-01
7.472483521e+02;5.807119012e-01
7.474813843e+02;5.734382272e-01
7.477143555e+02;5.782607198e-01
7.479473877e+02;5.674701333e-01
7.481804199e+02;5.666974783e-01
7.484134521e+02;5.658448935e-01
7.486464844e+02;5.596369505e-01
7.488795166e+02;5.633936524e-01
7.491126099e+02;5.657382607e-01
7.493457031e+02;5.530293584e-01
7.495787354e+02;5.632337928e-01
7.498118286e+02;5.557203293e-01
7.500449829e+02;5.499920249e-01
7.502780762e+02;5.563864112e-01
7.505111694e+02;5.508179665e-01
7.507443237e+02;5.556670427e-01
7.509774780e+02;5.480470061e-01
7.512106323e+02;5.496989489e-01
7.514437866e+02;5.518836975e-01
7.516769409e+02;5.419190526e-01
7.519101562e+02;5.482335091e-01
7.521433105e+02;5.395744443e-01
7.523765259e+02;5.422920585e-01
7.526097412e+02;5.489262938e-01
7.528429565e+02;5.400540233e-01
7.530762329e+02;5.328602791e-01
7.533094482e+02;5.400540233e-01
7.535427246e+02;5.339260101e-01
7.537759399e+02;5.392280221e-01
7.540092163e+02;5.361906886e-01
7.542425537e+02;5.288637280e-01
7.544758301e+02;5.329135656e-01
7.547091064e+02;5.251070261e-01
7.549424438e+02;5.275049210e-01
7.551757812e+02;5.236682892e-01
7.554090576e+02;5.280377865e-01
7.556424561e+02;5.222029090e-01
7.558757935e+02;5.257731080e-01
7.561091309e+02;5.238547921e-01
7.563425293e+02;5.236949325e-01
7.565759277e+02;5.225492716e-01
7.568092651e+02;5.207907557e-01
7.570426636e+02;5.196450949e-01
7.572761230e+02;5.240679383e-01
7.575095215e+02;5.174603462e-01
7.577429810e+02;5.175402761e-01
7.579763794e+02;5.179132819e-01
7.582098389e+02;5.225492716e-01
7.584432983e+02;5.140233636e-01
7.586767578e+02;5.122115612e-01
7.589102783e+02;5.151157379e-01
7.591437378e+02;5.111724734e-01
7.593772583e+02;5.068296194e-01
7.596107788e+02;5.065365434e-01
7.598442993e+02;5.132240653e-01
7.600778198e+02;5.103731751e-01
7.603113403e+02;5.039520860e-01
7.605449219e+02;5.031794310e-01
7.607785034e+02;5.039787292e-01
7.610120239e+02;5.064299703e-01
7.612456055e+02;5.025932789e-01
7.614792480e+02;5.032593608e-01
7.617128296e+02;5.022735596e-01
7.619464111e+02;4.973445237e-01
7.621800537e+02;5.009946823e-01
7.624136963e+02;4.981172085e-01
7.626473389e+02;4.975043833e-01
7.628809814e+02;4.950265586e-01
7.631146240e+02;4.904438853e-01
7.633483276e+02;4.951597750e-01
7.635819702e+02;4.917227626e-01
7.638156738e+02;4.942539036e-01
7.640493774e+02;4.869269431e-01
7.642830811e+02;4.920957685e-01
7.645167847e+02;4.835432172e-01
7.647505493e+02;4.809321761e-01
7.649842529e+02;4.835698605e-01
7.652180176e+02;4.874331653e-01
7.654517822e+02;4.826373458e-01
7.656855469e+02;4.847155511e-01
7.659193726e+02;4.783743918e-01
7.661531372e+02;4.811986089e-01
7.663869019e+02;4.738450050e-01
7.666207275e+02;4.774685204e-01
7.668545532e+02;4.731256366e-01
7.670883789e+02;4.792003334e-01
7.673222046e+02;4.746709466e-01
7.675560913e+02;4.758432508e-01
7.677899170e+02;4.692889750e-01
7.680238037e+02;4.763761461e-01
7.682576904e+02;4.668644071e-01
7.684915771e+02;4.715536833e-01
7.687254639e+02;4.681166708e-01
7.689594116e+02;4.717401862e-01
7.691932983e+02;4.658253193e-01
7.694272461e+02;4.672640860e-01
7.696611938e+02;4.650793076e-01
7.698951416e+02;4.626547396e-01
7.701290894e+02;4.559406042e-01
7.703630371e+02;4.601769149e-01
7.705970459e+02;4.568731189e-01
7.708309937e+02;4.575125575e-01
7.710650024e+02;4.603634179e-01
7.712990112e+02;4.544752240e-01
7.715330200e+02;4.537558258e-01
7.717670898e+02;4.534627497e-01
7.720010986e+02;4.495195150e-01
7.722351685e+02;4.497593343e-01
7.724692383e+02;4.474413395e-01
7.727033081e+02;4.453098774e-01
7.729373779e+02;4.557541013e-01
7.731714478e+02;4.463489652e-01
7.734055176e+02;4.507184923e-01
7.736396484e+02;4.466420412e-01
7.738737793e+02;4.397946596e-01
7.741079102e+02;4.455230236e-01
7.743420410e+02;4.374500513e-01
7.745761719e+02;4.473880529e-01
7.748103638e+02;4.405140281e-01
7.750444946e+02;4.376631975e-01
7.752786865e+02;4.394482970e-01
7.755128784e+02;4.354251325e-01
7.757470703e+02;4.344393313e-01
7.759812622e+02;4.403275251e-01
7.762155151e+02;4.336133897e-01
7.764497070e+02;4.261798561e-01
7.766839600e+02;4.316684008e-01
7.769182129e+02;4.308957458e-01
7.771524658e+02;4.283379912e-01
7.773867188e+02;4.299632311e-01
7.776209717e+02;4.204248786e-01
7.778552856e+02;4.244213998e-01
7.780895996e+02;4.184532464e-01
7.783239136e+02;4.276985526e-01
7.785582275e+02;4.184798896e-01
7.787925415e+02;4.207978845e-01
7.790268555e+02;4.214373231e-01
7.792612305e+02;4.206380248e-01
7.794955444e+02;4.171743691e-01
7.797299194e+02;4.181868136e-01
7.799642944e+02;4.169878662e-01
7.801986694e+02;4.226895571e-01
7.804331055e+02;4.130446315e-01
7.806674805e+02;4.140037894e-01
7.809019165e+02;4.115526080e-01
7.811363525e+02;4.141902924e-01
7.813707886e+02;4.080623090e-01
7.816052246e+02;4.066235721e-01
7.818396606e+02;4.000159800e-01
7.820741577e+02;4.014813900e-01
7.823085938e+02;4.029467702e-01
7.825430908e+02;4.025471210e-01
7.827775879e+02;4.035062790e-01
7.830120850e+02;4.031865597e-01
7.832465820e+02;3.949004412e-01
7.834811401e+02;3.975914419e-01
7.837156372e+02;3.983907402e-01
7.839501953e+02;3.959928155e-01
7.841847534e+02;3.986571729e-01
7.844193115e+02;3.953267336e-01
7.846539307e+02;3.910371363e-01
7.848884888e+02;4.005488455e-01
7.851231079e+02;3.936748505e-01
7.853576660e+02;3.895983994e-01
7.855922852e+02;3.930620551e-01
7.858269043e+02;3.895184696e-01
7.860615845e+02;3.877599835e-01
7.862962036e+02;3.919430077e-01
7.865308228e+02;3.875201941e-01
7.867655029e+02;3.931153417e-01
7.870001831e+02;3.885593116e-01
7.872348633e+02;3.877599835e-01
7.874695435e+02;3.838967085e-01
7.877042847e+02;3.929554820e-01
7.879389648e+02;3.840299249e-01
7.881737061e+02;3.884260952e-01
7.884084473e+02;3.808060586e-01
7.886431885e+02;3.871471882e-01
7.888779297e+02;3.828575909e-01
7.891126709e+02;3.784880638e-01
7.893474731e+02;3.834970295e-01
7.895822144e+02;3.789409995e-01
7.898170166e+02;3.745448291e-01
7.900518188e+02;3.801399767e-01
7.902866211e+02;3.796071112e-01
7.905214844e+02;3.795005381e-01
7.907562866e+02;3.789143562e-01
7.909911499e+02;3.781683445e-01
7.912260132e+02;3.733458817e-01
7.914608765e+02;3.766763210e-01
7.916957397e+02;3.710545599e-01
7.919306030e+02;3.760368824e-01
7.921655273e+02;3.711078465e-01
7.924003906e+02;3.766496778e-01
7.926353149e+02;3.727597296e-01
7.928702393e+02;3.710812032e-01
7.931051636e+02;3.685500622e-01
7.933400879e+02;3.774223328e-01
7.935750732e+02;3.671912551e-01
7.938099976e+02;3.678040504e-01
7.940449829e+02;3.685767055e-01
7.942799683e+02;3.707348406e-01
7.945149536e+02;3.681770563e-01
7.947499390e+02;3.646867573e-01
7.949849854e+02;3.628483713e-01
7.952199707e+02;3.614096045e-01
7.954550171e+02;3.605037332e-01
7.956900635e+02;3.660988510e-01
7.959251099e+02;3.643670380e-01
7.961601562e+02;3.625552952e-01
7.963952026e+02;3.684168458e-01
7.966303101e+02;3.601040840e-01
7.968654175e+02;3.624753654e-01
7.971004639e+02;3.584788442e-01
7.973355713e+02;3.545888960e-01
7.975707397e+02;3.588784933e-01
7.978058472e+02;3.595978618e-01
7.980410156e+02;3.545356095e-01
7.982761230e+02;3.554947674e-01
7.985112915e+02;3.590383530e-01
7.987464600e+02;3.508321643e-01
7.989816284e+02;3.548286855e-01
7.992167969e+02;3.554414809e-01
7.994520264e+02;3.544823229e-01
7.996872559e+02;3.557878435e-01
7.999224243e+02;3.558677733e-01
8.001576538e+02;3.481411636e-01
8.003928833e+02;3.501394391e-01
8.006281738e+02;3.452370465e-01
8.008634033e+02;3.487806320e-01
8.010986938e+02;3.438515663e-01
8.013339844e+02;3.490737081e-01
8.015692749e+02;3.453169763e-01
8.018045654e+02;3.445176780e-01
8.020398560e+02;3.432121277e-01
8.022751465e+02;3.489671350e-01
8.025104980e+02;3.465425670e-01
8.027458496e+02;3.454768360e-01
8.029812012e+02;3.439581394e-01
8.032165527e+02;3.421197534e-01
8.034519043e+02;3.313291669e-01
8.036872559e+02;3.426259756e-01
8.039226685e+02;3.341000676e-01
8.041580811e+02;3.364713490e-01
8.043934326e+02;3.394820392e-01
8.046288452e+02;3.357786238e-01
8.048643188e+02;3.275990784e-01
8.050997314e+02;3.372440040e-01
8.053352051e+02;3.291177452e-01
8.055706177e+02;3.299170434e-01
8.058060913e+02;3.299703300e-01
8.060415649e+02;3.303166926e-01
8.062770386e+02;3.285049498e-01
8.065125732e+02;3.299969733e-01
8.067480469e+02;3.279454410e-01
8.069835815e+02;3.238689899e-01
8.072191162e+02;3.253876567e-01
8.074546509e+02;3.265866041e-01
8.076901855e+02;3.212046325e-01
8.079257202e+02;3.198991120e-01
8.081613159e+02;3.239222765e-01
8.083968506e+02;3.216309249e-01
8.086324463e+02;3.173679709e-01
8.088680420e+02;3.198724687e-01
8.091036377e+02;3.139842749e-01
8.093392334e+02;3.138777018e-01
8.095748901e+02;3.182738721e-01
8.098104858e+02;3.164088130e-01
8.100461426e+02;3.149434328e-01
8.102817993e+02;3.092417419e-01
8.105174561e+02;3.106804788e-01
8.107531128e+02;3.042860329e-01
8.109888306e+02;3.056182265e-01
8.112244873e+02;3.101476133e-01
8.114602051e+02;3.038597405e-01
8.116959229e+02;3.104939759e-01
8.119316406e+02;3.039130270e-01
8.121673584e+02;3.019147813e-01
8.124031372e+02;3.006891906e-01
8.126388550e+02;3.063642383e-01
8.128746338e+02;2.965061665e-01
8.131104126e+02;2.953604758e-01
8.133461914e+02;3.013286293e-01
8.135819702e+02;2.943480313e-01
8.138177490e+02;2.926428616e-01
8.140535889e+02;2.956269085e-01
8.142894287e+02;2.940016687e-01
8.145252075e+02;2.922165692e-01
8.147610474e+02;2.881934047e-01
8.149969482e+02;2.892591357e-01
8.152327881e+02;2.897120714e-01
8.154686279e+02;2.913905978e-01
8.157045288e+02;2.849428952e-01
8.159404297e+02;2.878470421e-01
8.161763306e+02;2.880335450e-01
8.164122314e+02;2.854491174e-01
8.166481323e+02;2.890726328e-01
8.168840942e+02;2.850228250e-01
8.171199951e+02;2.799872160e-01
8.173559570e+02;2.809996605e-01
8.175919189e+02;2.817456722e-01
8.178278809e+02;2.745519578e-01
8.180638428e+02;2.804667950e-01
8.182998657e+02;2.808131576e-01
8.185358276e+02;2.762837708e-01
8.187718506e+02;2.757509053e-01
8.190078735e+02;2.774027884e-01
8.192438965e+02;2.779622972e-01
8.194799194e+02;2.762038410e-01
8.197160034e+02;2.690100968e-01
8.199520264e+02;2.708218694e-01
8.201881104e+02;2.755910456e-01
8.204241943e+02;2.736993432e-01
8.206602783e+02;2.746585310e-01
8.208963623e+02;2.705554366e-01
8.211325073e+02;2.704488635e-01
8.213685913e+02;2.716211677e-01
8.216047363e+02;2.671184242e-01
8.218408813e+02;2.661059797e-01
8.220770264e+02;2.620295286e-01
8.223131714e+02;2.656796873e-01
8.225493164e+02;2.656264007e-01
8.227855225e+02;2.638945580e-01
8.230216675e+02;2.571537793e-01
8.232578735e+02;2.663191259e-01
8.234940796e+02;2.613101602e-01
8.237302856e+02;2.615765929e-01
8.239665527e+02;2.578198612e-01
8.242027588e+02;2.578731477e-01
8.244390259e+02;2.582994401e-01
8.246752930e+02;2.592053115e-01
8.249115601e+02;2.569139898e-01
8.251478271e+02;2.585925162e-01
8.253840942e+02;2.563810945e-01
8.256203613e+02;2.581395805e-01
8.258566895e+02;2.463365197e-01
8.260930176e+02;2.549157143e-01
8.263293457e+02;2.536901236e-01
8.265656738e+02;2.508925498e-01
8.268020020e+02;2.537167668e-01
8.270383301e+02;2.484413534e-01
8.272747192e+02;2.462832332e-01
8.275111084e+02;2.514787018e-01
8.277474976e+02;2.506527603e-01
8.279838867e+02;2.508925498e-01
8.282202759e+02;2.477219850e-01
8.284566650e+02;2.485212833e-01
8.286931152e+02;2.512122691e-01
8.289295044e+02;2.483347803e-01
8.291659546e+02;2.456970811e-01
8.294024048e+02;2.505461872e-01
8.296388550e+02;2.489742339e-01
8.298753662e+02;2.483081371e-01
8.301118164e+02;2.520648539e-01
8.303483276e+02;2.477486283e-01
8.305848389e+02;2.432991713e-01
8.308213501e+02;2.446313500e-01
8.310578613e+02;2.438320369e-01
8.312943726e+02;2.489475906e-01
8.315309448e+02;2.444981188e-01
8.317674561e+02;2.426330894e-01
8.320040283e+02;2.406881154e-01
8.322406006e+02;2.430593818e-01
8.324771729e+02;2.419669926e-01
8.327138062e+02;2.403950393e-01
8.329503784e+02;2.386898547e-01
8.331870117e+02;2.404483259e-01
8.334235840e+02;2.409811914e-01
8.336602173e+02;2.426597327e-01
8.338968506e+02;2.424199432e-01
8.341335449e+02;2.397555858e-01
8.343701782e+02;2.369580269e-01
8.346068726e+02;2.375441790e-01
8.348435059e+02;2.401019484e-01
8.350802002e+02;2.388230711e-01
8.353168945e+02;2.378638983e-01
8.355535889e+02;2.325884998e-01
8.357903442e+02;2.377573252e-01
8.360270386e+02;2.312829643e-01
8.362637939e+02;2.314961255e-01
8.365005493e+02;2.329615057e-01
8.367373047e+02;2.366116643e-01
8.369740601e+02;2.338940352e-01
8.372108765e+02;2.307234555e-01
8.374476318e+02;2.372777462e-01
8.376844482e+02;2.345601171e-01
8.379212646e+02;2.358922958e-01
8.381580200e+02;2.322687805e-01
8.383948975e+02;2.289116979e-01
8.386317139e+02;2.297909409e-01
8.388685303e+02;2.320023477e-01
8.391054077e+02;2.307500988e-01
8.393422852e+02;2.311763912e-01
8.395791626e+02;2.310698181e-01
8.398160400e+02;2.310165316e-01
8.400529175e+02;2.258477062e-01
8.402898560e+02;2.270466685e-01
8.405267334e+02;2.293912917e-01
8.407636719e+02;2.229169309e-01
8.410006104e+02;2.239027321e-01
8.412375488e+02;2.266203612e-01
8.414744873e+02;2.228636444e-01
8.417114868e+02;2.266470045e-01
8.419484253e+02;2.221709043e-01
8.421854248e+02;2.231034338e-01
8.424224243e+02;2.265670747e-01
8.426594238e+02;2.252082676e-01
8.428964233e+02;2.238228023e-01
8.431334839e+02;2.273397446e-01
8.433704834e+02;2.192401290e-01
8.436075439e+02;2.265404314e-01
8.438446045e+02;2.262739986e-01
8.440816650e+02;2.215847522e-01
8.443187256e+02;2.186273336e-01
8.445557861e+02;2.208920270e-01
8.447929077e+02;2.161228508e-01
8.450299683e+02;2.198262811e-01
8.452670898e+02;2.194532752e-01
8.455042114e+02;2.159363329e-01
8.457413330e+02;2.191335559e-01
8.459785156e+02;2.205190212e-01
8.462156372e+02;2.194266319e-01
8.464528198e+02;2.118066102e-01
8.466899414e+02;2.139114439e-01
8.469271240e+02;2.169754356e-01
8.471643677e+02;2.174283713e-01
8.474015503e+02;2.155633271e-01
8.476387329e+02;2.144709527e-01
8.478759766e+02;2.151103914e-01
8.481132202e+02;2.174816579e-01
8.483504639e+02;2.147107422e-01
8.485877075e+02;2.104211450e-01
8.488249512e+02;2.151103914e-01
8.490621948e+02;2.128989846e-01
8.492994995e+02;2.087692469e-01
8.495368042e+02;2.097284198e-01
8.497740479e+02;2.111671567e-01
8.500113525e+02;2.103145719e-01
8.502487183e+02;2.115668058e-01
8.504860229e+02;2.078367323e-01
8.507233887e+02;2.058118284e-01
8.509606934e+02;2.048260123e-01
8.511980591e+02;2.111405134e-01
8.514354248e+02;2.071173489e-01
8.516727905e+02;2.040800005e-01
8.519102173e+02;2.013357282e-01
8.521475830e+02;2.060782611e-01
8.523850098e+02;2.057318985e-01
8.526224365e+02;2.004298419e-01
8.528598633e+02;2.049325854e-01
8.530972900e+02;2.019485235e-01
8.533347168e+02;2.010959387e-01
8.535721436e+02;2.034938484e-01
8.538096313e+02;1.995506138e-01
8.540471191e+02;2.047993690e-01
8.542846069e+02;1.999502629e-01
8.545220947e+02;1.994706839e-01
8.547595825e+02;1.984848827e-01
8.549971313e+02;1.987246722e-01
8.552346191e+02;1.973125637e-01
8.554721680e+02;2.049858719e-01
8.557097168e+02;1.940887123e-01
8.559472656e+02;1.943817884e-01
8.561848145e+02;1.942219287e-01
8.564224243e+02;1.958471686e-01
8.566599731e+02;1.912644953e-01
8.568975830e+02;1.959270984e-01
8.571351929e+02;1.913710684e-01
8.573728027e+02;1.952876598e-01
8.576104126e+02;1.937689781e-01
8.578480225e+02;1.927298903e-01
8.580856934e+02;1.902520508e-01
8.583233032e+02;1.878807843e-01
8.585609741e+02;1.913177818e-01
8.587986450e+02;1.909714192e-01
8.590363159e+02;1.887333691e-01
8.592740479e+02;1.892395914e-01
8.595117188e+02;1.875077784e-01
8.597494507e+02;1.885735095e-01
8.599871826e+02;1.865486056e-01
8.602249146e+02;1.879074275e-01
8.604626465e+02;1.852430701e-01
8.607003784e+02;1.800209582e-01
8.609381714e+02;1.780226976e-01
8.611759033e+02;1.855361611e-01
8.614136963e+02;1.854828745e-01
8.616514893e+02;1.857493073e-01
8.618892822e+02;1.809268445e-01
8.621270752e+02;1.854295880e-01
8.623649292e+02;1.855361611e-01
8.626027222e+02;1.811133474e-01
8.628405762e+02;1.771168262e-01
8.630784302e+02;1.810867041e-01
8.633162842e+02;1.795413792e-01
8.635541382e+02;1.820192188e-01
8.637919922e+02;1.760777235e-01
8.640299072e+02;1.769036800e-01
8.642678223e+02;1.795413792e-01
8.645057373e+02;1.811399907e-01
8.647436523e+02;1.764507294e-01
8.649815674e+02;1.812998503e-01
8.652194824e+02;1.798078120e-01
8.654574585e+02;1.758912206e-01
8.656953735e+02;1.719479859e-01
8.659333496e+02;1.752517819e-01
8.661713257e+02;1.781292707e-01
8.664093018e+02;1.765573174e-01
8.666472778e+02;1.754649282e-01
8.668853149e+02;1.757580042e-01
8.671233521e+02;1.726940125e-01
8.673613281e+02;1.737863868e-01
8.675993652e+02;1.769036800e-01
8.678374023e+02;1.714950502e-01
8.680755005e+02;1.721078455e-01
8.683135376e+02;1.691237837e-01
8.685516357e+02;1.686708480e-01
8.687896729e+02;1.689106375e-01
8.690277710e+02;1.707490385e-01
8.692658691e+02;1.708289683e-01
8.695040283e+02;1.677916199e-01
8.697421265e+02;1.673386693e-01
8.699802856e+02;1.685376316e-01
8.702183838e+02;1.718147695e-01
8.704565430e+02;1.680846959e-01
8.706947021e+02;1.647808999e-01
8.709328613e+02;1.632888615e-01
8.711710815e+02;1.646476835e-01
8.714092407e+02;1.632355750e-01
8.716474609e+02;1.636885256e-01
8.718856812e+02;1.662462950e-01
8.721239014e+02;1.635819525e-01
8.723621216e+02;1.592923552e-01
8.726003418e+02;1.615836918e-01
8.728386230e+02;1.570543051e-01
8.730768433e+02;1.588394046e-01
8.733151245e+02;1.562816352e-01
8.735534058e+02;1.596653610e-01
8.737916870e+02;1.597186476e-01
8.740299683e+02;1.563882083e-01
8.742683105e+02;1.572408080e-01
8.745066528e+02;1.576138139e-01
8.747449341e+02;1.551626176e-01
8.749832764e+02;1.563615650e-01
8.752216187e+02;1.557221264e-01
8.754600220e+02;1.556954831e-01
8.756983643e+02;1.531377137e-01
8.759367065e+02;1.546297520e-01
8.761751099e+02;1.528712809e-01
8.764135132e+02;1.494609118e-01
8.766519165e+02;1.517788917e-01
8.768903198e+02;1.484484673e-01
8.771287842e+02;1.511927396e-01
8.773671875e+02;1.495941281e-01
8.776056519e+02;1.514591724e-01
8.778441162e+02;1.450913846e-01
8.780825806e+02;1.484751105e-01
8.783210449e+02;1.472228616e-01
8.785595093e+02;1.459972709e-01
8.787980347e+02;1.487948298e-01
8.790364990e+02;1.449315250e-01
8.792750244e+02;1.466899961e-01
8.795135498e+02;1.462370604e-01
8.797520752e+02;1.457041800e-01
8.799906616e+02;1.460239142e-01
8.802291870e+02;1.424003989e-01
8.804677734e+02;1.466633528e-01
8.807062988e+02;1.438391507e-01
8.809448853e+02;1.449581683e-01
8.811834717e+02;1.423471123e-01
8.814221191e+02;1.425602585e-01
8.816607056e+02;1.425336152e-01
8.818993530e+02;1.418675333e-01
8.821379395e+02;1.390433162e-01
8.823765869e+02;1.416011006e-01
8.826152344e+02;1.369118392e-01
8.828539429e+02;1.433862001e-01
8.830925903e+02;1.396028399e-01
8.833312988e+02;1.392031759e-01
8.835699463e+02;1.388834566e-01
8.838086548e+02;1.403222084e-01
8.840473633e+02;1.380308717e-01
8.842860718e+02;1.439457238e-01
8.845248413e+02;1.345405728e-01
8.847635498e+02;1.382440180e-01
8.850023193e+02;1.413346529e-01
8.852410889e+02;1.360858977e-01
8.854798584e+02;1.353665292e-01
8.857186279e+02;1.398692727e-01
8.859573975e+02;1.350201666e-01
8.861961670e+02;1.373381466e-01
8.864349976e+02;1.302509755e-01
8.866738281e+02;1.329419762e-01
8.869126587e+02;1.294250339e-01
8.871514893e+02;1.299578995e-01
8.873903198e+02;1.274800599e-01
8.876292114e+02;1.299845427e-01
8.878680420e+02;1.307838559e-01
8.881069336e+02;1.309170723e-01
8.883458252e+02;1.317963004e-01
8.885847168e+02;1.297447532e-01
8.888236084e+02;1.300378293e-01
8.890625000e+02;1.279862821e-01
8.893014526e+02;1.331284791e-01
8.895404053e+02;1.285724491e-01
8.897793579e+02;1.288655251e-01
8.900183105e+02;1.283859462e-01
8.902572632e+02;1.255084425e-01
8.904962158e+02;1.251620799e-01
8.907352295e+02;1.258814484e-01
8.909741821e+02;1.253752261e-01
8.912131958e+02;1.250821501e-01
8.914522095e+02;1.274800599e-01
8.916912231e+02;1.243894175e-01
8.919302368e+02;1.253485829e-01
8.921693115e+02;1.242562011e-01
8.924083862e+02;1.255350858e-01
8.926473999e+02;1.200998276e-01
8.928864746e+02;1.240963414e-01
8.931255493e+02;1.230572462e-01
8.933646851e+02;1.212721393e-01
8.936037598e+02;1.228441000e-01
8.938428955e+02;1.179150641e-01
8.940819702e+02;1.232171059e-01
8.943211060e+02;1.246292144e-01
8.945602417e+02;1.184479296e-01
8.947994385e+02;1.248690039e-01
8.950385742e+02;1.212721393e-01
8.952777100e+02;1.203662604e-01
8.955169067e+02;1.167427450e-01
8.957561035e+02;1.148244217e-01
8.959953003e+02;1.174887642e-01
8.962344971e+02;1.185545027e-01
8.964737549e+02;1.181015670e-01
8.967129517e+02;1.163697392e-01
8.969522095e+02;1.154372171e-01
8.971914673e+02;1.103749648e-01
8.974307251e+02;1.136787534e-01
8.976699829e+02;1.155970767e-01
8.979092407e+02;1.171424016e-01
8.981484985e+02;1.161033064e-01
8.983878174e+02;1.130126640e-01
8.986271362e+02;1.154105738e-01
8.988664551e+02;1.151974276e-01
8.991057739e+02;1.151441410e-01
8.993450928e+02;1.115739197e-01
8.995844727e+02;1.136254668e-01
8.998237915e+02;1.094690859e-01
9.000631714e+02;1.095756590e-01
9.003025513e+02;1.097088754e-01
9.005419312e+02;1.105881110e-01
9.007813110e+02;1.111209765e-01
9.010206909e+02;1.117604226e-01
9.012601318e+02;1.088829264e-01
9.014995728e+02;1.108545437e-01
9.017390137e+02;1.078171879e-01
9.019784546e+02;1.110410467e-01
9.022178955e+02;1.080836281e-01
9.024573364e+02;1.090161428e-01
9.026968384e+02;1.105348244e-01
9.029362793e+02;1.092559397e-01
9.031757812e+02;1.093358696e-01
9.034152832e+02;1.080303416e-01
9.036547852e+02;1.098953784e-01
9.038943481e+02;1.105081812e-01
9.041338501e+02;1.047531962e-01
9.043734131e+02;1.065915897e-01
9.046129150e+02;1.018757001e-01
9.048524780e+02;1.044334695e-01
9.050920410e+02;1.033410877e-01
9.053316650e+02;1.029147953e-01
9.055712280e+02;1.061386541e-01
9.058108521e+02;1.008632481e-01
9.060504150e+02;1.018490568e-01
9.062900391e+02;1.029947251e-01
9.065296631e+02;1.009964645e-01
9.067693481e+02;1.047798395e-01
9.070089722e+02;9.993072599e-02
9.072486572e+02;1.033943743e-01
9.074882812e+02;9.998401254e-02
9.077279663e+02;1.060054377e-01
9.079676514e+02;9.947779030e-02
9.082073364e+02;1.037141010e-01
9.084470825e+02;1.009964645e-01
9.086867676e+02;9.873177111e-02
9.089265137e+02;9.854526818e-02
9.091662598e+02;9.731967002e-02
9.094060059e+02;9.779924899e-02
9.096457520e+02;9.694665670e-02
9.098854980e+02;9.516154975e-02
9.101252441e+02;9.846533835e-02
9.103650513e+02;9.809232503e-02
9.106048584e+02;9.526812285e-02
9.108446655e+02;9.537469596e-02
9.110844727e+02;9.692001343e-02
9.113242798e+02;9.601414204e-02
9.115641479e+02;9.715981036e-02
9.118039551e+02;9.390930831e-02
9.120438232e+02;9.779924899e-02
9.122836914e+02;9.228405356e-02
9.125235596e+02;9.676015377e-02
9.127634277e+02;9.713316709e-02
9.130032959e+02;9.739959985e-02
9.132432251e+02;9.446881711e-02
9.134831543e+02;9.686672688e-02
9.137230225e+02;9.382937849e-02
9.139629517e+02;9.452210367e-02
9.142029419e+02;8.754152060e-02
9.144428711e+02;9.406916797e-02
9.146828003e+02;8.919341117e-02
9.149227905e+02;9.111174196e-02
9.151627808e+02;9.406916797e-02
9.154027710e+02;9.212419391e-02
9.156427612e+02;8.738166094e-02
9.158827515e+02;8.983285725e-02
9.161228027e+02;8.906019479e-02
9.163627930e+02;9.537469596e-02
9.166028442e+02;8.778131008e-02
9.168428955e+02;9.257712960e-02
9.170829468e+02;9.148474783e-02
9.173229980e+02;9.095188230e-02
9.175631104e+02;9.164461493e-02
9.178031616e+02;8.762145042e-02
9.180432739e+02;8.836746961e-02
9.182833862e+02;8.850068599e-02
9.185234985e+02;8.775466681e-02
9.187636108e+02;8.700864762e-02
9.190037231e+02;8.258583397e-02
9.192438965e+02;8.394465595e-02
9.194840698e+02;8.314535022e-02
9.197241821e+02;8.285227418e-02
9.199643555e+02;8.482388407e-02
9.202045898e+02;8.167995512e-02
9.204447632e+02;8.375814557e-02
9.206849365e+02;8.612941951e-02
9.209251709e+02;8.287891746e-02
9.211654053e+02;8.133359253e-02
9.214056396e+02;8.327856660e-02
9.216458740e+02;8.429101855e-02
9.218861084e+02;8.303877711e-02
9.221264038e+02;8.375814557e-02
9.223666382e+02;8.724844456e-02
9.226069336e+02;8.144016564e-02
9.228472290e+02;8.285227418e-02
9.230875244e+02;8.285227418e-02
9.233278198e+02;7.661770284e-02
9.235681763e+02;8.237268776e-02
9.238084717e+02;7.779001445e-02
9.240488281e+02;8.037442714e-02
9.242891846e+02;7.739036530e-02
9.245295410e+02;7.928204536e-02
9.247698975e+02;7.651112974e-02
9.250102539e+02;7.896232605e-02
9.252506714e+02;7.605818659e-02
9.254910278e+02;8.162666857e-02
9.257314453e+02;7.741700858e-02
9.259718628e+02;7.739036530e-02
9.262122803e+02;7.821630687e-02
9.264527588e+02;7.952184230e-02
9.266931763e+02;7.632462680e-02
9.269336548e+02;7.784330100e-02
9.271741333e+02;7.512567192e-02
9.274146118e+02;7.571182400e-02
9.276550903e+02;7.437965274e-02
9.278955688e+02;7.539210469e-02
9.281360474e+02;7.483258843e-02
9.283765869e+02;7.331391424e-02
9.286171265e+02;7.392670959e-02
9.288576660e+02;7.536546141e-02
9.290982056e+02;7.587168366e-02
9.293387451e+02;7.363363355e-02
9.295792847e+02;7.315405458e-02
9.298198853e+02;7.533881813e-02
9.300604248e+02;7.339384407e-02
9.303010254e+02;7.419314981e-02
9.305416260e+02;7.416650653e-02
9.307822266e+02;7.416650653e-02
9.310228882e+02;7.288761437e-02
9.312634888e+02;7.232810557e-02
9.315041504e+02;7.088936120e-02
9.317448120e+02;6.937067956e-02
9.319854736e+02;6.899767369e-02
9.322261353e+02;7.208831608e-02
9.324667969e+02;7.038313150e-02
9.327075195e+02;7.099593431e-02
9.329481812e+02;6.958382577e-02
9.331889038e+02;6.894438714e-02
9.334296265e+02;6.686619669e-02
9.336703491e+02;6.681291014e-02
9.339110718e+02;6.582710147e-02
9.341518555e+02;6.795857847e-02
9.343925781e+02;6.907760352e-02
9.346333618e+02;6.473471969e-02
9.348741455e+02;6.665305048e-02
9.351149292e+02;6.588038802e-02
9.353557129e+02;6.649319082e-02
9.355964966e+02;6.705269963e-02
9.358373413e+02;6.787864864e-02
9.360781250e+02;6.726584584e-02
9.363189697e+02;6.577381492e-02
9.365598145e+02;6.374891102e-02
9.368006592e+02;6.489457935e-02
9.370415649e+02;6.393541396e-02
9.372824097e+02;6.524094194e-02
9.375233154e+02;6.374891102e-02
9.377642212e+02;6.454821676e-02
9.380051270e+02;6.212366000e-02
9.382460327e+02;6.374891102e-02
9.384869385e+02;6.039183587e-02
9.387278442e+02;6.446828693e-02
9.389688110e+02;6.244338304e-02
9.392097778e+02;6.073820218e-02
9.394507446e+02;6.057833880e-02
9.396917114e+02;6.143093109e-02
9.399326782e+02;6.201708689e-02
9.401736450e+02;5.993889645e-02
9.404146729e+02;6.044512242e-02
9.406556396e+02;5.852679536e-02
9.408966675e+02;6.033854932e-02
9.411376953e+02;6.159079075e-02
9.413787842e+02;5.935274065e-02
9.416198120e+02;5.767420307e-02
9.418608398e+02;5.655517802e-02
9.421019287e+02;6.020533293e-02
9.423430176e+02;5.650189146e-02
9.425841064e+02;5.961917713e-02
9.428251953e+02;5.423719808e-02
9.430662842e+02;5.572923273e-02
9.433074341e+02;5.714133382e-02
9.435485229e+02;5.644860491e-02
9.437896729e+02;5.724790692e-02
9.440308228e+02;5.703476071e-02
9.442719727e+02;5.796728283e-02
9.445131226e+02;5.644860491e-02
9.447543335e+02;5.711469054e-02
9.449954834e+02;5.503650010e-02
9.452366943e+02;5.546279624e-02
9.454779053e+02;5.482335389e-02
9.457191162e+02;5.397076160e-02
9.459603271e+02;5.375761539e-02
9.462015381e+02;4.997424409e-02
9.464428101e+02;5.413062498e-02
9.466840820e+02;5.266523361e-02
9.469252930e+02;5.258530378e-02
9.471665649e+02;5.069361627e-02
9.474078979e+02;4.906836897e-02
9.476491699e+02;4.960123450e-02
9.478904419e+02;5.005417392e-02
9.481317749e+02;5.143963546e-02
9.483731079e+02;5.266523361e-02
9.486144409e+02;5.194586143e-02
9.488557739e+02;5.255866051e-02
9.490971069e+02;5.255866051e-02
9.493384399e+02;5.061368644e-02
9.495798340e+02;5.026732385e-02
9.498212280e+02;4.845556617e-02
9.500626221e+02;5.125312880e-02
9.503040161e+02;4.645730928e-02
9.505454102e+02;4.976109788e-02
9.507868042e+02;4.507184774e-02
9.510282593e+02;4.720332474e-02
9.512697144e+02;4.565800354e-02
9.515111084e+02;4.914829880e-02
9.517525635e+02;4.730989784e-02
9.519940796e+02;4.656388238e-02
9.522355347e+02;4.584451020e-02
9.524769897e+02;4.334002361e-02
9.527185059e+02;4.565800354e-02
9.529600220e+02;4.808256030e-02
9.532015381e+02;4.576457664e-02
9.534430542e+02;4.720332474e-02
9.536845703e+02;4.738982767e-02
9.539261475e+02;4.653723910e-02
9.541676636e+02;4.467219487e-02
9.544092407e+02;4.856214300e-02
9.546508179e+02;4.656388238e-02
9.548923950e+02;4.464555159e-02
9.551339722e+02;4.208778217e-02
9.553756104e+02;4.397946596e-02
9.556171875e+02;4.286044091e-02
9.558588257e+02;4.270058125e-02
9.561004639e+02;4.240750149e-02
9.563421021e+02;4.214106873e-02
9.565837402e+02;4.174141586e-02
9.568253784e+02;4.091547057e-02
9.570670776e+02;4.088882729e-02
9.573087158e+02;3.937014937e-02
9.575504150e+02;4.110197350e-02
9.577921143e+02;3.945007920e-02
9.580338135e+02;4.075560719e-02
9.582755737e+02;4.115526006e-02
9.585172729e+02;3.987637535e-02
9.587590332e+02;4.216771200e-02
9.590007324e+02;4.198120907e-02
9.592424927e+02;4.088882729e-02
9.594843140e+02;3.862413019e-02
9.597260742e+02;4.043588787e-02
9.599678345e+02;3.726531565e-02
9.602096558e+02;3.745181859e-02
9.604514160e+02;3.707881272e-02
9.606932373e+02;3.947672248e-02
9.609350586e+02;3.753174841e-02
9.611769409e+02;3.595978767e-02
9.614187622e+02;3.854420036e-02
9.616605835e+02;3.867742047e-02
9.619024658e+02;3.779818490e-02
9.621443481e+02;3.553349152e-02
9.623862305e+02;3.851755708e-02
9.626281128e+02;3.460096940e-02
9.628699951e+02;3.801133111e-02
9.631119385e+02;3.755839542e-02
9.633538818e+02;3.846427053e-02
9.635957642e+02;3.598643094e-02
9.638377075e+02;3.790475801e-02
9.640796509e+02;3.883728012e-02
9.643216553e+02;3.316222131e-02
9.645635986e+02;3.510719538e-02
9.648056030e+02;3.430789337e-02
9.650475464e+02;3.236291930e-02
9.652895508e+02;3.524041176e-02
9.655315552e+02;3.470754251e-02
9.657735596e+02;3.372173756e-02
9.660156250e+02;3.084424324e-02
9.662576294e+02;3.190997988e-02
9.664996948e+02;3.161690384e-02
9.667417603e+02;3.393488377e-02
9.669838257e+02;3.318886831e-02
9.672258911e+02;3.265599906e-02
9.674679565e+02;3.334872797e-02
9.677100830e+02;3.518712521e-02
9.679522095e+02;3.281585872e-02
9.681942749e+02;3.436117992e-02
9.684364014e+02;3.417467326e-02
9.686785278e+02;3.484076262e-02
9.689207153e+02;2.999165095e-02
9.691628418e+02;3.382831067e-02
9.694050293e+02;2.948542684e-02
9.696471558e+02;2.927227877e-02
9.698893433e+02;3.214977309e-02
9.701315308e+02;2.980514802e-02
9.703737793e+02;3.023144230e-02
9.706159668e+02;2.764702775e-02
9.708582153e+02;3.095081635e-02
9.711004028e+02;2.719408832e-02
9.713426514e+02;2.708751522e-02
9.715848999e+02;3.028472885e-02
9.718271484e+02;2.943213843e-02
9.720694580e+02;3.116396442e-02
9.723117065e+02;3.148368374e-02
9.725540161e+02;3.097745962e-02
9.727963257e+02;3.081759810e-02
9.730386353e+02;2.988507785e-02
9.732809448e+02;3.060445189e-02
9.735232544e+02;2.772695757e-02
9.737655640e+02;2.996500768e-02
9.740079346e+02;2.988507785e-02
9.742503052e+02;2.719408832e-02
9.744926758e+02;2.724737488e-02
9.747350464e+02;2.684772387e-02
9.749774170e+02;2.847297490e-02
9.752197876e+02;2.905913070e-02
9.754622192e+02;2.695429698e-02
9.757046509e+02;2.820654027e-02
9.759470825e+02;2.833975665e-02
9.761895142e+02;2.956535667e-02
9.764319458e+02;2.844633162e-02
9.766743774e+02;2.714080177e-02
9.769168701e+02;2.812661044e-02
9.771593018e+02;2.788681909e-02
9.774017944e+02;2.985843457e-02
9.776442871e+02;2.738059312e-02
9.778867798e+02;2.679443732e-02
9.781292725e+02;2.735394984e-02
9.783718262e+02;2.919234708e-02
9.786143799e+02;2.447645552e-02
9.788568726e+02;2.615499310e-02
9.790994263e+02;2.330414392e-02
9.793419800e+02;2.540897764e-02
9.795845947e+02;2.583527192e-02
9.798271484e+02;2.508925647e-02
9.800697021e+02;2.559548058e-02
9.803123169e+02;2.269134484e-02
9.805549316e+02;2.397022955e-02
9.807975464e+02;2.381036989e-02
9.810401611e+02;2.551555075e-02
9.812828369e+02;2.431659587e-02
9.815254517e+02;2.604842000e-02
9.817681274e+02;2.551555075e-02
9.820108032e+02;2.543562092e-02
9.822534790e+02;2.671450563e-02
9.824961548e+02;2.567541227e-02
9.827388306e+02;2.527575940e-02
9.829815674e+02;2.663457580e-02
9.832242432e+02;2.519582957e-02
9.834669800e+02;2.133252844e-02
9.837097168e+02;2.375708334e-02
9.839524536e+02;2.261141315e-02
9.841951904e+02;2.170553617e-02
9.844379883e+02;2.122595347e-02
9.846807251e+02;2.226504870e-02
9.849235229e+02;2.058651112e-02
9.851663208e+02;2.359722182e-02
9.854091187e+02;2.008028515e-02
9.856519165e+02;2.191868424e-02
9.858947144e+02;2.106609382e-02
9.861375732e+02;2.261141315e-02
9.863804321e+02;2.431659587e-02
9.866232300e+02;2.119931020e-02
9.868660889e+02;2.234498039e-02
9.871089478e+02;2.394358627e-02
9.873518677e+02;1.978720725e-02
9.875947266e+02;2.514254302e-02
9.878376465e+02;2.282456122e-02
9.880805664e+02;2.042665146e-02
9.883234863e+02;2.109273709e-02
9.885664062e+02;2.087958902e-02
9.888093262e+02;2.087958902e-02
9.890522461e+02;1.957405917e-02
9.892952271e+02;1.930762455e-02
9.895382080e+02;2.061315440e-02
9.897811279e+02;2.010692842e-02
9.900241699e+02;1.949412934e-02
9.902671509e+02;2.237162367e-02
9.905101318e+02;1.957405917e-02
9.907531738e+02;2.162560634e-02
9.909961548e+02;1.880140044e-02
9.912391968e+02;1.816195622e-02
9.914822388e+02;2.205190063e-02
9.917252808e+02;1.861489564e-02
9.919683838e+02;2.210518904e-02
9.922114258e+02;2.101280726e-02
9.924545288e+02;1.946748607e-02
9.926975708e+02;1.904118992e-02
9.929406738e+02;2.077301592e-02
9.931837769e+02;1.960070431e-02
9.934269409e+02;1.893461682e-02
9.936700439e+02;1.738929562e-02
9.939132080e+02;1.720279269e-02
9.941563110e+02;1.834846102e-02
9.943994751e+02;1.762908697e-02
9.946426392e+02;1.976056397e-02
9.948858643e+02;1.898790337e-02
9.951290283e+02;1.962734759e-02
9.953721924e+02;1.768237539e-02
9.956154175e+02;1.890797354e-02
9.958586426e+02;2.154567651e-02
9.961018677e+02;1.845503412e-02
9.963450928e+02;1.848167740e-02
9.965883179e+02;2.002699859e-02
9.968316040e+02;1.680313982e-02
9.970748291e+02;1.666992344e-02
9.973181152e+02;1.712286100e-02
9.975614014e+02;1.800209656e-02
9.978046875e+02;1.816195622e-02
9.980480347e+02;1.722943597e-02
9.982913208e+02;1.757580042e-02
9.985346680e+02;1.624362729e-02
9.987779541e+02;1.944084279e-02
9.990213013e+02;1.664328016e-02
9.992646484e+02;1.557754166e-02
9.995079956e+02;1.698964462e-02
9.997514038e+02;1.443187241e-02
9.999947510e+02;1.573740132e-02
1.000238159e+03;1.840174757e-02
1.000481567e+03;1.744258404e-02
1.000724976e+03;1.741594076e-02
1.000968384e+03;1.893461682e-02
1.001211792e+03;1.728272252e-02
1.001455261e+03;1.693635806e-02
1.001698669e+03;1.706957445e-02
1.001942139e+03;1.587061957e-02
1.002185608e+03;1.400557719e-02
1.002429077e+03;1.413879450e-02
1.002672546e+03;1.669656672e-02
1.002916077e+03;1.301976945e-02
1.003159546e+03;1.504467241e-02
1.003403076e+03;1.619034074e-02
1.003646606e+03;1.520453300e-02
1.003890137e+03;1.360592525e-02
1.004133667e+03;1.613705419e-02
1.004377258e+03;1.448515989e-02
1.004620789e+03;1.690971479e-02
1.004864380e+03;1.584397629e-02
1.005107971e+03;1.579068974e-02
1.005351562e+03;1.501802914e-02
1.005595154e+03;1.616369747e-02
1.005838745e+03;1.581733301e-02
1.006082336e+03;1.552425418e-02
1.006325989e+03;1.464502048e-02
1.006569641e+03;1.328620408e-02
1.006813293e+03;1.296648290e-02
1.007056946e+03;1.336613484e-02
1.007300598e+03;1.256683096e-02
1.007544312e+03;1.072843187e-02
1.007787964e+03;1.277997810e-02
1.008031677e+03;1.400557719e-02
1.008275391e+03;1.168759633e-02
1.008519104e+03;1.371249929e-02
1.008762817e+03;1.277997810e-02
1.009006531e+03;1.413879450e-02
1.009250305e+03;1.413879450e-02
1.009494019e+03;1.552425418e-02
1.009737793e+03;1.277997810e-02
1.009981567e+03;1.568411477e-02
1.010225342e+03;1.525781956e-02
1.010469177e+03;1.291319542e-02
1.010712952e+03;1.429865509e-02
1.010956787e+03;1.024885010e-02
1.011200623e+03;1.195403095e-02
1.011444397e+03;1.022220682e-02
1.011688293e+03;1.067514531e-02
1.011932129e+03;1.214053575e-02
1.012175964e+03;1.139451843e-02
1.012419861e+03;1.325956080e-02
1.012663696e+03;1.222046558e-02
1.012907593e+03;1.230039634e-02
1.013151489e+03;1.126130112e-02
1.013395447e+03;1.312634349e-02
1.013639343e+03;1.315298676e-02
1.013883240e+03;1.083500590e-02
1.014127197e+03;1.214053575e-02
1.014371155e+03;1.270004828e-02
1.014615112e+03;1.107479725e-02
1.014859070e+03;1.235368289e-02
1.015103027e+03;1.349935122e-02
1.015347046e+03;1.373914257e-02
1.015591003e+03;1.083500590e-02
1.015835022e+03;1.080836263e-02
1.016079041e+03;1.088829245e-02
1.016323059e+03;1.174088381e-02
1.016567078e+03;8.756816387e-03
1.016811157e+03;1.118137129e-02
1.017055176e+03;1.086164918e-02
1.017299255e+03;1.136787515e-02
1.017543335e+03;9.289685637e-03
1.017787415e+03;1.118137129e-02
1.018031494e+03;9.689337574e-03
1.018275574e+03;1.176752709e-02
1.018519714e+03;1.174088381e-02
1.018763855e+03;5.746105686e-03
1.019007935e+03;2.841968671e-04
1.019252075e+03;1.962734619e-03
1.019496216e+03;1.776230420e-05
1.019740417e+03;6.305618444e-04
1.019984558e+03;-9.680456133e-04
1.020228760e+03;-1.420984336e-04
[EndOfFile]
