#Thorlabs FTS
[SpectrumHeader]
#Date;20251107
#Time;17513309
#GMTTime;20513309
#Instrument;0
#InstrModel;CCS200
#Series;0
#InterferometerSerial;M00311012
#Type;emission
#ChannelIndex;0
#XAxisUnit;nm_air
#YAxisUnit;intensity
#Average;1
#RollingAverage;0
#SpectrumSmooth;0
#SSmoothParam1;0
#SSmoothParam2;0
#SSmoothParam3;0
#SSmoothParam4;0
#IntegrationTime;0.145000
#TriggerMode;0
#AirMeasureOpt;0
#AirTemp;0.00
#AirPressure;0.00
#AirRelHum;0.00
#WnrMin;9799.037109
#WnrMax;50982.906250
#Length;3648
#Resolution;0.0000000000e+00
#ADC;0
#InstrStatus;0
#RefLaserLocked;0
#ChannelIndex;0
#AttenuationFilter;0
#Stitched;0
#ExcitationWavelength_nm;0
#SoftwareVersion;3.310000
#FirmwareVersion;
#Motor_FirmwareVersion;
#ReconstructionAlgorithms_SoftwareVersion;
#Sensor_FirmwareVersion;
#InstrSeriesIdentifier;MUN_CCS_SERIES
#RefGainIndex;0
#RefSignalInPerecent;0.0
#BBRefGainIndex;0
#BBRefSignalInPerecent;0.0
#AutogainStatus;0
#Name;
#Comment;""
#ExtComment;""
#Source;
[Data]
1.960870056e+02;8.653398254e-04
1.962940979e+02;1.211475697e-03
1.965012054e+02;3.368168836e-03
1.967083282e+02;4.832589999e-03
1.969154510e+02;3.820808139e-03
1.971225891e+02;3.474672092e-03
1.973297424e+02;4.619583488e-03
1.975368958e+02;1.477734186e-03
1.977440643e+02;4.220195580e-03
1.979512482e+02;4.885841627e-03
1.981584320e+02;3.820808139e-03
1.983656311e+02;2.782400232e-03
1.985728455e+02;3.208413720e-03
1.987800751e+02;-9.319044329e-05
1.989873047e+02;2.196631860e-03
1.991945496e+02;-1.025094884e-03
1.994018097e+02;3.860746801e-04
1.996090698e+02;-1.238101628e-03
1.998163452e+02;3.128536278e-03
2.000236359e+02;7.854622672e-04
2.002309418e+02;2.249883488e-03
2.004382477e+02;7.854622672e-04
2.006455688e+02;3.740930464e-03
2.008528900e+02;3.368168836e-03
2.010602417e+02;2.915529534e-03
2.012675934e+02;1.131598256e-03
2.014749451e+02;3.474672092e-03
2.016823273e+02;3.341543023e-03
2.018897095e+02;4.832589999e-03
2.020971069e+02;3.075284651e-03
2.023045044e+02;4.113692325e-03
2.025119171e+02;3.794182325e-03
2.027193451e+02;3.368168836e-03
2.029267883e+02;2.462890232e-03
2.031342316e+02;2.249883488e-03
2.033416901e+02;3.022032790e-03
2.035491638e+02;2.116754418e-03
2.037566376e+02;-3.993876089e-05
2.039641418e+02;1.530985814e-03
2.041716309e+02;6.656460027e-05
2.043791504e+02;-1.317979069e-03
2.045866699e+02;1.344604883e-03
2.047942047e+02;3.181787906e-03
2.050017548e+02;2.143380232e-03
2.052093048e+02;2.489516046e-03
2.054168701e+02;8.387139533e-04
2.056244507e+02;2.942155348e-03
2.058320312e+02;2.995406976e-03
2.060396423e+02;3.208413720e-03
2.062472534e+02;1.530985814e-03
2.064548645e+02;4.246821627e-03
2.066624908e+02;3.368168836e-03
2.068701324e+02;4.433202557e-03
2.070777893e+02;2.489516046e-03
2.072854462e+02;4.486454185e-03
2.074931335e+02;2.170006046e-03
2.077008057e+02;3.128536278e-03
2.079085083e+02;1.823870116e-03
2.081162109e+02;7.854622672e-04
2.083239288e+02;1.211475697e-03
2.085316467e+02;2.329760930e-03
2.087393951e+02;1.344604883e-03
2.089471436e+02;2.542767674e-03
2.091548920e+02;1.464421221e-04
2.093626709e+02;1.610863372e-03
2.095704498e+02;2.835652092e-03
2.097782440e+02;3.980563022e-03
2.099860382e+02;1.823870116e-03
2.101938629e+02;4.459828138e-03
2.104016724e+02;3.607801395e-03
2.106095123e+02;3.740930464e-03
2.108173523e+02;1.690740814e-03
2.110252075e+02;3.128536278e-03
2.112330780e+02;4.592957441e-03
2.114409637e+02;2.649271162e-03
2.116488495e+02;5.072222557e-03
2.118567505e+02;3.581175581e-03
2.120646515e+02;2.223257674e-03
2.122725677e+02;1.530985814e-03
2.124804993e+02;1.424482442e-03
2.126884460e+02;9.452173254e-04
2.128963928e+02;6.789589534e-04
2.131043549e+02;1.051720697e-03
2.133123322e+02;1.451108255e-03
2.135203094e+02;3.581175581e-03
2.137283173e+02;1.371230814e-03
2.139363098e+02;2.170006046e-03
2.141443329e+02;2.063502558e-03
2.143523560e+02;3.101910464e-03
2.145603943e+02;3.048658837e-03
2.147684479e+02;4.193569999e-03
2.149765015e+02;2.995406976e-03
2.151845703e+02;3.661053022e-03
2.153926544e+02;5.231977440e-03
2.156007538e+02;2.116754418e-03
2.158088531e+02;1.877121744e-03
2.160169678e+02;3.687678836e-03
2.162250824e+02;1.397856628e-03
2.164332123e+02;2.489516046e-03
2.166413574e+02;-3.993876089e-05
2.168495178e+02;1.743992558e-03
2.170576782e+02;-1.584237558e-03
2.172658691e+02;6.789589534e-04
2.174740448e+02;1.850495930e-03
2.176822510e+02;5.458297092e-04
2.178904572e+02;3.847433953e-03
2.180986786e+02;2.702522790e-03
2.183069000e+02;2.116754418e-03
2.185151520e+02;5.977501161e-03
2.187234039e+02;2.755774418e-03
2.189316559e+02;3.740930464e-03
2.191399384e+02;2.542767674e-03
2.193482208e+02;4.486454185e-03
2.195565186e+02;1.397856628e-03
2.197648163e+02;5.178725813e-03
2.199731293e+02;1.877121744e-03
2.201814575e+02;4.752712324e-03
2.203898010e+02;2.862277906e-03
2.205981445e+02;1.530985814e-03
2.208065033e+02;5.990813952e-04
2.210148773e+02;2.489516046e-03
2.212232513e+02;9.319044329e-05
2.214316406e+02;2.063502558e-03
2.216400452e+02;1.025094884e-03
2.218484650e+02;1.743992558e-03
2.220568848e+02;7.588364533e-04
2.222653198e+02;1.584237558e-03
2.224737549e+02;1.104972325e-03
2.226822205e+02;5.285229534e-03
2.228906860e+02;2.010250930e-03
2.230991516e+02;2.888903720e-03
2.233076477e+02;4.406576511e-03
2.235161438e+02;4.246821627e-03
2.237246552e+02;3.874059767e-03
2.239331665e+02;3.394794650e-03
2.241416931e+02;3.261665348e-03
2.243502350e+02;2.782400232e-03
2.245587921e+02;1.797244186e-03
2.247673492e+02;5.724555813e-04
2.249759216e+02;1.983625116e-03
2.251845093e+02;7.055847673e-04
2.253930969e+02;9.185915114e-04
2.256017151e+02;1.104972325e-03
2.258103180e+02;2.063502558e-03
2.260189514e+02;9.984690696e-04
2.262275848e+02;6.789589534e-04
2.264362335e+02;3.527923953e-03
2.266448975e+02;2.249883488e-03
2.268535614e+02;3.740930464e-03
2.270622406e+02;2.622645348e-03
2.272709351e+02;2.090128371e-03
2.274796295e+02;4.939093255e-03
2.276883392e+02;2.383012790e-03
2.278970642e+02;2.383012790e-03
2.281058044e+02;2.542767674e-03
2.283145447e+02;2.329760930e-03
2.285233002e+02;3.075284651e-03
2.287320557e+02;1.131598256e-03
2.289408417e+02;3.341543023e-03
2.291496277e+02;2.036876744e-03
2.293584137e+02;2.809026046e-03
2.295672302e+02;1.451108255e-03
2.297760468e+02;1.104972325e-03
2.299848785e+02;1.371230814e-03
2.301937103e+02;1.264727442e-03
2.304025726e+02;1.104972325e-03
2.306114197e+02;1.956999302e-03
2.308202972e+02;1.104972325e-03
2.310291748e+02;3.181787906e-03
2.312380676e+02;1.717366744e-03
2.314469757e+02;4.566331394e-03
2.316558990e+02;1.424482442e-03
2.318648224e+02;3.527923953e-03
2.320737610e+02;5.977501161e-03
2.322826996e+02;4.113692325e-03
2.324916534e+02;9.185915114e-04
2.327006226e+02;2.196631860e-03
2.329096069e+02;1.956999302e-03
2.331185913e+02;1.664115000e-03
2.333275909e+02;6.656460027e-05
2.335366058e+02;2.329760930e-03
2.337456207e+02;2.010250930e-03
2.339546661e+02;3.993876089e-05
2.341636963e+02;5.192038952e-04
2.343727570e+02;3.714304650e-03
2.345818176e+02;8.387139533e-04
2.347908936e+02;2.303135116e-03
2.349999847e+02;9.185915114e-04
2.352090759e+02;3.953937441e-03
2.354181824e+02;1.264727442e-03
2.356273041e+02;2.835652092e-03
2.358364258e+02;5.258603487e-03
2.360455627e+02;2.569393488e-03
2.362547150e+02;1.850495930e-03
2.364638824e+02;3.527923953e-03
2.366730499e+02;2.329760930e-03
2.368822327e+02;7.055847673e-04
2.370914154e+02;1.371230814e-03
2.373006287e+02;2.622645348e-03
2.375098419e+02;1.584237558e-03
2.377190552e+02;1.850495930e-03
2.379282990e+02;2.835652092e-03
2.381375427e+02;4.127005232e-04
2.383468018e+02;1.371230814e-03
2.385560608e+02;1.211475697e-03
2.387653503e+02;2.356386976e-03
2.389746246e+02;3.714304650e-03
2.391839294e+02;1.770618372e-03
2.393932343e+02;5.338481162e-03
2.396025543e+02;2.196631860e-03
2.398118896e+02;4.193569999e-03
2.400212402e+02;1.104972325e-03
2.402305908e+02;3.847433953e-03
2.404399414e+02;3.661053022e-03
2.406493225e+02;3.900685580e-03
2.408587036e+02;1.730679651e-04
2.410681000e+02;3.900685580e-03
2.412775116e+02;8.653398254e-04
2.414869232e+02;2.516141860e-03
2.416963501e+02;1.610863372e-03
2.419057922e+02;2.303135116e-03
2.421152344e+02;1.078346511e-03
2.423246918e+02;1.264727442e-03
2.425341644e+02;1.025094884e-03
2.427436371e+02;2.516141860e-03
2.429531403e+02;-2.795713372e-04
2.431626434e+02;2.915529534e-03
2.433721466e+02;3.607801395e-03
2.435816650e+02;3.581175581e-03
2.437911987e+02;3.927311394e-03
2.440007477e+02;3.421420464e-03
2.442103119e+02;3.847433953e-03
2.444198761e+02;3.421420464e-03
2.446294403e+02;2.409638604e-03
2.448390350e+02;4.433202557e-03
2.450486298e+02;2.835652092e-03
2.452582397e+02;3.634427208e-03
2.454678650e+02;1.344604883e-03
2.456774902e+02;4.033814650e-03
2.458871307e+02;6.257072673e-04
2.460967865e+02;1.877121744e-03
2.463064423e+02;5.990813952e-04
2.465161133e+02;3.794182325e-03
2.467257996e+02;2.356386976e-03
2.469354858e+02;2.622645348e-03
2.471451874e+02;1.371230814e-03
2.473549042e+02;1.770618372e-03
2.475646362e+02;2.063502558e-03
2.477743683e+02;2.356386976e-03
2.479841156e+02;3.128536278e-03
2.481938782e+02;4.007189069e-03
2.484036407e+02;1.557611628e-03
2.486134186e+02;2.968781162e-03
2.488232117e+02;1.930373372e-03
2.490330048e+02;2.223257674e-03
2.492428284e+02;2.649271162e-03
2.494526367e+02;4.659522092e-04
2.496624756e+02;6.523330812e-04
2.498723145e+02;6.789589534e-04
2.500821686e+02;9.185915114e-04
2.502920380e+02;1.983625116e-03
2.505019073e+02;-3.061971511e-04
2.507117920e+02;2.223257674e-03
2.509216919e+02;2.196631860e-03
2.511315918e+02;1.317979069e-03
2.513415222e+02;3.581175581e-03
2.515514374e+02;3.687678836e-03
2.517613831e+02;2.276509302e-03
2.519713287e+02;2.036876744e-03
2.521812897e+02;2.036876744e-03
2.523912659e+02;4.113692325e-03
2.526012421e+02;2.888903720e-03
2.528112335e+02;4.619583488e-03
2.530212402e+02;2.968781162e-03
2.532312469e+02;2.263196366e-04
2.534412689e+02;1.557611628e-03
2.536513062e+02;8.919656393e-04
2.538613586e+02;2.249883488e-03
2.540714111e+02;2.249883488e-03
2.542814789e+02;1.317979069e-03
2.544915466e+02;2.409638604e-03
2.547016449e+02;2.995406976e-03
2.549117432e+02;1.557611628e-03
2.551218567e+02;2.596019534e-03
2.553319702e+02;8.120881394e-04
2.555420990e+02;2.436264418e-03
2.557522430e+02;3.448046278e-03
2.559623871e+02;1.530985814e-03
2.561725464e+02;3.953937441e-03
2.563827209e+02;1.637489186e-03
2.565928955e+02;4.859216046e-03
2.568031006e+02;2.063502558e-03
2.570133057e+02;3.581175581e-03
2.572235107e+02;1.983625116e-03
2.574337463e+02;2.862277906e-03
2.576439819e+02;4.925780231e-04
2.578542480e+02;1.610863372e-03
2.580644836e+02;2.249883488e-03
2.582747498e+02;2.276509302e-03
2.584850464e+02;-4.659522092e-04
2.586953430e+02;3.101910464e-03
2.589056396e+02;1.770618372e-03
2.591159363e+02;4.326698836e-03
2.593262634e+02;3.181787906e-03
2.595365906e+02;2.995406976e-03
2.597469482e+02;3.155162092e-03
2.599573059e+02;4.805964418e-03
2.601676636e+02;9.984690696e-04
2.603780212e+02;4.007189069e-03
2.605884094e+02;2.942155348e-03
2.607988281e+02;8.919656393e-04
2.610092163e+02;2.702522790e-03
2.612196350e+02;2.729148604e-03
2.614300842e+02;2.835652092e-03
2.616405029e+02;3.075284651e-03
2.618509521e+02;1.823870116e-03
2.620614319e+02;2.063502558e-03
2.622718811e+02;1.291353256e-03
2.624823608e+02;2.649271162e-03
2.626928711e+02;-2.529454941e-04
2.629033508e+02;1.184849883e-03
2.631138916e+02;2.249883488e-03
2.633244019e+02;1.770618372e-03
2.635349426e+02;-5.990813952e-04
2.637454834e+02;3.900685580e-03
2.639560242e+02;3.075284651e-03
2.641665955e+02;2.915529534e-03
2.643771973e+02;4.007189069e-03
2.645877686e+02;3.075284651e-03
2.647983704e+02;4.992344882e-03
2.650089722e+02;2.782400232e-03
2.652196045e+02;2.649271162e-03
2.654302368e+02;1.504360000e-03
2.656408691e+02;-3.594488371e-04
2.658515320e+02;1.317979069e-03
2.660621948e+02;8.653398254e-04
2.662728577e+02;1.317979069e-03
2.664835510e+02;1.158224070e-03
2.666942444e+02;2.116754418e-03
2.669049377e+02;2.542767674e-03
2.671156616e+02;2.303135116e-03
2.673263855e+02;3.075284651e-03
2.675371094e+02;4.193569999e-03
2.677478638e+02;3.235039534e-03
2.679586182e+02;6.456766278e-03
2.681694031e+02;4.326698836e-03
2.683801575e+02;3.448046278e-03
2.685909729e+02;3.314917209e-03
2.688017578e+02;3.740930464e-03
2.690125732e+02;2.063502558e-03
2.692233887e+02;3.048658837e-03
2.694342346e+02;2.249883488e-03
2.696450806e+02;3.874059767e-03
2.698559265e+02;9.452173254e-04
2.700667725e+02;1.557611628e-03
2.702776489e+02;1.131598256e-03
2.704885559e+02;-3.061971511e-04
2.706994324e+02;5.192038952e-04
2.709103394e+02;1.530985814e-03
2.711212769e+02;1.850495930e-03
2.713321838e+02;3.075284651e-03
2.715431213e+02;4.220195580e-03
2.717540894e+02;4.140318371e-03
2.719650269e+02;1.477734186e-03
2.721760254e+02;4.007189069e-03
2.723869934e+02;2.995406976e-03
2.725979919e+02;3.900685580e-03
2.728089905e+02;3.075284651e-03
2.730199890e+02;3.794182325e-03
2.732310181e+02;6.523330812e-04
2.734420471e+02;2.596019534e-03
2.736531067e+02;2.489516046e-03
2.738641663e+02;1.637489186e-03
2.740752258e+02;-4.127005232e-04
2.742862854e+02;2.569393488e-03
2.744973755e+02;4.166943952e-03
2.747084961e+02;2.010250930e-03
2.749195862e+02;1.317979069e-03
2.751307068e+02;3.101910464e-03
2.753418274e+02;1.078346511e-03
2.755529785e+02;1.850495930e-03
2.757641296e+02;2.010250930e-03
2.759752808e+02;1.770618372e-03
2.761864624e+02;2.782400232e-03
2.763976440e+02;4.859216046e-03
2.766088562e+02;2.995406976e-03
2.768200378e+02;3.953937441e-03
2.770312500e+02;1.850495930e-03
2.772424927e+02;5.551487673e-03
2.774537354e+02;2.755774418e-03
2.776649780e+02;2.409638604e-03
2.778762207e+02;9.185915114e-04
2.780874939e+02;1.051720697e-03
2.782987671e+02;3.328229941e-04
2.785100708e+02;9.984690696e-04
2.787213745e+02;1.397856628e-03
2.789326782e+02;4.140318371e-03
2.791439819e+02;1.451108255e-03
2.793553162e+02;3.075284651e-03
2.795666504e+02;2.915529534e-03
2.797780151e+02;1.823870116e-03
2.799893799e+02;2.489516046e-03
2.802007446e+02;4.912467673e-03
2.804121399e+02;3.740930464e-03
2.806235352e+02;3.607801395e-03
2.808349304e+02;2.755774418e-03
2.810463562e+02;4.726086743e-03
2.812577820e+02;8.120881394e-04
2.814692078e+02;2.462890232e-03
2.816806641e+02;1.730679651e-04
2.818921204e+02;3.075284651e-03
2.821036072e+02;1.317979069e-03
2.823150635e+02;2.263196366e-04
2.825265808e+02;-6.656460027e-05
2.827380676e+02;2.755774418e-03
2.829495850e+02;2.010250930e-03
2.831611023e+02;1.344604883e-03
2.833726501e+02;1.198162790e-04
2.835841675e+02;1.184849883e-03
2.837957458e+02;8.387139533e-04
2.840072937e+02;2.995406976e-03
2.842188721e+02;1.504360000e-03
2.844304504e+02;3.847433953e-03
2.846420593e+02;1.424482442e-03
2.848536682e+02;3.634427208e-03
2.850652771e+02;3.714304650e-03
2.852769165e+02;2.915529534e-03
2.854885559e+02;3.607801395e-03
2.857001953e+02;2.090128371e-03
2.859118652e+02;1.983625116e-03
2.861235352e+02;1.664115000e-03
2.863352051e+02;-4.925780231e-04
2.865469055e+02;3.288291395e-03
2.867586060e+02;1.823870116e-03
2.869703064e+02;2.409638604e-03
2.871820374e+02;1.104972325e-03
2.873937683e+02;2.276509302e-03
2.876055298e+02;1.770618372e-03
2.878172913e+02;1.317979069e-03
2.880290527e+02;1.637489186e-03
2.882408142e+02;4.566331394e-03
2.884526062e+02;2.995406976e-03
2.886643982e+02;3.874059767e-03
2.888762207e+02;3.527923953e-03
2.890880432e+02;3.421420464e-03
2.892998657e+02;2.596019534e-03
2.895116882e+02;1.903747558e-03
2.897235413e+02;8.120881394e-04
2.899354248e+02;2.303135116e-03
2.901472778e+02;1.610863372e-03
2.903591614e+02;2.223257674e-03
2.905710754e+02;1.903747558e-03
2.907829590e+02;8.653398254e-04
2.909948730e+02;2.356386976e-03
2.912068176e+02;3.607801395e-03
2.914187317e+02;-5.990813952e-04
2.916306763e+02;1.770618372e-03
2.918426514e+02;3.687678836e-03
2.920546265e+02;2.036876744e-03
2.922666016e+02;1.557611628e-03
2.924785767e+02;3.687678836e-03
2.926905823e+02;4.087066278e-03
2.929025879e+02;4.113692325e-03
2.931146240e+02;4.912467673e-03
2.933266296e+02;7.588364533e-04
2.935386963e+02;9.185915114e-04
2.937507324e+02;2.170006046e-03
2.939627991e+02;1.025094884e-03
2.941748657e+02;2.729148604e-03
2.943869629e+02;2.795713372e-04
2.945990601e+02;9.185915114e-04
2.948111572e+02;9.718431975e-04
2.950232849e+02;3.421420464e-03
2.952354126e+02;1.477734186e-03
2.954475403e+02;3.740930464e-03
2.956596680e+02;3.128536278e-03
2.958718262e+02;3.341543023e-03
2.960840149e+02;4.925780231e-04
2.962962036e+02;3.261665348e-03
2.965083923e+02;1.451108255e-03
2.967205811e+02;4.060440697e-03
2.969328003e+02;3.687678836e-03
2.971450195e+02;2.542767674e-03
2.973572388e+02;8.387139533e-04
2.975694885e+02;4.566331394e-03
2.977817383e+02;1.877121744e-03
2.979940186e+02;3.394794650e-03
2.982062683e+02;1.930373372e-03
2.984185791e+02;1.238101628e-03
2.986308594e+02;-9.319044329e-05
2.988431702e+02;3.181787906e-03
2.990554810e+02;-2.529454941e-04
2.992678223e+02;1.557611628e-03
2.994801636e+02;2.569393488e-03
2.996925049e+02;3.288291395e-03
2.999048462e+02;1.903747558e-03
3.001172180e+02;3.527923953e-03
3.003296204e+02;1.823870116e-03
3.005419922e+02;2.063502558e-03
3.007543945e+02;4.672835115e-03
3.009668274e+02;4.433202557e-03
3.011792297e+02;3.687678836e-03
3.013916626e+02;3.341543023e-03
3.016041260e+02;4.859216046e-03
3.018165588e+02;2.383012790e-03
3.020290222e+02;-9.319044329e-05
3.022415161e+02;7.854622672e-04
3.024539795e+02;3.075284651e-03
3.026665039e+02;1.051720697e-03
3.028789978e+02;1.743992558e-03
3.030915222e+02;2.675896976e-03
3.033040466e+02;1.504360000e-03
3.035165710e+02;1.956999302e-03
3.037291260e+02;2.755774418e-03
3.039416809e+02;2.303135116e-03
3.041542664e+02;1.291353256e-03
3.043668518e+02;3.075284651e-03
3.045794373e+02;3.155162092e-03
3.047920532e+02;4.140318371e-03
3.050046387e+02;2.596019534e-03
3.052172852e+02;3.874059767e-03
3.054299011e+02;1.930373372e-03
3.056425476e+02;4.539705813e-03
3.058552246e+02;1.770618372e-03
3.060678711e+02;4.353324883e-03
3.062805481e+02;1.025094884e-03
3.064932556e+02;1.104972325e-03
3.067059326e+02;-5.458297092e-04
3.069186401e+02;3.714304650e-03
3.071313782e+02;2.010250930e-03
3.073440857e+02;-1.464421221e-04
3.075568237e+02;2.995406976e-03
3.077695923e+02;2.729148604e-03
3.079823608e+02;2.356386976e-03
3.081951294e+02;2.223257674e-03
3.084078979e+02;4.193569999e-03
3.086206970e+02;6.323636975e-03
3.088334961e+02;2.888903720e-03
3.090463257e+02;3.874059767e-03
3.092591248e+02;3.900685580e-03
3.094719849e+02;2.968781162e-03
3.096848145e+02;3.687678836e-03
3.098976746e+02;4.353324883e-03
3.101105347e+02;3.314917209e-03
3.103234253e+02;9.984690696e-04
3.105363159e+02;2.702522790e-03
3.107492065e+02;1.104972325e-03
3.109621277e+02;1.690740814e-03
3.111750183e+02;2.862277906e-03
3.113879700e+02;2.835652092e-03
3.116008911e+02;3.181787906e-03
3.118138428e+02;1.557611628e-03
3.120268250e+02;2.116754418e-03
3.122397766e+02;-1.730679651e-04
3.124527588e+02;5.125474185e-03
3.126657715e+02;3.474672092e-03
3.128787842e+02;4.007189069e-03
3.130917969e+02;3.794182325e-03
3.133048096e+02;3.448046278e-03
3.135178528e+02;2.143380232e-03
3.137308960e+02;2.915529534e-03
3.139439392e+02;1.451108255e-03
3.141570129e+02;2.835652092e-03
3.143700867e+02;1.331292060e-05
3.145831909e+02;1.291353256e-03
3.147962952e+02;3.860746801e-04
3.150093994e+02;2.303135116e-03
3.152225037e+02;6.523330812e-04
3.154356384e+02;2.249883488e-03
3.156487732e+02;8.120881394e-04
3.158619385e+02;2.622645348e-03
3.160751038e+02;3.687678836e-03
3.162882690e+02;2.516141860e-03
3.165014648e+02;3.061971511e-04
3.167146606e+02;1.690740814e-03
3.169278564e+02;1.956999302e-03
3.171410828e+02;2.196631860e-03
3.173543091e+02;3.181787906e-03
3.175675354e+02;3.820808139e-03
3.177807922e+02;2.942155348e-03
3.179940491e+02;2.915529534e-03
3.182073059e+02;1.464421221e-04
3.184205933e+02;2.249883488e-03
3.186338806e+02;1.211475697e-03
3.188471680e+02;2.276509302e-03
3.190604858e+02;-2.263196366e-04
3.192738037e+02;2.383012790e-03
3.194871521e+02;7.588364533e-04
3.197004700e+02;4.393263662e-04
3.199138184e+02;1.451108255e-03
3.201271973e+02;3.022032790e-03
3.203405762e+02;2.276509302e-03
3.205539551e+02;3.288291395e-03
3.207673340e+02;8.387139533e-04
3.209807434e+02;4.087066278e-03
3.211941833e+02;3.128536278e-03
3.214075928e+02;5.524862092e-03
3.216210327e+02;2.196631860e-03
3.218344727e+02;2.862277906e-03
3.220479431e+02;3.368168836e-03
3.222614136e+02;1.158224070e-03
3.224748840e+02;-3.993876089e-05
3.226883850e+02;1.264727442e-03
3.229018860e+02;2.090128371e-03
3.231153870e+02;1.477734186e-03
3.233289185e+02;9.984690696e-04
3.235424500e+02;1.956999302e-03
3.237559814e+02;-5.192038952e-04
3.239695435e+02;9.319044329e-05
3.241831055e+02;3.288291395e-03
3.243966675e+02;2.888903720e-03
3.246102600e+02;1.025094884e-03
3.248238525e+02;2.835652092e-03
3.250374451e+02;2.675896976e-03
3.252510681e+02;2.462890232e-03
3.254646912e+02;2.622645348e-03
3.256783447e+02;4.779338371e-03
3.258919983e+02;1.637489186e-03
3.261056519e+02;4.859216046e-03
3.263193054e+02;1.104972325e-03
3.265329895e+02;2.942155348e-03
3.267466736e+02;7.588364533e-04
3.269603882e+02;3.448046278e-03
3.271741028e+02;1.584237558e-03
3.273878174e+02;8.387139533e-04
3.276015625e+02;-7.055847673e-04
3.278152771e+02;-1.198162790e-04
3.280290527e+02;7.588364533e-04
3.282427979e+02;2.782400232e-03
3.284565735e+02;3.075284651e-03
3.286703796e+02;3.155162092e-03
3.288841553e+02;2.036876744e-03
3.290979614e+02;1.903747558e-03
3.293117981e+02;2.835652092e-03
3.295256042e+02;4.726086743e-03
3.297394409e+02;5.391732790e-03
3.299533081e+02;2.755774418e-03
3.301671448e+02;3.474672092e-03
3.303810425e+02;2.542767674e-03
3.305949097e+02;3.900685580e-03
3.308088074e+02;2.529454941e-04
3.310227051e+02;1.371230814e-03
3.312366028e+02;1.610863372e-03
3.314505310e+02;3.527923953e-03
3.316644592e+02;1.451108255e-03
3.318784180e+02;1.211475697e-03
3.320923767e+02;1.344604883e-03
3.323063354e+02;-3.993876089e-05
3.325202942e+02;3.288291395e-03
3.327342834e+02;2.995406976e-03
3.329482727e+02;3.874059767e-03
3.331622925e+02;9.984690696e-04
3.333763123e+02;3.501297906e-03
3.335903320e+02;4.699460696e-03
3.338043823e+02;4.859216046e-03
3.340184326e+02;2.036876744e-03
3.342324829e+02;2.729148604e-03
3.344465332e+02;2.675896976e-03
3.346606140e+02;3.634427208e-03
3.348747253e+02;7.055847673e-04
3.350888062e+02;6.257072673e-04
3.353029175e+02;1.051720697e-03
3.355170593e+02;2.036876744e-03
3.357311707e+02;1.184849883e-03
3.359453125e+02;3.860746801e-04
3.361594849e+02;5.990813952e-04
3.363736572e+02;4.166943952e-03
3.365878296e+02;1.317979069e-03
3.368020020e+02;3.554549767e-03
3.370162048e+02;3.634427208e-03
3.372304077e+02;4.326698836e-03
3.374446106e+02;3.421420464e-03
3.376588440e+02;4.060440697e-03
3.378730774e+02;1.690740814e-03
3.380873413e+02;5.684616975e-03
3.383016052e+02;2.063502558e-03
3.385158691e+02;2.968781162e-03
3.387301331e+02;1.930373372e-03
3.389444275e+02;9.984690696e-04
3.391587524e+02;-4.925780231e-04
3.393730469e+02;2.862277906e-03
3.395873718e+02;9.984690696e-04
3.398016968e+02;4.393263662e-04
3.400160522e+02;5.458297092e-04
3.402304077e+02;2.995406976e-03
3.404447632e+02;3.860746801e-04
3.406591492e+02;1.264727442e-03
3.408735352e+02;1.530985814e-03
3.410879211e+02;3.474672092e-03
3.413023376e+02;1.344604883e-03
3.415167542e+02;3.394794650e-03
3.417311707e+02;3.288291395e-03
3.419456177e+02;2.383012790e-03
3.421600647e+02;4.113692325e-03
3.423745117e+02;3.421420464e-03
3.425889893e+02;8.387139533e-04
3.428034668e+02;1.104972325e-03
3.430179443e+02;2.729148604e-03
3.432324524e+02;7.854622672e-04
3.434469604e+02;3.208413720e-03
3.436614990e+02;4.127005232e-04
3.438760376e+02;3.288291395e-03
3.440905762e+02;1.690740814e-03
3.443051147e+02;7.055847673e-04
3.445196838e+02;1.743992558e-03
3.447342529e+02;3.474672092e-03
3.449488525e+02;1.930373372e-03
3.451634521e+02;1.770618372e-03
3.453780518e+02;3.261665348e-03
3.455926514e+02;1.078346511e-03
3.458072815e+02;2.702522790e-03
3.460219116e+02;2.063502558e-03
3.462365723e+02;3.368168836e-03
3.464512329e+02;2.649271162e-03
3.466658936e+02;4.486454185e-03
3.468805847e+02;1.637489186e-03
3.470952759e+02;2.356386976e-03
3.473099670e+02;1.317979069e-03
3.475246887e+02;1.610863372e-03
3.477394104e+02;1.464421221e-04
3.479541321e+02;1.344604883e-03
3.481688843e+02;1.877121744e-03
3.483836365e+02;2.995406976e-03
3.485983887e+02;6.257072673e-04
3.488131714e+02;3.874059767e-03
3.490279541e+02;8.387139533e-04
3.492427673e+02;1.797244186e-03
3.494575500e+02;2.675896976e-03
3.496723633e+02;4.273447208e-03
3.498872070e+02;1.291353256e-03
3.501020508e+02;3.341543023e-03
3.503168945e+02;3.527923953e-03
3.505317383e+02;4.939093255e-03
3.507466125e+02;3.767556511e-03
3.509614868e+02;1.850495930e-03
3.511763916e+02;1.025094884e-03
3.513912964e+02;1.451108255e-03
3.516062012e+02;9.984690696e-04
3.518211060e+02;1.317979069e-03
3.520360413e+02;3.075284651e-03
3.522509766e+02;1.424482442e-03
3.524659424e+02;4.925780231e-04
3.526809082e+02;2.516141860e-03
3.528958740e+02;8.653398254e-04
3.531108704e+02;4.087066278e-03
3.533258667e+02;2.170006046e-03
3.535408630e+02;3.740930464e-03
3.537558899e+02;2.036876744e-03
3.539709167e+02;3.341543023e-03
3.541859436e+02;3.527923953e-03
3.544010010e+02;4.885841627e-03
3.546160583e+02;2.516141860e-03
3.548311157e+02;3.634427208e-03
3.550462036e+02;3.208413720e-03
3.552612915e+02;3.261665348e-03
3.554763794e+02;2.383012790e-03
3.556914978e+02;3.501297906e-03
3.559066162e+02;1.504360000e-03
3.561217651e+02;1.956999302e-03
3.563368835e+02;-1.238101628e-03
3.565520325e+02;3.953937441e-03
3.567672119e+02;-2.529454941e-04
3.569823914e+02;3.634427208e-03
3.571975708e+02;1.610863372e-03
3.574127502e+02;3.740930464e-03
3.576279602e+02;3.607801395e-03
3.578431702e+02;2.702522790e-03
3.580584106e+02;3.155162092e-03
3.582736511e+02;2.063502558e-03
3.584888916e+02;3.341543023e-03
3.587041626e+02;4.965719301e-03
3.589194031e+02;1.930373372e-03
3.591347046e+02;4.273447208e-03
3.593499756e+02;2.755774418e-03
3.595652771e+02;2.809026046e-03
3.597806091e+02;2.063502558e-03
3.599959106e+02;2.090128371e-03
3.602112427e+02;1.078346511e-03
3.604265747e+02;1.291353256e-03
3.606419373e+02;1.664115000e-03
3.608572998e+02;3.341543023e-03
3.610726624e+02;1.451108255e-03
3.612880554e+02;2.702522790e-03
3.615034485e+02;3.980563022e-03
3.617188416e+02;3.607801395e-03
3.619342651e+02;2.303135116e-03
3.621496887e+02;3.847433953e-03
3.623651428e+02;3.022032790e-03
3.625805664e+02;4.592957441e-03
3.627960510e+02;3.980563022e-03
3.630115051e+02;4.752712324e-03
3.632269897e+02;2.569393488e-03
3.634424744e+02;4.033814650e-03
3.636579590e+02;1.158224070e-03
3.638734741e+02;3.527923953e-03
3.640889893e+02;2.356386976e-03
3.643045349e+02;2.755774418e-03
3.645200806e+02;2.995406976e-03
3.647356262e+02;1.211475697e-03
3.649511719e+02;2.409638604e-03
3.651667480e+02;3.874059767e-03
3.653823242e+02;2.622645348e-03
3.655979309e+02;2.915529534e-03
3.658135376e+02;2.675896976e-03
3.660291443e+02;5.498236045e-03
3.662447815e+02;4.273447208e-03
3.664604187e+02;4.246821627e-03
3.666760559e+02;2.888903720e-03
3.668917236e+02;4.379950929e-03
3.671073914e+02;4.140318371e-03
3.673230591e+02;3.927311394e-03
3.675387268e+02;2.090128371e-03
3.677544250e+02;1.850495930e-03
3.679701538e+02;4.406576511e-03
3.681858826e+02;4.140318371e-03
3.684016113e+02;4.672835115e-03
3.686173401e+02;4.166943952e-03
3.688330994e+02;1.610863372e-03
3.690488586e+02;6.483392324e-03
3.692646179e+02;2.249883488e-03
3.694804077e+02;3.740930464e-03
3.696961975e+02;4.513079766e-03
3.699119873e+02;4.646209069e-03
3.701278076e+02;3.421420464e-03
3.703436279e+02;4.939093255e-03
3.705594788e+02;3.235039534e-03
3.707752991e+02;3.794182325e-03
3.709911804e+02;4.965719301e-03
3.712070312e+02;5.631365348e-03
3.714229126e+02;1.850495930e-03
3.716387939e+02;1.903747558e-03
3.718547058e+02;2.196631860e-03
3.720706177e+02;3.368168836e-03
3.722865295e+02;1.078346511e-03
3.725024414e+02;4.726086743e-03
3.727183838e+02;1.823870116e-03
3.729343262e+02;4.220195580e-03
3.731502991e+02;1.664115000e-03
3.733662720e+02;4.007189069e-03
3.735822449e+02;4.406576511e-03
3.737982483e+02;3.341543023e-03
3.740142517e+02;3.847433953e-03
3.742302551e+02;3.794182325e-03
3.744462891e+02;3.714304650e-03
3.746623230e+02;6.856153719e-03
3.748783569e+02;4.140318371e-03
3.750944214e+02;4.539705813e-03
3.753104858e+02;4.379950929e-03
3.755265503e+02;4.007189069e-03
3.757426453e+02;3.155162092e-03
3.759587402e+02;3.341543023e-03
3.761748352e+02;4.379950929e-03
3.763909607e+02;4.087066278e-03
3.766070862e+02;3.341543023e-03
3.768232117e+02;3.820808139e-03
3.770393677e+02;3.953937441e-03
3.772555237e+02;5.631365348e-03
3.774717102e+02;2.489516046e-03
3.776878662e+02;4.859216046e-03
3.779040833e+02;5.977501161e-03
3.781202698e+02;4.566331394e-03
3.783364868e+02;2.995406976e-03
3.785527039e+02;6.376888603e-03
3.787689514e+02;4.300073255e-03
3.789851685e+02;7.042534649e-03
3.792014465e+02;4.939093255e-03
3.794176941e+02;7.175663952e-03
3.796339722e+02;5.924249534e-03
3.798502502e+02;5.098848604e-03
3.800665588e+02;3.208413720e-03
3.802828674e+02;3.208413720e-03
3.804991760e+02;5.471609998e-03
3.807154846e+02;3.448046278e-03
3.809318237e+02;5.311855115e-03
3.811481934e+02;5.897623487e-03
3.813645325e+02;2.809026046e-03
3.815809021e+02;6.030752789e-03
3.817973022e+02;4.912467673e-03
3.820136719e+02;5.524862092e-03
3.822300720e+02;6.856153719e-03
3.824465027e+02;5.231977440e-03
3.826629028e+02;6.856153719e-03
3.828793335e+02;8.001064882e-03
3.830957947e+02;5.817746278e-03
3.833122253e+02;6.589895580e-03
3.835286865e+02;4.832589999e-03
3.837451782e+02;4.353324883e-03
3.839616394e+02;5.444984417e-03
3.841781616e+02;5.072222557e-03
3.843946533e+02;3.874059767e-03
3.846111755e+02;3.740930464e-03
3.848276978e+02;4.220195580e-03
3.850442200e+02;5.258603487e-03
3.852607727e+02;5.897623487e-03
3.854773254e+02;7.069160696e-03
3.856939087e+02;5.152100231e-03
3.859104614e+02;8.906343952e-03
3.861270752e+02;5.950875115e-03
3.863436584e+02;7.947813720e-03
3.865602722e+02;7.788058370e-03
3.867768860e+02;7.947813720e-03
3.869935303e+02;9.145976044e-03
3.872101746e+02;7.388670929e-03
3.874268188e+02;7.228915580e-03
3.876434631e+02;8.293949068e-03
3.878601379e+02;6.243759766e-03
3.880768127e+02;6.749650463e-03
3.882935181e+02;4.060440697e-03
3.885102234e+02;5.791120231e-03
3.887269287e+02;5.604739301e-03
3.889436646e+02;6.882779766e-03
3.891604004e+02;6.856153719e-03
3.893771362e+02;7.335418835e-03
3.895939026e+02;6.030752789e-03
3.898106689e+02;7.734806743e-03
3.900274353e+02;5.098848604e-03
3.902442322e+02;9.784996510e-03
3.904610291e+02;8.586833254e-03
3.906778259e+02;7.282167207e-03
3.908946533e+02;1.010450628e-02
3.911114807e+02;8.932969533e-03
3.913283081e+02;1.018438395e-02
3.915451660e+02;9.305731393e-03
3.917620239e+02;8.586833254e-03
3.919788818e+02;6.989283022e-03
3.921957703e+02;7.202289999e-03
3.924126587e+02;8.373826742e-03
3.926295776e+02;8.267323487e-03
3.928464661e+02;9.358982556e-03
3.930634155e+02;8.160820231e-03
3.932803345e+02;9.172601625e-03
3.934972839e+02;8.160820231e-03
3.937142334e+02;9.492112324e-03
3.939311829e+02;8.799840696e-03
3.941481628e+02;9.066098370e-03
3.943651428e+02;8.826466277e-03
3.945821533e+02;9.838247672e-03
3.947991638e+02;1.071690116e-02
3.950161743e+02;1.066364907e-02
3.952332153e+02;1.119616628e-02
3.954502258e+02;1.180856023e-02
3.956672974e+02;1.077015232e-02
3.958843384e+02;9.332356974e-03
3.961014099e+02;8.293949068e-03
3.963184814e+02;8.613459766e-03
3.965355835e+02;8.666710928e-03
3.967526855e+02;9.891499765e-03
3.969697876e+02;8.693336509e-03
3.971869202e+02;1.026426163e-02
3.974040527e+02;9.518737905e-03
3.976211853e+02;9.864874184e-03
3.978383484e+02;9.172601625e-03
3.980555115e+02;1.183518581e-02
3.982726746e+02;1.337948442e-02
3.984898682e+02;1.199494116e-02
3.987070618e+02;1.127604302e-02
3.989242554e+02;1.252745744e-02
3.991414795e+02;1.359249186e-02
3.993587036e+02;1.495040953e-02
3.995759277e+02;1.329960767e-02
3.997931824e+02;1.282034256e-02
4.000104370e+02;1.106303651e-02
4.002276917e+02;1.215469651e-02
4.004449768e+02;9.598615579e-03
4.006622620e+02;1.167543139e-02
4.008795776e+02;1.018438395e-02
4.010968933e+02;1.215469651e-02
4.013142090e+02;9.838247672e-03
4.015315247e+02;1.170205697e-02
4.017488708e+02;1.369899511e-02
4.019662170e+02;1.324635558e-02
4.021835938e+02;1.092990767e-02
4.024009399e+02;1.524329372e-02
4.026183472e+02;1.300672349e-02
4.028357239e+02;1.471077651e-02
4.030531311e+02;1.377887279e-02
4.032705383e+02;1.529654488e-02
4.034879761e+02;1.614857279e-02
4.037054138e+02;1.492378395e-02
4.039228516e+02;1.417826023e-02
4.041402893e+02;1.519004162e-02
4.043577576e+02;1.380549837e-02
4.045752563e+02;1.654795930e-02
4.047927246e+02;1.298009697e-02
4.050102234e+02;1.660121232e-02
4.052277222e+02;1.290021930e-02
4.054452515e+02;1.196831558e-02
4.056627808e+02;1.369899511e-02
4.058803101e+02;1.313985232e-02
4.060978699e+02;1.526991930e-02
4.063154297e+02;1.433801465e-02
4.065329895e+02;1.540304907e-02
4.067505798e+02;1.609531976e-02
4.069681702e+02;1.713372767e-02
4.071857605e+02;1.753311604e-02
4.074033813e+02;1.652133465e-02
4.076210022e+02;1.662783697e-02
4.078386230e+02;1.670771465e-02
4.080562744e+02;1.468415093e-02
4.082739258e+02;1.660121232e-02
4.084915771e+02;1.678759232e-02
4.087092590e+02;1.737336069e-02
4.089269409e+02;1.564268209e-02
4.091446533e+02;1.652133465e-02
4.093623352e+02;1.617519744e-02
4.095800781e+02;1.763961837e-02
4.097977905e+02;1.795912907e-02
4.100155334e+02;1.710710302e-02
4.102332764e+02;1.694734767e-02
4.104510193e+02;1.841176860e-02
4.106687927e+02;1.798575558e-02
4.108865662e+02;1.929042116e-02
4.111043701e+02;1.814551093e-02
4.113221741e+02;1.934367232e-02
4.115399780e+02;1.984956488e-02
4.117577820e+02;2.288490906e-02
4.119756165e+02;1.934367232e-02
4.121934509e+02;2.221926302e-02
4.124113159e+02;1.771949604e-02
4.126291809e+02;1.899753697e-02
4.128470459e+02;1.894428581e-02
4.130649414e+02;1.947680302e-02
4.132828369e+02;1.891765930e-02
4.135007324e+02;1.859814860e-02
4.137186279e+02;1.881115697e-02
4.139365540e+02;2.120748162e-02
4.141545105e+02;1.926379465e-02
4.143724365e+02;2.019570023e-02
4.145903931e+02;2.088797092e-02
4.148083801e+02;2.384343930e-02
4.150263367e+02;2.363043278e-02
4.152443237e+02;2.102110162e-02
4.154623413e+02;2.285828441e-02
4.156803284e+02;2.600013278e-02
4.158983459e+02;2.272515558e-02
4.161163940e+02;2.192637883e-02
4.163344116e+02;2.229914069e-02
4.165524597e+02;2.232576720e-02
4.167705383e+02;2.248552255e-02
4.169885864e+02;2.197963186e-02
4.172066650e+02;2.240564488e-02
4.174247742e+02;2.379018813e-02
4.176428833e+02;2.379018813e-02
4.178609924e+02;2.195300534e-02
4.180791016e+02;2.528123558e-02
4.182972412e+02;2.472209372e-02
4.185153809e+02;2.663915418e-02
4.187335205e+02;2.727817371e-02
4.189516907e+02;2.629301697e-02
4.191698608e+02;2.682553418e-02
4.193880615e+02;2.568062395e-02
4.196062622e+02;2.701191418e-02
4.198244629e+02;2.722492255e-02
4.200426636e+02;2.876922116e-02
4.202608948e+02;2.679890767e-02
4.204791260e+02;2.589363046e-02
4.206973877e+02;2.402982116e-02
4.209156494e+02;2.850296162e-02
4.211339111e+02;2.461558953e-02
4.213521729e+02;2.562737092e-02
4.215704651e+02;2.482859604e-02
4.217887573e+02;2.868934348e-02
4.220070801e+02;2.671902999e-02
4.222254028e+02;2.823670395e-02
4.224437256e+02;2.661252767e-02
4.226620789e+02;2.876922116e-02
4.228804321e+02;2.805032209e-02
4.230987854e+02;2.887572348e-02
4.233171692e+02;2.983425371e-02
4.235355225e+02;3.289622441e-02
4.237539368e+02;2.844971046e-02
4.239723206e+02;3.049989976e-02
4.241907349e+02;2.956799604e-02
4.244091797e+02;3.159156069e-02
4.246275940e+02;3.044664860e-02
4.248460388e+02;3.148505464e-02
4.250645142e+02;3.012713790e-02
4.252829590e+02;2.935498953e-02
4.255014343e+02;2.868934348e-02
4.257199402e+02;3.079278395e-02
4.259384155e+02;3.148505464e-02
4.261569214e+02;3.065965511e-02
4.263754578e+02;3.116554581e-02
4.265939941e+02;3.473340720e-02
4.268125305e+02;3.236370906e-02
4.270310669e+02;3.281634673e-02
4.272496338e+02;3.324236348e-02
4.274682007e+02;3.545230627e-02
4.276867676e+02;3.292285278e-02
4.279053650e+02;3.571856394e-02
4.281239624e+02;3.188444301e-02
4.283425903e+02;3.260334209e-02
4.285611877e+02;3.358849883e-02
4.287798157e+02;3.289622441e-02
4.289984741e+02;3.321573511e-02
4.292171326e+02;3.302935511e-02
4.294357910e+02;3.366837651e-02
4.296544495e+02;3.617120534e-02
4.298731384e+02;3.579844162e-02
4.300918274e+02;3.305597976e-02
4.303105469e+02;3.563868627e-02
4.305292664e+02;3.681022301e-02
4.307479858e+02;3.630433232e-02
4.309667053e+02;3.752912208e-02
4.311854553e+02;3.814151511e-02
4.314042358e+02;3.846102580e-02
4.316229858e+02;3.894029185e-02
4.318417664e+02;3.606469929e-02
4.320605469e+02;3.910004720e-02
4.322793579e+02;4.083072767e-02
4.324981689e+02;3.614457697e-02
4.327169800e+02;3.870065883e-02
4.329358215e+02;3.744924441e-02
4.331546631e+02;3.835452348e-02
4.333735046e+02;3.476003557e-02
4.335923462e+02;3.582506999e-02
4.338112183e+02;3.987219557e-02
4.340301208e+02;3.755574673e-02
4.342489929e+02;4.045796394e-02
4.344678955e+02;4.085735232e-02
4.346868286e+02;3.981894255e-02
4.349057312e+02;3.960593790e-02
4.351246643e+02;4.005857557e-02
4.353436279e+02;4.293416813e-02
4.355625610e+02;4.120348766e-02
4.357815247e+02;4.325367883e-02
4.360005188e+02;4.402582720e-02
4.362194824e+02;4.410570487e-02
4.364384766e+02;4.069759697e-02
4.366575012e+02;4.312054813e-02
4.368765259e+02;4.450509325e-02
4.370955505e+02;4.192238674e-02
4.373145752e+02;4.367969185e-02
4.375336304e+02;4.594288766e-02
4.377526855e+02;4.229514673e-02
4.379717407e+02;4.405245185e-02
4.381908264e+02;4.117686301e-02
4.384099121e+02;4.482460395e-02
4.386290283e+02;4.314717278e-02
4.388481140e+02;4.658190906e-02
4.390672607e+02;4.612926766e-02
4.392863770e+02;4.873860255e-02
4.395055237e+02;4.514411092e-02
4.397246704e+02;4.634227604e-02
4.399438171e+02;4.413232952e-02
4.401629944e+02;4.762031510e-02
4.403821716e+02;4.945749789e-02
4.406013794e+02;4.863209650e-02
4.408205872e+02;4.836583883e-02
4.410397949e+02;4.871197417e-02
4.412590332e+02;4.767356813e-02
4.414782410e+02;4.783332348e-02
4.416975098e+02;4.756706208e-02
4.419167480e+02;5.033615232e-02
4.421360168e+02;4.951075092e-02
4.423552856e+02;5.140118301e-02
4.425745850e+02;5.028289929e-02
4.427938843e+02;5.126805604e-02
4.430131836e+02;5.001664162e-02
4.432325134e+02;5.182719976e-02
4.434518433e+02;4.951075092e-02
4.436711731e+02;5.425015092e-02
4.438905029e+02;5.156093836e-02
4.441098633e+02;5.174732208e-02
4.443292542e+02;5.307861418e-02
4.445486145e+02;5.440990627e-02
4.447680054e+02;5.446315557e-02
4.449874268e+02;5.422352254e-02
4.452068176e+02;5.331824720e-02
4.454262390e+02;5.164081603e-02
4.456456909e+02;5.443653092e-02
4.458651123e+02;5.419689789e-02
4.460845642e+02;5.603408068e-02
4.463040466e+02;5.600745603e-02
4.465234985e+02;5.342474952e-02
4.467429810e+02;5.906942859e-02
4.469624939e+02;5.326499417e-02
4.471819763e+02;5.696598440e-02
4.474014893e+02;5.976169929e-02
4.476210327e+02;5.877654254e-02
4.478405457e+02;6.000133231e-02
4.480601196e+02;6.040072069e-02
4.482796631e+02;5.968182161e-02
4.484992371e+02;5.944218859e-02
4.487188110e+02;6.109299138e-02
4.489383850e+02;6.082673371e-02
4.491579895e+02;6.037409231e-02
4.493775940e+02;6.308992952e-02
4.495972290e+02;6.210477278e-02
4.498168335e+02;6.295680255e-02
4.500364685e+02;6.356919557e-02
4.502561340e+02;6.351593882e-02
4.504757996e+02;6.053384766e-02
4.506954651e+02;6.151900440e-02
4.509151306e+02;6.394195557e-02
4.511348267e+02;6.314317882e-02
4.513545227e+02;6.316980720e-02
4.515742493e+02;6.492710859e-02
4.517939758e+02;6.868135184e-02
4.520137024e+02;6.556612998e-02
4.522334290e+02;6.772282720e-02
4.524531860e+02;6.748319417e-02
4.526729431e+02;6.402183324e-02
4.528927307e+02;6.873460859e-02
4.531125183e+02;6.628502905e-02
4.533323059e+02;6.716368347e-02
4.535521240e+02;6.971976161e-02
4.537719421e+02;6.892098486e-02
4.539917603e+02;6.830859184e-02
4.542115784e+02;7.059841603e-02
4.544314270e+02;7.171670347e-02
4.546513062e+02;7.153031975e-02
4.548711548e+02;7.182320207e-02
4.550910339e+02;6.958663464e-02
4.553109131e+02;7.070492208e-02
4.555308228e+02;7.589695603e-02
4.557507324e+02;7.709512115e-02
4.559706421e+02;7.310124487e-02
4.561905823e+02;7.549756765e-02
4.564105225e+02;7.387339324e-02
4.566304626e+02;7.541768998e-02
4.568504333e+02;7.784064114e-02
4.570704041e+02;7.808027416e-02
4.572903748e+02;8.050322533e-02
4.575103760e+02;7.483192533e-02
4.577303772e+02;8.018371463e-02
4.579503784e+02;7.706849277e-02
4.581704102e+02;8.034346998e-02
4.583904419e+02;7.547094673e-02
4.586104736e+02;7.810690254e-02
4.588305359e+02;8.092924207e-02
4.590505981e+02;7.978433371e-02
4.592706604e+02;7.909205556e-02
4.594907532e+02;8.212740719e-02
4.597108459e+02;8.545563370e-02
4.599309692e+02;8.513612300e-02
4.601510620e+02;8.609465510e-02
4.603711853e+02;8.540238440e-02
4.605913391e+02;8.242028952e-02
4.608114929e+02;8.580177277e-02
4.610316467e+02;8.649404347e-02
4.612518005e+02;8.809158951e-02
4.614719849e+02;8.963589370e-02
4.616921692e+02;9.078080207e-02
4.619123535e+02;8.862411231e-02
4.621325684e+02;9.189908952e-02
4.623527832e+02;8.361845464e-02
4.625730286e+02;9.000865370e-02
4.627932739e+02;9.394928068e-02
4.630135193e+02;9.112694114e-02
4.632337646e+02;8.867736161e-02
4.634540405e+02;9.046129137e-02
4.636743164e+02;9.674499184e-02
4.638946228e+02;9.498768300e-02
4.641149292e+02;9.453504533e-02
4.643352356e+02;9.783665091e-02
4.645555420e+02;9.570658207e-02
4.647758789e+02;1.024429202e-01
4.649962158e+02;1.004726067e-01
4.652165833e+02;1.002862304e-01
4.654369507e+02;9.930106997e-02
4.656573181e+02;1.004193574e-01
4.658777161e+02;1.053717658e-01
4.660980835e+02;1.002063528e-01
4.663185120e+02;1.003661081e-01
4.665389099e+02;1.027091816e-01
4.667593384e+02;1.016707718e-01
4.669797668e+02;1.044132337e-01
4.672002258e+02;1.027091816e-01
4.674206848e+02;1.036943346e-01
4.676411438e+02;1.043866053e-01
4.678616333e+02;1.019370332e-01
4.680821228e+02;1.064367965e-01
4.683026123e+02;1.060374081e-01
4.685231323e+02;1.095253974e-01
4.687436523e+02;1.104040444e-01
4.689641724e+02;1.121347249e-01
4.691847229e+02;1.128003746e-01
4.694052734e+02;1.105105504e-01
4.696258240e+02;1.106969342e-01
4.698464050e+02;1.120814756e-01
4.700669861e+02;1.094987690e-01
4.702875671e+02;1.096585244e-01
4.705081787e+02;1.122678593e-01
4.707287903e+02;1.125074849e-01
4.709494019e+02;1.093123853e-01
4.711700439e+02;1.107235551e-01
4.713906860e+02;1.138387769e-01
4.716113281e+02;1.135991514e-01
4.718320007e+02;1.130666286e-01
4.720526733e+02;1.137589067e-01
4.722733459e+02;1.170871332e-01
4.724940491e+02;1.162084788e-01
4.727147522e+02;1.147440597e-01
4.729354553e+02;1.130666286e-01
4.731561890e+02;1.183385476e-01
4.733769226e+02;1.211342588e-01
4.735976868e+02;1.202556044e-01
4.738184204e+02;1.242494807e-01
4.740391846e+02;1.242228597e-01
4.742599792e+02;1.221992970e-01
4.744807739e+02;1.214803979e-01
4.747015686e+02;1.241163537e-01
4.749223633e+02;1.217466518e-01
4.751431885e+02;1.217999086e-01
4.753640137e+02;1.247553751e-01
4.755848694e+02;1.233442053e-01
4.758056946e+02;1.244891137e-01
4.760265503e+02;1.306929439e-01
4.762474365e+02;1.266724318e-01
4.764683228e+02;1.256606579e-01
4.766892090e+02;1.252080202e-01
4.769100952e+02;1.304799318e-01
4.771310120e+02;1.281368583e-01
4.773519287e+02;1.301071644e-01
4.775728760e+02;1.280569732e-01
4.777938232e+02;1.287226230e-01
4.780147705e+02;1.353524625e-01
4.782357178e+02;1.350329518e-01
4.784566956e+02;1.343406737e-01
4.786777039e+02;1.314384639e-01
4.788986816e+02;1.292285174e-01
4.791196899e+02;1.343140453e-01
4.793406982e+02;1.324236244e-01
4.795617371e+02;1.381215453e-01
4.797827759e+02;1.367370039e-01
4.800038147e+02;1.375890374e-01
4.802248535e+02;1.378020346e-01
4.804459229e+02;1.398255974e-01
4.806670227e+02;1.392930895e-01
4.808880920e+02;1.384943128e-01
4.811091919e+02;1.421686709e-01
4.813302917e+02;1.421420425e-01
4.815514221e+02;1.401717365e-01
4.817725525e+02;1.485854983e-01
4.819936829e+02;1.445117444e-01
4.822148438e+02;1.455501616e-01
4.824360046e+02;1.440324783e-01
4.826571655e+02;1.446981281e-01
4.828783569e+02;1.441922337e-01
4.830995483e+02;1.499700397e-01
4.833207397e+02;1.458164155e-01
4.835419617e+02;1.483458728e-01
4.837631836e+02;1.470678300e-01
4.839844055e+02;1.474139690e-01
4.842056580e+02;1.533781588e-01
4.844269104e+02;1.525793821e-01
4.846481628e+02;1.517539769e-01
4.848694458e+02;1.571856439e-01
4.850907288e+02;1.521267444e-01
4.853120117e+02;1.521267444e-01
4.855333252e+02;1.607268900e-01
4.857546387e+02;1.595021039e-01
4.859759521e+02;1.577714235e-01
4.861972961e+02;1.559342295e-01
4.864186401e+02;1.617386639e-01
4.866399841e+02;1.606736332e-01
4.868613586e+02;1.640018672e-01
4.870827332e+02;1.594754755e-01
4.873041077e+02;1.600079834e-01
4.875255127e+02;1.636024714e-01
4.877469177e+02;1.585701853e-01
4.879683228e+02;1.621913016e-01
4.881897583e+02;1.642148644e-01
4.884111938e+02;1.644811332e-01
4.886326599e+02;1.692737788e-01
4.888540955e+02;1.668508351e-01
4.890755615e+02;1.659189314e-01
4.892970581e+02;1.709778309e-01
4.895185547e+02;1.738267988e-01
4.897400513e+02;1.733741611e-01
4.899615479e+02;1.708180755e-01
4.901830750e+02;1.720694900e-01
4.904046021e+02;1.738800555e-01
4.906261597e+02;1.751580983e-01
4.908476868e+02;1.778206676e-01
4.910692749e+02;1.814151704e-01
4.912908325e+02;1.789123416e-01
4.915124207e+02;1.766225100e-01
4.917340088e+02;1.744658202e-01
4.919555969e+02;1.780070513e-01
4.921772156e+02;1.826931983e-01
4.923988342e+02;1.835718602e-01
4.926204834e+02;1.786460727e-01
4.928421326e+02;1.800838709e-01
4.930637817e+02;1.857285500e-01
4.932854309e+02;1.852226555e-01
4.935071106e+02;1.898821741e-01
4.937287903e+02;1.905478239e-01
4.939505005e+02;1.898023039e-01
4.941722107e+02;1.908939630e-01
4.943939209e+02;1.931305379e-01
4.946156616e+02;1.947813332e-01
4.948373718e+02;1.911602169e-01
4.950591431e+02;1.915329844e-01
4.952808838e+02;1.910270900e-01
4.955026550e+02;1.931571662e-01
4.957244263e+02;1.974172890e-01
4.959462280e+02;1.944085807e-01
4.961680298e+02;1.944085807e-01
4.963898315e+02;1.954203546e-01
4.966116638e+02;1.943286955e-01
4.968334961e+02;2.014378011e-01
4.970553284e+02;1.989882141e-01
4.972771606e+02;2.037276179e-01
4.974990234e+02;1.995739937e-01
4.977209167e+02;2.062570751e-01
4.979427795e+02;2.072954774e-01
4.981646729e+02;2.069759667e-01
4.983865662e+02;2.087599039e-01
4.986084900e+02;2.100911885e-01
4.988304138e+02;2.089196593e-01
4.990523376e+02;2.116088718e-01
4.992742920e+02;2.095586807e-01
4.994962463e+02;2.131531686e-01
4.997182007e+02;2.102243155e-01
4.999401855e+02;2.127804011e-01
5.001621704e+02;2.127271444e-01
5.003841553e+02;2.172002941e-01
5.006061707e+02;2.179458141e-01
5.008281860e+02;2.178126872e-01
5.010502014e+02;2.186114639e-01
5.012722473e+02;2.164015174e-01
5.014942932e+02;2.219929397e-01
5.017163391e+02;2.265725881e-01
5.019384155e+02;2.231378555e-01
5.021604919e+02;2.264927179e-01
5.023825684e+02;2.271051109e-01
5.026046753e+02;2.292884290e-01
5.028267822e+02;2.258004397e-01
5.030488892e+02;2.295813113e-01
5.032710266e+02;2.302203327e-01
5.034931641e+02;2.284363955e-01
5.037153015e+02;2.280370146e-01
5.039374695e+02;2.307262272e-01
5.041596375e+02;2.371164262e-01
5.043818054e+02;2.317380011e-01
5.046040039e+02;2.330160439e-01
5.048262024e+02;2.357052565e-01
5.050484314e+02;2.332822978e-01
5.052706299e+02;2.405777872e-01
5.054928589e+02;2.374625504e-01
5.057151184e+02;2.431604862e-01
5.059373779e+02;2.395926267e-01
5.061596375e+02;2.406576574e-01
5.063818970e+02;2.404180318e-01
5.066041870e+02;2.487519085e-01
5.068264771e+02;2.448379099e-01
5.070487671e+02;2.421220839e-01
5.072710876e+02;2.433734983e-01
5.074934082e+02;2.511748672e-01
5.077157593e+02;2.473141253e-01
5.079380798e+02;2.518138885e-01
5.081604614e+02;2.469413579e-01
5.083828125e+02;2.490714192e-01
5.086051941e+02;2.522931397e-01
5.088275757e+02;2.537842095e-01
5.090499573e+02;2.561539114e-01
5.092723694e+02;2.545829713e-01
5.094947815e+02;2.532516718e-01
5.097172241e+02;2.553018630e-01
5.099396667e+02;2.522931397e-01
5.101621094e+02;2.589496076e-01
5.103845520e+02;2.560740113e-01
5.106070251e+02;2.615855634e-01
5.108294983e+02;2.625440955e-01
5.110520020e+02;2.606802881e-01
5.112745056e+02;2.628636062e-01
5.114970093e+02;2.638487518e-01
5.117195129e+02;2.708513737e-01
5.119420471e+02;2.627038658e-01
5.121646118e+02;2.706117332e-01
5.123871460e+02;2.689875662e-01
5.126096802e+02;2.713040113e-01
5.128322754e+02;2.748984993e-01
5.130548706e+02;2.734606862e-01
5.132774658e+02;2.763096690e-01
5.135000610e+02;2.764960527e-01
5.137226562e+02;2.785994709e-01
5.139452515e+02;2.778007090e-01
5.141679077e+02;2.789988816e-01
5.143905640e+02;2.755108774e-01
5.146132202e+02;2.864008546e-01
5.148358765e+02;2.860547304e-01
5.150585327e+02;2.852026820e-01
5.152812500e+02;2.845903039e-01
5.155039062e+02;2.889036834e-01
5.157266235e+02;2.896225750e-01
5.159493408e+02;2.882380486e-01
5.161720581e+02;2.936430871e-01
5.163947754e+02;2.922319174e-01
5.166175537e+02;2.920721471e-01
5.168402710e+02;2.946282327e-01
5.170630493e+02;2.914331257e-01
5.172858276e+02;2.936430871e-01
5.175086060e+02;2.993676364e-01
5.177314453e+02;3.013113141e-01
5.179542236e+02;2.957731485e-01
5.181770630e+02;3.029355109e-01
5.183999023e+02;2.987286150e-01
5.186227417e+02;3.024562299e-01
5.188455811e+02;3.042667806e-01
5.190684204e+02;2.992877662e-01
5.192912598e+02;3.036544025e-01
5.195141602e+02;3.072222471e-01
5.197370605e+02;3.048525453e-01
5.199599609e+02;3.119350374e-01
5.201828613e+02;3.160354197e-01
5.204057617e+02;3.132929504e-01
5.206287231e+02;3.152898848e-01
5.208516235e+02;3.161685467e-01
5.210745850e+02;3.187778592e-01
5.212975464e+02;3.165146708e-01
5.215205078e+02;3.178193569e-01
5.217435303e+02;3.174465895e-01
5.219664917e+02;3.222392201e-01
5.221895142e+02;3.179790974e-01
5.224125366e+02;3.237302899e-01
5.226355591e+02;3.263928592e-01
5.228585815e+02;3.283099234e-01
5.230816040e+02;3.256207108e-01
5.233046875e+02;3.295347095e-01
5.235277100e+02;3.299873471e-01
5.237507935e+02;3.320907950e-01
5.239738770e+02;3.364308178e-01
5.241969604e+02;3.380017281e-01
5.244201050e+02;3.317180276e-01
5.246431885e+02;3.377088606e-01
5.248663330e+02;3.317712843e-01
5.250894775e+02;3.314517736e-01
5.253126221e+02;3.391999006e-01
5.255357666e+02;3.424482346e-01
5.257589111e+02;3.415696025e-01
5.259821167e+02;3.427411318e-01
5.262053223e+02;3.382946253e-01
5.264285278e+02;3.431937695e-01
5.266517334e+02;3.427411318e-01
5.268749390e+02;3.496638536e-01
5.270981445e+02;3.457764685e-01
5.273214111e+02;3.526459336e-01
5.275446167e+02;3.495040834e-01
5.277678833e+02;3.544032574e-01
5.279911499e+02;3.528855741e-01
5.282144165e+02;3.524063230e-01
5.284377441e+02;3.566930592e-01
5.286610107e+02;3.616454899e-01
5.288843384e+02;3.591958880e-01
5.291076660e+02;3.610064685e-01
5.293309937e+02;3.536843359e-01
5.295543213e+02;3.649736941e-01
5.297777100e+02;3.650535941e-01
5.300010376e+02;3.659854829e-01
5.302244263e+02;3.665179908e-01
5.304478149e+02;3.679025471e-01
5.306712036e+02;3.629767597e-01
5.308945923e+02;3.738134801e-01
5.311179810e+02;3.671037853e-01
5.313414307e+02;3.706716299e-01
5.315648804e+02;3.702189922e-01
5.317883301e+02;3.756506741e-01
5.320117798e+02;3.694734871e-01
5.322352295e+02;3.775410950e-01
5.324586792e+02;3.757571578e-01
5.326821899e+02;3.756240308e-01
5.329057007e+02;3.800439239e-01
5.331291504e+02;3.739998639e-01
5.333527222e+02;3.772215843e-01
5.335762329e+02;3.842241764e-01
5.337997437e+02;3.821739852e-01
5.340233154e+02;3.858217299e-01
5.342468262e+02;3.876323104e-01
5.344703979e+02;3.851560950e-01
5.346939697e+02;3.880583048e-01
5.349176025e+02;3.888038397e-01
5.351411743e+02;3.896026015e-01
5.353648071e+02;3.942621350e-01
5.355883789e+02;3.865406513e-01
5.358120117e+02;3.933302164e-01
5.360356445e+02;3.876855373e-01
5.362593384e+02;3.923184574e-01
5.364829712e+02;3.896026015e-01
5.367066650e+02;3.934101164e-01
5.369302979e+02;3.985222578e-01
5.371539917e+02;4.006523192e-01
5.373776855e+02;3.964454532e-01
5.376014404e+02;4.016374946e-01
5.378251343e+02;4.039273262e-01
5.380488892e+02;4.036610425e-01
5.382726440e+02;4.032350481e-01
5.384963379e+02;3.989748955e-01
5.387201538e+02;4.065898955e-01
5.389439087e+02;4.096784890e-01
5.391676636e+02;4.039006829e-01
5.393914795e+02;4.065366387e-01
5.396152954e+02;4.100778699e-01
5.398391113e+02;4.135924876e-01
5.400629272e+02;4.109299183e-01
5.402867432e+02;4.124475718e-01
5.405105591e+02;4.125806987e-01
5.407344360e+02;4.132463634e-01
5.409583130e+02;4.150569141e-01
5.411821899e+02;4.177194834e-01
5.414060669e+02;4.204885960e-01
5.416299438e+02;4.226186574e-01
5.418538818e+02;4.277574420e-01
5.420777588e+02;4.231778085e-01
5.423016968e+02;4.283964634e-01
5.425256348e+02;4.321506917e-01
5.427495728e+02;4.265859127e-01
5.429735107e+02;4.312188029e-01
5.431975098e+02;4.297277629e-01
5.434214478e+02;4.297543764e-01
5.436454468e+02;4.293816090e-01
5.438694458e+02;4.296212494e-01
5.440934448e+02;4.378486276e-01
5.443174438e+02;4.390468001e-01
5.445415039e+02;4.323637187e-01
5.447655640e+02;4.382746518e-01
5.449895630e+02;4.387539029e-01
5.452136230e+02;4.417892694e-01
5.454376831e+02;4.400585890e-01
5.456618042e+02;4.381681383e-01
5.458858643e+02;4.417093694e-01
5.461099854e+02;4.474339485e-01
5.463341064e+02;4.503894150e-01
5.465582275e+02;4.466884136e-01
5.467823486e+02;4.496704936e-01
5.470064697e+02;4.524662197e-01
5.472306519e+02;4.564068317e-01
5.474547729e+02;4.525727332e-01
5.476789551e+02;4.542501569e-01
5.479031372e+02;4.553684294e-01
5.481273193e+02;4.566198587e-01
5.483515015e+02;4.599214494e-01
5.485757446e+02;4.609598517e-01
5.487999878e+02;4.642348289e-01
5.490241699e+02;4.663382769e-01
5.492484131e+02;4.611994922e-01
5.494726562e+02;4.606669843e-01
5.496969604e+02;4.623976648e-01
5.499212036e+02;4.691606164e-01
5.501455078e+02;4.682553411e-01
5.503698120e+02;4.638354480e-01
5.505941162e+02;4.680157006e-01
5.508184204e+02;4.752046764e-01
5.510427246e+02;4.813818932e-01
5.512670898e+02;4.683618546e-01
5.514913940e+02;4.705451727e-01
5.517157593e+02;4.737136364e-01
5.519401245e+02;4.825001657e-01
5.521644897e+02;4.782400429e-01
5.523889160e+02;4.812221229e-01
5.526132812e+02;4.778672755e-01
5.528377075e+02;4.846302271e-01
5.530621338e+02;4.866271615e-01
5.532865601e+02;4.857485294e-01
5.535109863e+02;4.798908234e-01
5.537354126e+02;4.902749062e-01
5.539598999e+02;4.934700131e-01
5.541843262e+02;4.897157550e-01
5.544088135e+02;4.921387136e-01
5.546333008e+02;4.889968634e-01
5.548577881e+02;4.940557778e-01
5.550823364e+02;4.953338206e-01
5.553068237e+02;4.929907620e-01
5.555313721e+02;5.003128648e-01
5.557559204e+02;4.997270703e-01
5.559804688e+02;5.044398308e-01
5.562050171e+02;5.002063513e-01
5.564295654e+02;5.061439276e-01
5.566541748e+02;5.028423071e-01
5.568787231e+02;5.089928508e-01
5.571033325e+02;5.136258006e-01
5.573279419e+02;5.059042573e-01
5.575525513e+02;5.167676210e-01
5.577772217e+02;5.098182559e-01
5.580018311e+02;5.186846852e-01
5.582265015e+02;5.148772001e-01
5.584511719e+02;5.212407708e-01
5.586758423e+02;5.224921703e-01
5.589005127e+02;5.207348466e-01
5.591251831e+02;5.231578350e-01
5.593499146e+02;5.245157480e-01
5.595745850e+02;5.289090276e-01
5.597993164e+02;5.274446011e-01
5.600240479e+02;5.325301290e-01
5.602488403e+02;5.346335769e-01
5.604735718e+02;5.364174843e-01
5.606983032e+02;5.351927280e-01
5.609230957e+02;5.400120020e-01
5.611478882e+02;5.372162461e-01
5.613726807e+02;5.394528508e-01
5.615974731e+02;5.414231420e-01
5.618223267e+02;5.400918722e-01
5.620471191e+02;5.499700308e-01
5.622719727e+02;5.515676141e-01
5.624968262e+02;5.500499010e-01
5.627216797e+02;5.499966741e-01
5.629465332e+02;5.521799922e-01
5.631713867e+02;5.487718582e-01
5.633963013e+02;5.577714443e-01
5.636211548e+02;5.610197783e-01
5.638460693e+02;5.663982034e-01
5.640709839e+02;5.585702062e-01
5.642958984e+02;5.650935173e-01
5.645208740e+02;5.639486313e-01
5.647457886e+02;5.655461550e-01
5.649707642e+02;5.640285015e-01
5.651957397e+02;5.691140294e-01
5.654207153e+02;5.717499852e-01
5.656456909e+02;5.695933104e-01
5.658707275e+02;5.669573545e-01
5.660957031e+02;5.730280280e-01
5.663207397e+02;5.772349238e-01
5.665457764e+02;5.842108727e-01
5.667708130e+02;5.819476843e-01
5.669958496e+02;5.790188313e-01
5.672208862e+02;5.805897713e-01
5.674459839e+02;5.763828754e-01
5.676710205e+02;5.841842294e-01
5.678961182e+02;5.886041522e-01
5.681212158e+02;5.847966671e-01
5.683463745e+02;5.911335945e-01
5.685714722e+02;5.908406973e-01
5.687966309e+02;5.988817215e-01
5.690217285e+02;5.936098099e-01
5.692468872e+02;6.058576703e-01
5.694720459e+02;5.971776843e-01
5.696972046e+02;6.044997573e-01
5.699224243e+02;6.033282280e-01
5.701475830e+02;6.081475019e-01
5.703728027e+02;6.086800098e-01
5.705980225e+02;6.114757657e-01
5.708232422e+02;6.234573722e-01
5.710484619e+02;6.136324406e-01
5.712736816e+02;6.162683964e-01
5.714989624e+02;6.193303466e-01
5.717242432e+02;6.161086559e-01
5.719495239e+02;6.164281368e-01
5.721748047e+02;6.289423108e-01
5.724000854e+02;6.254543066e-01
5.726253662e+02;6.335219145e-01
5.728507080e+02;6.256673336e-01
5.730760498e+02;6.335752010e-01
5.733013306e+02;6.258803010e-01
5.735266724e+02;6.279038787e-01
5.737520752e+02;6.393263936e-01
5.739774170e+02;6.335485578e-01
5.742028198e+02;6.338680983e-01
5.744281616e+02;6.377288103e-01
5.746535645e+02;6.303002238e-01
5.748789673e+02;6.437994838e-01
5.751043701e+02;6.385808587e-01
5.753298340e+02;6.374359131e-01
5.755552368e+02;6.437196136e-01
5.757807007e+02;6.492045522e-01
5.760061646e+02;6.508287191e-01
5.762316284e+02;6.434533596e-01
5.764570923e+02;6.488317847e-01
5.766826172e+02;6.492311954e-01
5.769080811e+02;6.550089717e-01
5.771336060e+02;6.592158675e-01
5.773591309e+02;6.576715708e-01
5.775846558e+02;6.595619917e-01
5.778101807e+02;6.534380913e-01
5.780357666e+02;6.546096206e-01
5.782612915e+02;6.619050503e-01
5.784868774e+02;6.607335210e-01
5.787124634e+02;6.629967093e-01
5.789380493e+02;6.665912271e-01
5.791636353e+02;6.703720689e-01
5.793892212e+02;6.679757833e-01
5.796148682e+02;6.683485508e-01
5.798405151e+02;6.785196066e-01
5.800661621e+02;6.674166322e-01
5.802918091e+02;6.670970917e-01
5.805174561e+02;6.668574810e-01
5.807431030e+02;6.737802029e-01
5.809688110e+02;6.703454852e-01
5.811944580e+02;6.794248819e-01
5.814201660e+02;6.798242927e-01
5.816458740e+02;6.763895154e-01
5.818716431e+02;6.847500205e-01
5.820973511e+02;6.825401187e-01
5.823231201e+02;6.793183684e-01
5.825488281e+02;6.797443628e-01
5.827745972e+02;6.845104098e-01
5.830003662e+02;6.824336052e-01
5.832261963e+02;6.902349591e-01
5.834519653e+02;6.815283298e-01
5.836777344e+02;6.884776950e-01
5.839035645e+02;6.813419461e-01
5.841293945e+02;6.896492243e-01
5.843552246e+02;6.948678493e-01
5.845810547e+02;6.865606308e-01
5.848069458e+02;6.907142401e-01
5.850327759e+02;6.901817322e-01
5.852586670e+02;6.935365796e-01
5.854845581e+02;6.917792559e-01
5.857104492e+02;6.914064884e-01
5.859363403e+02;6.944152117e-01
5.861622925e+02;7.011515498e-01
5.863881836e+02;6.987552643e-01
5.866141357e+02;7.057312131e-01
5.868400879e+02;6.981428266e-01
5.870660400e+02;7.036011219e-01
5.872919922e+02;7.027491331e-01
5.875180054e+02;7.112693787e-01
5.877439575e+02;7.007255554e-01
5.879699707e+02;7.084203959e-01
5.881959839e+02;7.102043629e-01
5.884219971e+02;6.964920163e-01
5.886480103e+02;7.045863271e-01
5.888740234e+02;7.075950503e-01
5.891000977e+02;7.161152959e-01
5.893261719e+02;7.082074285e-01
5.895522461e+02;7.167543173e-01
5.897783203e+02;7.119350433e-01
5.900043945e+02;7.037076354e-01
5.902304688e+02;7.143579721e-01
5.904566040e+02;7.188577652e-01
5.906827393e+02;7.186713815e-01
5.909088135e+02;7.237036824e-01
5.911350098e+02;7.196565270e-01
5.913611450e+02;7.238101363e-01
5.915872803e+02;7.213605642e-01
5.918134766e+02;7.219197154e-01
5.920396118e+02;7.263928652e-01
5.922658081e+02;7.229581475e-01
5.924920044e+02;7.236237526e-01
5.927182617e+02;7.224522233e-01
5.929444580e+02;7.291086912e-01
5.931707153e+02;7.299873233e-01
5.933969116e+02;7.340078354e-01
5.936231689e+02;7.325700521e-01
5.938494263e+02;7.278040051e-01
5.940757446e+02;7.320641875e-01
5.943020020e+02;7.345137596e-01
5.945282593e+02;7.323570251e-01
5.947545776e+02;7.328363061e-01
5.949808960e+02;7.306263447e-01
5.952072144e+02;7.366437912e-01
5.954335327e+02;7.345669866e-01
5.956599121e+02;7.393862605e-01
5.958862305e+02;7.429807782e-01
5.961126099e+02;7.419423461e-01
5.963389893e+02;7.423417568e-01
5.965653687e+02;7.412500978e-01
5.967917480e+02;7.553351521e-01
5.970181885e+02;7.463622689e-01
5.972445679e+02;7.451640964e-01
5.974710083e+02;7.480663061e-01
5.976974487e+02;7.479331493e-01
5.979238892e+02;7.505957484e-01
5.981503296e+02;7.595952749e-01
5.983768311e+02;7.544565201e-01
5.986032715e+02;7.560806870e-01
5.988297729e+02;7.650535703e-01
5.990562744e+02;7.643080354e-01
5.992827759e+02;7.587965131e-01
5.995092773e+02;7.611395717e-01
5.997357788e+02;7.623377442e-01
5.999623413e+02;7.639885545e-01
6.001889038e+02;7.667576671e-01
6.004154663e+02;7.706716657e-01
6.006420288e+02;7.617785931e-01
6.008685913e+02;7.733608484e-01
6.010951538e+02;7.699793577e-01
6.013217773e+02;7.708314061e-01
6.015484009e+02;7.754376531e-01
6.017749634e+02;7.806030512e-01
6.020015869e+02;7.724555731e-01
6.022282715e+02;7.833988070e-01
6.024548950e+02;7.747454047e-01
6.026815796e+02;7.709911466e-01
6.029082031e+02;7.750648856e-01
6.031348877e+02;7.798575759e-01
6.033615723e+02;7.844904661e-01
6.035883179e+02;7.791120410e-01
6.038150024e+02;7.846235633e-01
6.040416870e+02;7.929308414e-01
6.042684326e+02;7.898422480e-01
6.044951782e+02;7.909605503e-01
6.047219238e+02;7.971110940e-01
6.049486694e+02;7.987086177e-01
6.051754761e+02;8.007854819e-01
6.054022217e+02;7.985755205e-01
6.056290283e+02;8.006256819e-01
6.058558350e+02;7.940225005e-01
6.060826416e+02;7.998802066e-01
6.063094482e+02;7.942887545e-01
6.065363159e+02;8.073354363e-01
6.067631226e+02;8.023297787e-01
6.069899902e+02;7.992944121e-01
6.072168579e+02;8.109033108e-01
6.074437256e+02;8.091726303e-01
6.076705933e+02;8.063502908e-01
6.078974609e+02;8.138587475e-01
6.081243896e+02;8.157491684e-01
6.083513184e+02;8.142315149e-01
6.085781860e+02;8.196365833e-01
6.088051147e+02;8.180390000e-01
6.090321045e+02;8.165213466e-01
6.092590332e+02;8.135924935e-01
6.094860229e+02;8.221393824e-01
6.097129517e+02;8.214204907e-01
6.099399414e+02;8.265858889e-01
6.101669312e+02;8.158024549e-01
6.103939209e+02;8.241363168e-01
6.106209717e+02;8.233109117e-01
6.108479614e+02;8.292751312e-01
6.110750122e+02;8.236570358e-01
6.113020630e+02;8.285295963e-01
6.115291138e+02;8.315649629e-01
6.117561646e+02;8.378752470e-01
6.119832764e+02;8.368634582e-01
6.122103271e+02;8.418691158e-01
6.124374390e+02;8.417626023e-01
6.126645508e+02;8.404579759e-01
6.128916626e+02;8.299141526e-01
6.131187744e+02;8.414963484e-01
6.133458862e+02;8.471943140e-01
6.135730591e+02;8.439725637e-01
6.138002319e+02;8.484989405e-01
6.140273438e+02;8.450375795e-01
6.142545166e+02;8.446914554e-01
6.144817505e+02;8.489782214e-01
6.147089233e+02;8.494575024e-01
6.149361572e+02;8.463156223e-01
6.151633301e+02;8.537974954e-01
6.153905640e+02;8.494575024e-01
6.156177979e+02;8.491912484e-01
6.158450317e+02;8.648205996e-01
6.160723267e+02;8.576849103e-01
6.162995605e+02;8.597617149e-01
6.165268555e+02;8.557678461e-01
6.167541504e+02;8.632230759e-01
6.169814453e+02;8.617852330e-01
6.172087402e+02;8.624242544e-01
6.174360352e+02;8.656193614e-01
6.176633911e+02;8.641017079e-01
6.178907471e+02;8.625307679e-01
6.181180420e+02;8.602942228e-01
6.183453979e+02;8.680955768e-01
6.185728149e+02;8.640484810e-01
6.188001709e+02;8.626639247e-01
6.190275879e+02;8.723823428e-01
6.192549438e+02;8.709179163e-01
6.194823608e+02;8.640218377e-01
6.197097778e+02;8.660454154e-01
6.199371948e+02;8.676162958e-01
6.201646729e+02;8.716634512e-01
6.203920898e+02;8.663116693e-01
6.206195679e+02;8.620249033e-01
6.208470459e+02;8.750715852e-01
6.210745239e+02;8.732876182e-01
6.213020020e+02;8.759502172e-01
6.215294800e+02;8.713705540e-01
6.217570190e+02;8.732609749e-01
6.219844971e+02;8.755774498e-01
6.222120361e+02;8.729414940e-01
6.224395752e+02;8.747254014e-01
6.226671143e+02;8.782400489e-01
6.228947144e+02;8.809825182e-01
6.231222534e+02;8.811954856e-01
6.233498535e+02;8.789322972e-01
6.235774536e+02;8.861479163e-01
6.238050537e+02;8.854290247e-01
6.240326538e+02;8.818877935e-01
6.242602539e+02;8.891566396e-01
6.244879150e+02;8.842042089e-01
6.247155762e+02;8.760833144e-01
6.249431763e+02;8.893163800e-01
6.251708374e+02;8.769885898e-01
6.253985596e+02;8.799707294e-01
6.256262207e+02;8.835651875e-01
6.258538818e+02;8.863343000e-01
6.260816040e+02;8.868934512e-01
6.263093262e+02;8.839645982e-01
6.265370483e+02;8.952539563e-01
6.267647705e+02;8.914996982e-01
6.269924927e+02;8.882513642e-01
6.272202759e+02;8.921919465e-01
6.274480591e+02;8.857485056e-01
6.276757812e+02;8.871597052e-01
6.279035645e+02;8.861479163e-01
6.281314087e+02;8.919523358e-01
6.283591919e+02;8.948279023e-01
6.285869751e+02;8.873460889e-01
6.288148193e+02;8.885708451e-01
6.290426636e+02;8.943220377e-01
6.292705078e+02;8.974372745e-01
6.294983521e+02;8.965852261e-01
6.297261963e+02;8.965585828e-01
6.299541016e+02;8.935499191e-01
6.301819458e+02;8.957598209e-01
6.304098511e+02;8.875856996e-01
6.306377563e+02;9.012979865e-01
6.308656616e+02;9.032683372e-01
6.310936279e+02;9.035612345e-01
6.313215332e+02;9.104838967e-01
6.315494995e+02;9.010583758e-01
6.317774658e+02;9.026293159e-01
6.320054321e+02;9.057711363e-01
6.322333984e+02;8.988484144e-01
6.324613647e+02;9.033482075e-01
6.326893921e+02;9.040404558e-01
6.329173584e+02;9.039605856e-01
6.331453857e+02;9.029754400e-01
6.333734131e+02;9.040138721e-01
6.336014404e+02;8.989282846e-01
6.338294678e+02;9.122145772e-01
6.340575562e+02;9.047593474e-01
6.342855835e+02;9.031351805e-01
6.345136719e+02;9.099513888e-01
6.347417603e+02;9.088597298e-01
6.349698486e+02;9.055315256e-01
6.351979980e+02;9.082207084e-01
6.354260864e+02;9.107502103e-01
6.356542358e+02;9.127471447e-01
6.358823853e+02;9.168741107e-01
6.361105347e+02;9.153831005e-01
6.363386841e+02;9.133861661e-01
6.365668335e+02;9.197763205e-01
6.367949829e+02;9.117885828e-01
6.370231934e+02;9.190574288e-01
6.372514038e+02;9.122412205e-01
6.374796143e+02;9.202556014e-01
6.377078247e+02;9.120016098e-01
6.379360352e+02;9.134393930e-01
6.381643066e+02;9.083272219e-01
6.383925171e+02;9.224122763e-01
6.386207886e+02;9.118950963e-01
6.388490601e+02;9.113625884e-01
6.390773315e+02;9.182320237e-01
6.393056030e+02;9.237436056e-01
6.395339355e+02;9.296545386e-01
6.397622070e+02;9.173267484e-01
6.399905396e+02;9.241083860e-01
6.402188721e+02;9.143191576e-01
6.404472046e+02;9.261428118e-01
6.406755371e+02;9.304323196e-01
6.409039307e+02;9.354045391e-01
6.411323242e+02;9.305525422e-01
6.413606567e+02;9.268129468e-01
6.415890503e+02;9.350818396e-01
6.418174438e+02;9.343453646e-01
6.420458984e+02;9.333624244e-01
6.422742920e+02;9.294209480e-01
6.425027466e+02;9.331282973e-01
6.427311401e+02;9.271616936e-01
6.429595947e+02;9.377772808e-01
6.431880493e+02;9.215287566e-01
6.434165649e+02;9.242247939e-01
6.436450195e+02;9.225324988e-01
6.438735352e+02;9.358956218e-01
6.441019897e+02;9.440956116e-01
6.443305054e+02;9.271194339e-01
6.445590210e+02;9.273734093e-01
6.447875977e+02;9.228448868e-01
6.450161133e+02;9.213101864e-01
6.452446899e+02;9.146546125e-01
6.454732056e+02;9.225097299e-01
6.457017822e+02;9.075484276e-01
6.459303589e+02;9.250587225e-01
6.461589966e+02;9.193523526e-01
6.463875732e+02;9.106699824e-01
6.466162109e+02;9.335256219e-01
6.468447876e+02;9.319041967e-01
6.470734253e+02;9.044683576e-01
6.473020630e+02;9.352262020e-01
6.475307617e+02;9.325235486e-01
6.477593994e+02;9.363728166e-01
6.479880981e+02;9.471315742e-01
6.482167358e+02;9.401519299e-01
6.484454346e+02;9.340714812e-01
6.486741333e+02;9.113808274e-01
6.489028320e+02;9.248264432e-01
6.491315918e+02;9.236429930e-01
6.493602905e+02;9.091410041e-01
6.495890503e+02;9.227850437e-01
6.498178101e+02;9.122678638e-01
6.500465698e+02;9.235838652e-01
6.502753296e+02;9.187379479e-01
6.505041504e+02;9.182320237e-01
6.507329102e+02;9.113359451e-01
6.509617310e+02;9.060373902e-01
6.511905518e+02;9.109099507e-01
6.514193726e+02;8.996205926e-01
6.516481934e+02;9.105638266e-01
6.518770142e+02;9.087266326e-01
6.521058960e+02;9.046794772e-01
6.523347778e+02;9.070225358e-01
6.525636597e+02;9.054250121e-01
6.527925415e+02;9.079278708e-01
6.530214233e+02;9.056380391e-01
6.532503052e+02;9.092059135e-01
6.534792480e+02;9.023364186e-01
6.537081299e+02;9.112827182e-01
6.539370728e+02;9.036943316e-01
6.541660156e+02;9.079012275e-01
6.543949585e+02;8.975171447e-01
6.546239624e+02;9.003927112e-01
6.548529053e+02;8.959462047e-01
6.550819092e+02;9.105371833e-01
6.553109131e+02;8.969047666e-01
6.555399170e+02;9.082739949e-01
6.557689209e+02;9.047593474e-01
6.559979248e+02;9.018305540e-01
6.562269897e+02;8.970911503e-01
6.564560547e+02;9.024162889e-01
6.566851196e+02;9.109631777e-01
6.569141846e+02;9.048392177e-01
6.571432495e+02;9.060108066e-01
6.573723145e+02;9.078213573e-01
6.576014404e+02;9.080077410e-01
6.578305054e+02;9.016707540e-01
6.580596313e+02;9.071024656e-01
6.582887573e+02;9.067030549e-01
6.585178833e+02;9.051854014e-01
6.587470703e+02;8.938694000e-01
6.589761963e+02;8.957065940e-01
6.592053833e+02;8.991146684e-01
6.594345703e+02;8.974106312e-01
6.596637573e+02;8.983425498e-01
6.598929443e+02;9.012714028e-01
6.601221313e+02;8.889968991e-01
6.603513794e+02;8.865472674e-01
6.605805664e+02;8.875856996e-01
6.608098145e+02;8.956000805e-01
6.610390625e+02;9.069426656e-01
6.612683105e+02;8.899820447e-01
6.614975586e+02;8.935499191e-01
6.617268677e+02;8.909671903e-01
6.619561768e+02;8.995140791e-01
6.621854248e+02;8.835918307e-01
6.624147339e+02;8.945882916e-01
6.626441040e+02;8.901684284e-01
6.628734131e+02;8.878519535e-01
6.631027222e+02;8.862277865e-01
6.633320923e+02;8.854556084e-01
6.635614624e+02;8.851094842e-01
6.637908325e+02;8.868934512e-01
6.640202026e+02;8.855887651e-01
6.642495728e+02;8.855088949e-01
6.644790039e+02;8.853491545e-01
6.647083740e+02;8.838048577e-01
6.649378052e+02;8.844971061e-01
6.651672363e+02;8.846036196e-01
6.653966675e+02;8.879052401e-01
6.656260986e+02;8.914198279e-01
6.658555908e+02;8.892365098e-01
6.660850220e+02;8.786128163e-01
6.663145142e+02;8.764294982e-01
6.665440063e+02;8.791985512e-01
6.667734985e+02;8.764294982e-01
6.670030518e+02;8.830593228e-01
6.672325439e+02;8.843107224e-01
6.674620972e+02;8.805298805e-01
6.676915894e+02;8.719829321e-01
6.679211426e+02;8.822605610e-01
6.681506958e+02;8.787992001e-01
6.683803101e+02;8.830326796e-01
6.686098633e+02;8.720095754e-01
6.688394775e+02;8.735272288e-01
6.690690308e+02;8.768821359e-01
6.692986450e+02;8.700126410e-01
6.695282593e+02;8.740065098e-01
6.697579346e+02;8.752579093e-01
6.699875488e+02;8.663915396e-01
6.702172241e+02;8.751248121e-01
6.704468384e+02;8.648472428e-01
6.706765137e+02;8.699859977e-01
6.709061890e+02;8.705451488e-01
6.711359253e+02;8.750182986e-01
6.713656006e+02;8.810091019e-01
6.715953369e+02;8.683086038e-01
6.718250122e+02;8.688943386e-01
6.720547485e+02;8.672701716e-01
6.722844849e+02;8.724089861e-01
6.725142822e+02;8.690541387e-01
6.727440186e+02;8.713705540e-01
6.729738159e+02;8.650336266e-01
6.732035522e+02;8.746721745e-01
6.734333496e+02;8.728882670e-01
6.736631470e+02;8.690008521e-01
6.738929443e+02;8.750981688e-01
6.741228027e+02;8.691073656e-01
6.743526001e+02;8.687612414e-01
6.745824585e+02;8.635425568e-01
6.748123169e+02;8.720362186e-01
6.750421753e+02;8.684683442e-01
6.752720337e+02;8.690008521e-01
6.755019531e+02;8.618385196e-01
6.757318115e+02;8.701723814e-01
6.759617310e+02;8.717433214e-01
6.761916504e+02;8.673234582e-01
6.764215698e+02;8.674831986e-01
6.766514893e+02;8.719829321e-01
6.768814087e+02;8.672968149e-01
6.771113892e+02;8.648472428e-01
6.773413696e+02;8.643413186e-01
6.775712891e+02;8.669772744e-01
6.778012695e+02;8.632230759e-01
6.780313110e+02;8.685482144e-01
6.782612915e+02;8.607735038e-01
6.784912720e+02;8.586434126e-01
6.787213135e+02;8.643413186e-01
6.789513550e+02;8.653531075e-01
6.791813965e+02;8.599214554e-01
6.794114380e+02;8.643679619e-01
6.796415405e+02;8.726752400e-01
6.798715820e+02;8.686547279e-01
6.801016846e+02;8.575517535e-01
6.803317871e+02;8.611728549e-01
6.805618896e+02;8.658856153e-01
6.807919922e+02;8.583239317e-01
6.810220947e+02;8.617586493e-01
6.812522583e+02;8.599214554e-01
6.814823608e+02;8.578180075e-01
6.817125244e+02;8.688943386e-01
6.819426880e+02;8.586700559e-01
6.821728516e+02;8.723556995e-01
6.824030151e+02;8.621580005e-01
6.826332397e+02;8.662317991e-01
6.828634644e+02;8.535845280e-01
6.830936279e+02;8.621314168e-01
6.833238525e+02;8.612793684e-01
6.835540771e+02;8.673234582e-01
6.837843628e+02;8.515875936e-01
6.840145874e+02;8.596552014e-01
6.842448730e+02;8.551288247e-01
6.844751587e+02;8.640484810e-01
6.847054443e+02;8.586966395e-01
6.849357300e+02;8.512148261e-01
6.851660156e+02;8.619716167e-01
6.853963623e+02;8.625307679e-01
6.856266479e+02;8.536377549e-01
6.858569946e+02;8.579511642e-01
6.860873413e+02;8.573653698e-01
6.863176880e+02;8.550489545e-01
6.865480347e+02;8.653797507e-01
6.867784424e+02;8.581375480e-01
6.870087891e+02;8.530786037e-01
6.872391968e+02;8.480463028e-01
6.874696045e+02;8.513479233e-01
6.877000122e+02;8.562204838e-01
6.879304199e+02;8.543034196e-01
6.881608887e+02;8.530253768e-01
6.883912964e+02;8.470611572e-01
6.886217651e+02;8.514810801e-01
6.888522339e+02;8.512148261e-01
6.890827026e+02;8.470345736e-01
6.893131714e+02;8.539838791e-01
6.895437012e+02;8.471676707e-01
6.897741699e+02;8.460760117e-01
6.900046997e+02;8.512148261e-01
6.902352295e+02;8.496971130e-01
6.904657593e+02;8.477268219e-01
6.906962891e+02;8.455435038e-01
6.909268799e+02;8.510284424e-01
6.911574097e+02;8.387006521e-01
6.913880005e+02;8.480463028e-01
6.916185913e+02;8.461292982e-01
6.918491821e+02;8.427743912e-01
6.920797729e+02;8.479664326e-01
6.923104248e+02;8.430140615e-01
6.925410156e+02;8.425880075e-01
6.927716675e+02;8.436796665e-01
6.930023193e+02;8.388338089e-01
6.932329712e+02;8.437063098e-01
6.934636230e+02;8.404579759e-01
6.936942749e+02;8.379018903e-01
6.939249878e+02;8.380349874e-01
6.941557007e+02;8.323637247e-01
6.943864136e+02;8.319909573e-01
6.946171265e+02;8.365439773e-01
6.948478394e+02;8.190241456e-01
6.950785522e+02;8.422418833e-01
6.953093262e+02;8.364641070e-01
6.955400391e+02;8.304466605e-01
6.957708130e+02;8.304998875e-01
6.960015869e+02;8.327897191e-01
6.962323608e+02;8.301537633e-01
6.964631958e+02;8.241629601e-01
6.966939697e+02;8.247753382e-01
6.969248047e+02;8.257339001e-01
6.971556396e+02;8.232310414e-01
6.973864746e+02;8.317247033e-01
6.976173096e+02;8.285295963e-01
6.978481445e+02;8.221127391e-01
6.980790405e+02;8.236836791e-01
6.983099365e+02;8.270385265e-01
6.985407715e+02;8.277574182e-01
6.987716675e+02;8.314850330e-01
6.990025635e+02;8.275976777e-01
6.992335205e+02;8.283698559e-01
6.994644165e+02;8.301804066e-01
6.996953735e+02;8.144977689e-01
6.999263306e+02;8.303401470e-01
7.001572876e+02;8.246688247e-01
7.003882446e+02;8.186513782e-01
7.006192017e+02;8.257871270e-01
7.008502197e+02;8.174798489e-01
7.010811768e+02;8.256007433e-01
7.013121948e+02;8.256273866e-01
7.015432129e+02;8.224056363e-01
7.017742310e+02;8.236038089e-01
7.020052490e+02;8.216867447e-01
7.022363281e+02;8.234174252e-01
7.024674072e+02;8.249084949e-01
7.026984253e+02;8.203554749e-01
7.029295044e+02;8.253078461e-01
7.031605835e+02;8.275710344e-01
7.033917236e+02;8.269054294e-01
7.036228027e+02;8.189442754e-01
7.038539429e+02;8.250948787e-01
7.040850220e+02;8.228582740e-01
7.043161621e+02;8.254410028e-01
7.045473022e+02;8.188644052e-01
7.047785034e+02;8.147640228e-01
7.050096436e+02;8.208613396e-01
7.052408447e+02;8.293550014e-01
7.054719849e+02;8.255741000e-01
7.057031860e+02;8.240298033e-01
7.059343872e+02;8.171869516e-01
7.061656494e+02;8.234440684e-01
7.063968506e+02;8.332157135e-01
7.066281128e+02;8.230979443e-01
7.068593140e+02;8.202756047e-01
7.070905762e+02;8.170272112e-01
7.073218384e+02;8.212607503e-01
7.075531616e+02;8.234972954e-01
7.077844238e+02;8.258669972e-01
7.080157471e+02;8.217133880e-01
7.082470093e+02;8.149504066e-01
7.084783325e+02;8.194501996e-01
7.087096558e+02;8.240032196e-01
7.089409790e+02;8.210477233e-01
7.091723633e+02;8.219529986e-01
7.094036865e+02;8.158024549e-01
7.096350708e+02;8.211808801e-01
7.098664551e+02;8.230446577e-01
7.100978394e+02;8.185182810e-01
7.103292236e+02;8.190507889e-01
7.105606689e+02;8.181455135e-01
7.107920532e+02;8.192638159e-01
7.110234985e+02;8.188910484e-01
7.112549438e+02;8.180123568e-01
7.114863892e+02;8.232310414e-01
7.117178345e+02;8.096784949e-01
7.119492798e+02;8.152433038e-01
7.121807861e+02;8.138587475e-01
7.124122314e+02;8.217932582e-01
7.126437378e+02;8.054982424e-01
7.128752441e+02;8.129801154e-01
7.131067505e+02;8.098915219e-01
7.133383179e+02;8.093589544e-01
7.135698242e+02;8.088797331e-01
7.138013916e+02;8.074419498e-01
7.140329590e+02;7.996938229e-01
7.142645264e+02;8.061639071e-01
7.144960938e+02;7.978299856e-01
7.147276611e+02;8.028622866e-01
7.149592896e+02;7.984423637e-01
7.151908569e+02;7.873128057e-01
7.154224854e+02;7.860879898e-01
7.156541138e+02;8.015576005e-01
7.158857422e+02;7.958862782e-01
7.161173706e+02;7.917859554e-01
7.163490601e+02;7.851560712e-01
7.165806885e+02;7.893629670e-01
7.168123779e+02;7.830526233e-01
7.170440674e+02;7.888038158e-01
7.172757568e+02;7.870731354e-01
7.175075073e+02;7.793516517e-01
7.177391968e+02;7.763695717e-01
7.179709473e+02;7.761831880e-01
7.182026367e+02;7.756773233e-01
7.184343872e+02;7.763163447e-01
7.186661377e+02;7.667842507e-01
7.188979492e+02;7.742661238e-01
7.191296997e+02;7.728283405e-01
7.193615112e+02;7.746388912e-01
7.195933228e+02;7.594088912e-01
7.198250732e+02;7.669706345e-01
7.200569458e+02;7.607934475e-01
7.202887573e+02;7.609798312e-01
7.205205688e+02;7.584769726e-01
7.207524414e+02;7.610064745e-01
7.209842529e+02;7.567463517e-01
7.212161255e+02;7.504892349e-01
7.214479980e+02;7.553351521e-01
7.216799316e+02;7.541636229e-01
7.219118042e+02;7.441523075e-01
7.221437378e+02;7.512081265e-01
7.223756104e+02;7.475870252e-01
7.226075439e+02;7.422618866e-01
7.228394775e+02;7.423151135e-01
7.230714111e+02;7.426346540e-01
7.233034058e+02;7.508886456e-01
7.235353394e+02;7.483857870e-01
7.237673340e+02;7.307861447e-01
7.239993286e+02;7.387206554e-01
7.242313232e+02;7.340611219e-01
7.244633179e+02;7.345137596e-01
7.246953735e+02;7.320907712e-01
7.249273682e+02;7.234373689e-01
7.251594238e+02;7.258603573e-01
7.253914795e+02;7.337948680e-01
7.256235352e+02;7.289223075e-01
7.258555908e+02;7.285229564e-01
7.260876465e+02;7.171536684e-01
7.263197632e+02;7.264993787e-01
7.265518188e+02;7.147307396e-01
7.267839355e+02;7.156893015e-01
7.270160522e+02;7.120149136e-01
7.272481689e+02;7.151833773e-01
7.274803467e+02;7.111895084e-01
7.277124634e+02;7.181122303e-01
7.279446411e+02;7.171004415e-01
7.281768188e+02;7.144644856e-01
7.284089355e+02;7.076482773e-01
7.286411743e+02;7.030686140e-01
7.288733521e+02;7.054116726e-01
7.291055298e+02;7.127604485e-01
7.293377686e+02;7.160354257e-01
7.295700073e+02;7.094854712e-01
7.298022461e+02;6.908207536e-01
7.300344849e+02;7.024030089e-01
7.302667236e+02;6.939892173e-01
7.304990234e+02;6.990481019e-01
7.307312622e+02;6.993409991e-01
7.309635620e+02;6.942022443e-01
7.311958618e+02;6.892764568e-01
7.314281616e+02;6.836051345e-01
7.316604614e+02;6.939093471e-01
7.318928223e+02;6.963589191e-01
7.321251221e+02;6.816348433e-01
7.323574829e+02;6.868534684e-01
7.325898438e+02;6.815549731e-01
7.328222046e+02;6.917260289e-01
7.330545654e+02;6.835252643e-01
7.332869873e+02;6.833122373e-01
7.335193481e+02;6.854156852e-01
7.337517700e+02;6.706383824e-01
7.339841919e+02;6.697064638e-01
7.342166138e+02;6.761232615e-01
7.344490356e+02;6.747121215e-01
7.346815186e+02;6.750050187e-01
7.349139404e+02;6.647540331e-01
7.351464233e+02;6.731944084e-01
7.353789062e+02;6.616654396e-01
7.356113892e+02;6.684816480e-01
7.358438721e+02;6.581242085e-01
7.360763550e+02;6.576982141e-01
7.363088989e+02;6.553550959e-01
7.365414429e+02;6.555148959e-01
7.367739258e+02;6.512813568e-01
7.370065308e+02;6.633694768e-01
7.372390747e+02;6.539439559e-01
7.374716187e+02;6.566331387e-01
7.377042236e+02;6.504825950e-01
7.379367676e+02;6.458497047e-01
7.381693726e+02;6.443586349e-01
7.384019775e+02;6.438527703e-01
7.386345825e+02;6.447846889e-01
7.388672485e+02;6.485655308e-01
7.390998535e+02;6.423350573e-01
7.393325195e+02;6.461691856e-01
7.395651855e+02;6.449444294e-01
7.397978516e+02;6.338946819e-01
7.400305176e+02;6.373293996e-01
7.402631836e+02;6.375957131e-01
7.404959106e+02;6.344804764e-01
7.407285767e+02;6.271583438e-01
7.409613037e+02;6.305664778e-01
7.411940308e+02;6.347467303e-01
7.414267578e+02;6.271317601e-01
7.416594849e+02;6.217799187e-01
7.418922729e+02;6.251880527e-01
7.421250000e+02;6.219929457e-01
7.423577881e+02;6.146708131e-01
7.425905762e+02;6.219663024e-01
7.428233643e+02;6.198894978e-01
7.430562134e+02;6.134460568e-01
7.432890015e+02;6.134194136e-01
7.435218506e+02;6.178925633e-01
7.437546387e+02;6.175730824e-01
7.439874878e+02;6.111828685e-01
7.442203369e+02;6.043133736e-01
7.444532471e+02;6.124609113e-01
7.446860962e+02;6.021833420e-01
7.449190063e+02;6.042335033e-01
7.451518555e+02;5.994674563e-01
7.453847656e+02;6.033015847e-01
7.456176758e+02;5.978965759e-01
7.458506470e+02;5.969114304e-01
7.460835571e+02;5.969646573e-01
7.463164673e+02;6.005058885e-01
7.465494385e+02;5.918524861e-01
7.467824097e+02;5.912134647e-01
7.470153809e+02;5.851427913e-01
7.472483521e+02;5.935032964e-01
7.474813843e+02;5.832523704e-01
7.477143555e+02;5.831192136e-01
7.479473877e+02;5.823204517e-01
7.481804199e+02;5.894561410e-01
7.484134521e+02;5.841310024e-01
7.486464844e+02;5.724156499e-01
7.488795166e+02;5.786460638e-01
7.491126099e+02;5.771550536e-01
7.493457031e+02;5.757704973e-01
7.495787354e+02;5.673301220e-01
7.498118286e+02;5.752645731e-01
7.500449829e+02;5.714038610e-01
7.502780762e+02;5.659987926e-01
7.505111694e+02;5.727351308e-01
7.507443237e+02;5.713239908e-01
7.509774780e+02;5.670904517e-01
7.512106323e+02;5.657591820e-01
7.514437866e+02;5.602210164e-01
7.516769409e+02;5.563602448e-01
7.519101562e+02;5.594488382e-01
7.521433105e+02;5.544431806e-01
7.523765259e+02;5.561206341e-01
7.526097412e+02;5.572388768e-01
7.528429565e+02;5.574519038e-01
7.530762329e+02;5.499700308e-01
7.533094482e+02;5.469879508e-01
7.535427246e+02;5.516208410e-01
7.537759399e+02;5.464287996e-01
7.540092163e+02;5.499966741e-01
7.542425537e+02;5.489848852e-01
7.544758301e+02;5.473873615e-01
7.547091064e+02;5.469080806e-01
7.549424438e+02;5.463222861e-01
7.551757812e+02;5.427011847e-01
7.554090576e+02;5.378819108e-01
7.556424561e+02;5.481594801e-01
7.558757935e+02;5.423817039e-01
7.561091309e+02;5.378286839e-01
7.563425293e+02;5.426479578e-01
7.565759277e+02;5.325567722e-01
7.568092651e+02;5.326366425e-01
7.570426636e+02;5.304799080e-01
7.572761230e+02;5.295480490e-01
7.575095215e+02;5.302136540e-01
7.577429810e+02;5.340744257e-01
7.579763794e+02;5.256606340e-01
7.582098389e+02;5.279771090e-01
7.584432983e+02;5.210543871e-01
7.586767578e+02;5.301604271e-01
7.589102783e+02;5.279504657e-01
7.591437378e+02;5.220128894e-01
7.593772583e+02;5.288823843e-01
7.596107788e+02;5.186314583e-01
7.598442993e+02;5.199627280e-01
7.600778198e+02;5.282167196e-01
7.603113403e+02;5.218531489e-01
7.605449219e+02;5.179924369e-01
7.607785034e+02;5.240631104e-01
7.610120239e+02;5.176728964e-01
7.612456055e+02;5.081408620e-01
7.614792480e+02;5.134926438e-01
7.617128296e+02;5.127204657e-01
7.619464111e+02;5.124542117e-01
7.621800537e+02;5.097916722e-01
7.624136963e+02;5.083006024e-01
7.626473389e+02;5.063036680e-01
7.628809814e+02;5.026825666e-01
7.631146240e+02;5.039073229e-01
7.633483276e+02;5.004193783e-01
7.635819702e+02;4.940291643e-01
7.638156738e+02;5.033481717e-01
7.640493774e+02;5.026026964e-01
7.642830811e+02;5.044398308e-01
7.645167847e+02;5.002329946e-01
7.647505493e+02;4.994075894e-01
7.649842529e+02;4.977035224e-01
7.652180176e+02;4.933102429e-01
7.654517822e+02;4.952805638e-01
7.656855469e+02;5.000199676e-01
7.659193726e+02;4.877987206e-01
7.661531372e+02;4.909671843e-01
7.663869019e+02;4.893696308e-01
7.666207275e+02;4.942954183e-01
7.668545532e+02;4.873460829e-01
7.670883789e+02;4.936563969e-01
7.673222046e+02;4.860413969e-01
7.675560913e+02;4.846568704e-01
7.677899170e+02;4.806896150e-01
7.680238037e+02;4.864141643e-01
7.682576904e+02;4.809026122e-01
7.684915771e+02;4.816215038e-01
7.687254639e+02;4.867070615e-01
7.689594116e+02;4.752046764e-01
7.691932983e+02;4.840711057e-01
7.694272461e+02;4.739798903e-01
7.696611938e+02;4.752579331e-01
7.698951416e+02;4.757638276e-01
7.701290894e+02;4.678027034e-01
7.703630371e+02;4.707315564e-01
7.705970459e+02;4.706250429e-01
7.708309937e+02;4.701990187e-01
7.710650024e+02;4.612793624e-01
7.712990112e+02;4.655128717e-01
7.715330200e+02;4.656193852e-01
7.717670898e+02;4.616521299e-01
7.720010986e+02;4.613858759e-01
7.722351685e+02;4.634626806e-01
7.724692383e+02;4.635691941e-01
7.727033081e+02;4.574186206e-01
7.729373779e+02;4.588297904e-01
7.731714478e+02;4.581108987e-01
7.734055176e+02;4.595486820e-01
7.736396484e+02;4.555814564e-01
7.738737793e+02;4.545962811e-01
7.741079102e+02;4.474339485e-01
7.743420410e+02;4.493509829e-01
7.745761719e+02;4.521733224e-01
7.748103638e+02;4.466884136e-01
7.750444946e+02;4.479131997e-01
7.752786865e+02;4.424549043e-01
7.755128784e+02;4.435199499e-01
7.757470703e+02;4.417360127e-01
7.759812622e+02;4.487119615e-01
7.762155151e+02;4.394727945e-01
7.764497070e+02;4.437063038e-01
7.766839600e+02;4.435731769e-01
7.769182129e+02;4.379018843e-01
7.771524658e+02;4.413366318e-01
7.773867188e+02;4.418158829e-01
7.776209717e+02;4.390468001e-01
7.778552856e+02;4.429075420e-01
7.780895996e+02;4.285562038e-01
7.783239136e+02;4.350529313e-01
7.785582275e+02;4.375291169e-01
7.787925415e+02;4.356653094e-01
7.790268555e+02;4.266923964e-01
7.792612305e+02;4.250948429e-01
7.794955444e+02;4.255208671e-01
7.797299194e+02;4.296478629e-01
7.799642944e+02;4.230446517e-01
7.801986694e+02;4.240031838e-01
7.804331055e+02;4.218731225e-01
7.806674805e+02;4.249351025e-01
7.809019165e+02;4.138853848e-01
7.811363525e+02;4.266125262e-01
7.813707886e+02;4.191572964e-01
7.816052246e+02;4.160420597e-01
7.818396606e+02;4.175331295e-01
7.820741577e+02;4.160687029e-01
7.823085938e+02;4.127404690e-01
7.825430908e+02;4.152166545e-01
7.827775879e+02;4.113292992e-01
7.830120850e+02;4.099447429e-01
7.832465820e+02;4.039273262e-01
7.834811401e+02;4.093057215e-01
7.837156372e+02;4.093856215e-01
7.839501953e+02;4.089329839e-01
7.841847534e+02;4.046195745e-01
7.844193115e+02;4.103441536e-01
7.846539307e+02;4.019037485e-01
7.848884888e+02;4.098914862e-01
7.851231079e+02;4.012913406e-01
7.853576660e+02;4.077081680e-01
7.855922852e+02;4.023031294e-01
7.858269043e+02;4.090128541e-01
7.860615845e+02;3.991879225e-01
7.862962036e+02;3.979098797e-01
7.865308228e+02;4.017439783e-01
7.867655029e+02;4.002529383e-01
7.870001831e+02;3.974838555e-01
7.872348633e+02;3.995340466e-01
7.874695435e+02;3.974039853e-01
7.877042847e+02;3.987352848e-01
7.879389648e+02;3.969247043e-01
7.881737061e+02;3.887505829e-01
7.884084473e+02;3.908273876e-01
7.886431885e+02;3.966584504e-01
7.888779297e+02;3.885109425e-01
7.891126709e+02;3.926645815e-01
7.893474731e+02;3.904280066e-01
7.895822144e+02;3.872861564e-01
7.898170166e+02;3.937828541e-01
7.900518188e+02;3.905345201e-01
7.902866211e+02;3.846502006e-01
7.905214844e+02;3.855288625e-01
7.907562866e+02;3.870465159e-01
7.909911499e+02;3.874991536e-01
7.912260132e+02;3.875257969e-01
7.914608765e+02;3.872328997e-01
7.916957397e+02;3.793250322e-01
7.919306030e+02;3.840111792e-01
7.921655273e+02;3.863276243e-01
7.924003906e+02;3.823870122e-01
7.926353149e+02;3.799107969e-01
7.928702393e+02;3.783665001e-01
7.931051636e+02;3.790587783e-01
7.933400879e+02;3.783931434e-01
7.935750732e+02;3.712840378e-01
7.938099976e+02;3.757039309e-01
7.940449829e+02;3.761033118e-01
7.942799683e+02;3.712307811e-01
7.945149536e+02;3.758636713e-01
7.947499390e+02;3.731478453e-01
7.949849854e+02;3.743459880e-01
7.952199707e+02;3.727218211e-01
7.954550171e+02;3.762630522e-01
7.956900635e+02;3.679025471e-01
7.959251099e+02;3.717100322e-01
7.961601562e+02;3.773014843e-01
7.963952026e+02;3.746921420e-01
7.966303101e+02;3.744525015e-01
7.968654175e+02;3.670238853e-01
7.971004639e+02;3.744525015e-01
7.973355713e+02;3.643080592e-01
7.975707397e+02;3.702456355e-01
7.978058472e+02;3.585302532e-01
7.980410156e+02;3.635625243e-01
7.982761230e+02;3.606869578e-01
7.985112915e+02;3.674765229e-01
7.987464600e+02;3.601278067e-01
7.989816284e+02;3.652133346e-01
7.992167969e+02;3.630300164e-01
7.994520264e+02;3.607135713e-01
7.996872559e+02;3.621513546e-01
7.999224243e+02;3.613792062e-01
8.001576538e+02;3.610064685e-01
8.003928833e+02;3.635891676e-01
8.006281738e+02;3.529654443e-01
8.008634033e+02;3.630300164e-01
8.010986938e+02;3.577048481e-01
8.013339844e+02;3.579444885e-01
8.015692749e+02;3.550688922e-01
8.018045654e+02;3.507288694e-01
8.020398560e+02;3.481728137e-01
8.022751465e+02;3.483059406e-01
8.025104980e+02;3.515809178e-01
8.027458496e+02;3.461492360e-01
8.029812012e+02;3.444718122e-01
8.032165527e+02;3.460693657e-01
8.034519043e+02;3.444718122e-01
8.036872559e+02;3.483059406e-01
8.039226685e+02;3.477734029e-01
8.041580811e+02;3.445250690e-01
8.043934326e+02;3.462024927e-01
8.046288452e+02;3.438860476e-01
8.048643188e+02;3.357385397e-01
8.050997314e+02;3.431138992e-01
8.053352051e+02;3.427943885e-01
8.055706177e+02;3.423950076e-01
8.058060913e+02;3.383212388e-01
8.060415649e+02;3.359515369e-01
8.062770386e+02;3.361379206e-01
8.065125732e+02;3.375224769e-01
8.067480469e+02;3.322239220e-01
8.069835815e+02;3.293749690e-01
8.072191162e+02;3.335818350e-01
8.074546509e+02;3.336883485e-01
8.076901855e+02;3.288690746e-01
8.079257202e+02;3.300139904e-01
8.081613159e+02;3.263129890e-01
8.083968506e+02;3.264461160e-01
8.086324463e+02;3.262331188e-01
8.088680420e+02;3.275910318e-01
8.091036377e+02;3.227717578e-01
8.093392334e+02;3.234640360e-01
8.095748901e+02;3.200559020e-01
8.098104858e+02;3.197630346e-01
8.100461426e+02;3.207748234e-01
8.102817993e+02;3.218664825e-01
8.105174561e+02;3.084470332e-01
8.107531128e+02;3.155561388e-01
8.109888306e+02;3.192571402e-01
8.112244873e+02;3.164348006e-01
8.114602051e+02;3.146775067e-01
8.116959229e+02;3.130533099e-01
8.119316406e+02;3.115356565e-01
8.121673584e+02;3.096452057e-01
8.124031372e+02;3.074618876e-01
8.126388550e+02;3.133728206e-01
8.128746338e+02;3.044265509e-01
8.131104126e+02;2.985156178e-01
8.133461914e+02;3.064767420e-01
8.135819702e+02;3.052519560e-01
8.138177490e+02;3.057045937e-01
8.140535889e+02;2.998735309e-01
8.142894287e+02;3.074618876e-01
8.145252075e+02;2.947081029e-01
8.147610474e+02;3.015775681e-01
8.149969482e+02;3.009385467e-01
8.152327881e+02;2.953471243e-01
8.154686279e+02;2.916993797e-01
8.157045288e+02;2.952672541e-01
8.159404297e+02;2.888238132e-01
8.161763306e+02;2.983292341e-01
8.164122314e+02;2.881315351e-01
8.166481323e+02;2.897290885e-01
8.168840942e+02;2.919390202e-01
8.171199951e+02;2.912733853e-01
8.173559570e+02;2.906343639e-01
8.175919189e+02;2.927378118e-01
8.178278809e+02;2.868534923e-01
8.180638428e+02;2.862677276e-01
8.182998657e+02;2.856819630e-01
8.185358276e+02;2.850961983e-01
8.187718506e+02;2.840311527e-01
8.190078735e+02;2.868268788e-01
8.192438965e+02;2.793450058e-01
8.194799194e+02;2.799041569e-01
8.197160034e+02;2.782799602e-01
8.199520264e+02;2.754842639e-01
8.201881104e+02;2.800106406e-01
8.204241943e+02;2.743393481e-01
8.206602783e+02;2.778007090e-01
8.208963623e+02;2.749251127e-01
8.211325073e+02;2.738068402e-01
8.213685913e+02;2.757505178e-01
8.216047363e+02;2.754576206e-01
8.218408813e+02;2.743926048e-01
8.220770264e+02;2.690940499e-01
8.223131714e+02;2.690674365e-01
8.225493164e+02;2.725287974e-01
8.227855225e+02;2.677627504e-01
8.230216675e+02;2.661119699e-01
8.232578735e+02;2.689076662e-01
8.234940796e+02;2.735671997e-01
8.237302856e+02;2.683219016e-01
8.239665527e+02;2.653664351e-01
8.242027588e+02;2.610530555e-01
8.244390259e+02;2.619317174e-01
8.246752930e+02;2.656593323e-01
8.249115601e+02;2.613725662e-01
8.251478271e+02;2.647274137e-01
8.253840942e+02;2.571390569e-01
8.256203613e+02;2.646475434e-01
8.258566895e+02;2.545031011e-01
8.260930176e+02;2.592957318e-01
8.263293457e+02;2.575384378e-01
8.265656738e+02;2.564201653e-01
8.268020020e+02;2.564201653e-01
8.270383301e+02;2.583105862e-01
8.272747192e+02;2.567130327e-01
8.275111084e+02;2.572455704e-01
8.277474976e+02;2.578313351e-01
8.279838867e+02;2.571923137e-01
8.282202759e+02;2.576449513e-01
8.284566650e+02;2.555947602e-01
8.286931152e+02;2.526925504e-01
8.289295044e+02;2.519204021e-01
8.291659546e+02;2.532250583e-01
8.294024048e+02;2.534380555e-01
8.296388550e+02;2.505624592e-01
8.298753662e+02;2.533581853e-01
8.301118164e+02;2.498701960e-01
8.303483276e+02;2.529055476e-01
8.305848389e+02;2.500832081e-01
8.308213501e+02;2.557278872e-01
8.310578613e+02;2.479531318e-01
8.312943726e+02;2.475803792e-01
8.315309448e+02;2.459295690e-01
8.317674561e+02;2.538906932e-01
8.320040283e+02;2.447047830e-01
8.322406006e+02;2.459295690e-01
8.324771729e+02;2.475803792e-01
8.327138062e+02;2.490181774e-01
8.329503784e+02;2.475803792e-01
8.331870117e+02;2.463555932e-01
8.334235840e+02;2.463555932e-01
8.336602173e+02;2.430806160e-01
8.338968506e+02;2.424149662e-01
8.341335449e+02;2.481661439e-01
8.343701782e+02;2.424415946e-01
8.346068726e+02;2.413233072e-01
8.348435059e+02;2.448911667e-01
8.350802002e+02;2.447580397e-01
8.353168945e+02;2.419090718e-01
8.355535889e+02;2.381015718e-01
8.357903442e+02;2.427344769e-01
8.360270386e+02;2.403914034e-01
8.362637939e+02;2.396458834e-01
8.365005493e+02;2.422552109e-01
8.367373047e+02;2.373027951e-01
8.369740601e+02;2.398056388e-01
8.372108765e+02;2.426545918e-01
8.374476318e+02;2.371962965e-01
8.376844482e+02;2.372761816e-01
8.379212646e+02;2.448112965e-01
8.381580200e+02;2.341343313e-01
8.383948975e+02;2.379418164e-01
8.386317139e+02;2.354656160e-01
8.388685303e+02;2.336284369e-01
8.391054077e+02;2.366637886e-01
8.393422852e+02;2.306729704e-01
8.395791626e+02;2.305664718e-01
8.398160400e+02;2.348265946e-01
8.400529175e+02;2.395393699e-01
8.402898560e+02;2.363975197e-01
8.405267334e+02;2.314983755e-01
8.407636719e+02;2.346135974e-01
8.410006104e+02;2.327231616e-01
8.412375488e+02;2.306729704e-01
8.414744873e+02;2.300605774e-01
8.417114868e+02;2.326166481e-01
8.419484253e+02;2.260400653e-01
8.421854248e+02;2.330693007e-01
8.424224243e+02;2.295546830e-01
8.426594238e+02;2.308859676e-01
8.428964233e+02;2.303534597e-01
8.431334839e+02;2.292085439e-01
8.433704834e+02;2.248152792e-01
8.436075439e+02;2.251081616e-01
8.438446045e+02;2.273979932e-01
8.440816650e+02;2.218065560e-01
8.443187256e+02;2.216201872e-01
8.445557861e+02;2.240963876e-01
8.447929077e+02;2.255874276e-01
8.450299683e+02;2.270252258e-01
8.452670898e+02;2.249484062e-01
8.455042114e+02;2.252945453e-01
8.457413330e+02;2.208214104e-01
8.459785156e+02;2.283032686e-01
8.462156372e+02;2.243892699e-01
8.464528198e+02;2.239898890e-01
8.466899414e+02;2.190641016e-01
8.469271240e+02;2.221260667e-01
8.471643677e+02;2.232976109e-01
8.474015503e+02;2.199960053e-01
8.476387329e+02;2.175198048e-01
8.478759766e+02;2.223124504e-01
8.481132202e+02;2.168807834e-01
8.483504639e+02;2.163482606e-01
8.485877075e+02;2.139785588e-01
8.488249512e+02;2.182386965e-01
8.490621948e+02;2.213273048e-01
8.492994995e+02;2.165080160e-01
8.495368042e+02;2.163482606e-01
8.497740479e+02;2.110497206e-01
8.500113525e+02;2.108899653e-01
8.502487183e+02;2.094255537e-01
8.504860229e+02;2.121946365e-01
8.507233887e+02;2.124608904e-01
8.509606934e+02;2.133395523e-01
8.511980591e+02;2.148838490e-01
8.514354248e+02;2.138188183e-01
8.516727905e+02;2.096119225e-01
8.519102173e+02;2.090261579e-01
8.521475830e+02;2.073753625e-01
8.523850098e+02;2.076682448e-01
8.526224365e+02;2.101710737e-01
8.528598633e+02;2.107834667e-01
8.530972900e+02;2.069227248e-01
8.533347168e+02;2.047926486e-01
8.535721436e+02;2.020235658e-01
8.538096313e+02;2.039140016e-01
8.540471191e+02;2.051121593e-01
8.542846069e+02;1.993343532e-01
8.545220947e+02;2.064168304e-01
8.547595825e+02;2.014378011e-01
8.549971313e+02;2.030353397e-01
8.552346191e+02;1.992012262e-01
8.554721680e+02;2.007455230e-01
8.557097168e+02;2.027957141e-01
8.559472656e+02;2.005857676e-01
8.561848145e+02;2.028489709e-01
8.564224243e+02;2.026892155e-01
8.566599731e+02;1.940890700e-01
8.568975830e+02;1.961126328e-01
8.571351929e+02;1.977101713e-01
8.573728027e+02;1.930506527e-01
8.576104126e+02;1.947014630e-01
8.578480225e+02;1.944884509e-01
8.580856934e+02;1.923583895e-01
8.583233032e+02;1.928642690e-01
8.585609741e+02;1.893762946e-01
8.587986450e+02;1.952872276e-01
8.590363159e+02;1.963522583e-01
8.592740479e+02;1.939559281e-01
8.595117188e+02;1.946748346e-01
8.597494507e+02;1.919856220e-01
8.599871826e+02;1.930506527e-01
8.602249146e+02;1.910004616e-01
8.604626465e+02;1.874326020e-01
8.607003784e+02;1.911868453e-01
8.609381714e+02;1.888171434e-01
8.611759033e+02;1.853824109e-01
8.614136963e+02;1.892165393e-01
8.616514893e+02;1.906543374e-01
8.618892822e+02;1.853557825e-01
8.621270752e+02;1.888970286e-01
8.623649292e+02;1.897224188e-01
8.626027222e+02;1.855421662e-01
8.628405762e+02;1.829328388e-01
8.630784302e+02;1.842374951e-01
8.633162842e+02;1.847700179e-01
8.635541382e+02;1.809891462e-01
8.637919922e+02;1.864740700e-01
8.640299072e+02;1.844505072e-01
8.642678223e+02;1.801104993e-01
8.645057373e+02;1.869533360e-01
8.647436523e+02;1.795779765e-01
8.649815674e+02;1.785129458e-01
8.652194824e+02;1.786727011e-01
8.654574585e+02;1.818145514e-01
8.656953735e+02;1.818944216e-01
8.659333496e+02;1.793383509e-01
8.661713257e+02;1.765692532e-01
8.664093018e+02;1.809891462e-01
8.666472778e+02;1.760900021e-01
8.668853149e+02;1.730812788e-01
8.671233521e+02;1.794981062e-01
8.673613281e+02;1.816281676e-01
8.675993652e+02;1.765426397e-01
8.678374023e+02;1.738267988e-01
8.680755005e+02;1.761965007e-01
8.683135376e+02;1.764627546e-01
8.685516357e+02;1.712973416e-01
8.687896729e+02;1.774745435e-01
8.690277710e+02;1.713772267e-01
8.692658691e+02;1.767023951e-01
8.695040283e+02;1.772615314e-01
8.697421265e+02;1.755841076e-01
8.699802856e+02;1.700192988e-01
8.702183838e+02;1.734540313e-01
8.704565430e+02;1.686347574e-01
8.706947021e+02;1.658390462e-01
8.709328613e+02;1.701258123e-01
8.711710815e+02;1.675963551e-01
8.714092407e+02;1.696199179e-01
8.716474609e+02;1.693004072e-01
8.718856812e+02;1.644811332e-01
8.721239014e+02;1.646408886e-01
8.723621216e+02;1.612327695e-01
8.726003418e+02;1.708447039e-01
8.728386230e+02;1.641616225e-01
8.730768433e+02;1.625374407e-01
8.733151245e+02;1.651467681e-01
8.735534058e+02;1.641882509e-01
8.737916870e+02;1.592092067e-01
8.740299683e+02;1.608067602e-01
8.742683105e+02;1.621913016e-01
8.745066528e+02;1.574519128e-01
8.747449341e+02;1.593157202e-01
8.749832764e+02;1.562803686e-01
8.752216187e+02;1.583838165e-01
8.754600220e+02;1.571057737e-01
8.756983643e+02;1.543633044e-01
8.759367065e+02;1.557744741e-01
8.761751099e+02;1.599813551e-01
8.764135132e+02;1.549756974e-01
8.766519165e+02;1.574519128e-01
8.768903198e+02;1.499167979e-01
8.771287842e+02;1.540970504e-01
8.773671875e+02;1.505558193e-01
8.776056519e+02;1.522332430e-01
8.778441162e+02;1.540437937e-01
8.780825806e+02;1.479997337e-01
8.783210449e+02;1.537509114e-01
8.785595093e+02;1.543633044e-01
8.787980347e+02;1.520202309e-01
8.790364990e+02;1.515409648e-01
8.792750244e+02;1.519137323e-01
8.795135498e+02;1.469879448e-01
8.797520752e+02;1.463223100e-01
8.799906616e+02;1.466151923e-01
8.802291870e+02;1.476535946e-01
8.804677734e+02;1.446981281e-01
8.807062988e+02;1.429408193e-01
8.809448853e+02;1.445383728e-01
8.811834717e+02;1.477867216e-01
8.814221191e+02;1.441656053e-01
8.816607056e+02;1.474672109e-01
8.818993530e+02;1.437928528e-01
8.821379395e+02;1.413965225e-01
8.823765869e+02;1.421686709e-01
8.826152344e+02;1.437395960e-01
8.828539429e+02;1.437395960e-01
8.830925903e+02;1.415562779e-01
8.833312988e+02;1.413166523e-01
8.835699463e+02;1.382280439e-01
8.838086548e+02;1.398788542e-01
8.840473633e+02;1.407575011e-01
8.842860718e+02;1.407841295e-01
8.845248413e+02;1.386274397e-01
8.847635498e+02;1.335152835e-01
8.850023193e+02;1.346601844e-01
8.852410889e+02;1.370565146e-01
8.854798584e+02;1.341542900e-01
8.857186279e+02;1.387871951e-01
8.859573975e+02;1.354057044e-01
8.861961670e+02;1.326632500e-01
8.864349976e+02;1.331158876e-01
8.866738281e+02;1.392398328e-01
8.869126587e+02;1.383345574e-01
8.871514893e+02;1.338081658e-01
8.873903198e+02;1.325034946e-01
8.876292114e+02;1.371363848e-01
8.878680420e+02;1.341542900e-01
8.881069336e+02;1.340477914e-01
8.883458252e+02;1.344471872e-01
8.885847168e+02;1.297876537e-01
8.888236084e+02;1.307728142e-01
8.890625000e+02;1.331158876e-01
8.893014526e+02;1.284297407e-01
8.895404053e+02;1.328762621e-01
8.897793579e+02;1.279504746e-01
8.900183105e+02;1.253943890e-01
8.902572632e+02;1.240631044e-01
8.904962158e+02;1.260600388e-01
8.907352295e+02;1.272848248e-01
8.909741821e+02;1.285628676e-01
8.912131958e+02;1.263529211e-01
8.914522095e+02;1.262730509e-01
8.916912231e+02;1.270718277e-01
8.919302368e+02;1.281368583e-01
8.921693115e+02;1.248618811e-01
8.924083862e+02;1.271250695e-01
8.926473999e+02;1.273380816e-01
8.928864746e+02;1.288823783e-01
8.931255493e+02;1.233708337e-01
8.933646851e+02;1.248618811e-01
8.936037598e+02;1.266458035e-01
8.938428955e+02;1.239299774e-01
8.940819702e+02;1.221194193e-01
8.943211060e+02;1.210543811e-01
8.945602417e+02;1.232909560e-01
8.947994385e+02;1.232376993e-01
8.950385742e+02;1.223057956e-01
8.952777100e+02;1.243027374e-01
8.955169067e+02;1.212141365e-01
8.957561035e+02;1.199094728e-01
8.959953003e+02;1.229181886e-01
8.962344971e+02;1.241696030e-01
8.964737549e+02;1.183917969e-01
8.967129517e+02;1.186846867e-01
8.969522095e+02;1.214271486e-01
8.971914673e+02;1.191106960e-01
8.974307251e+02;1.165279895e-01
8.976699829e+02;1.177794039e-01
8.979092407e+02;1.187911853e-01
8.981484985e+02;1.170871332e-01
8.983878174e+02;1.210277602e-01
8.986271362e+02;1.190574467e-01
8.988664551e+02;1.173001379e-01
8.991057739e+02;1.174598932e-01
8.993450928e+02;1.130133793e-01
8.995844727e+02;1.150901914e-01
8.998237915e+02;1.120282263e-01
9.000631714e+02;1.156493351e-01
9.003025513e+02;1.140784100e-01
9.005419312e+02;1.114424542e-01
9.007813110e+02;1.125873625e-01
9.010206909e+02;1.128269956e-01
9.012601318e+02;1.147174314e-01
9.014995728e+02;1.138121560e-01
9.017390137e+02;1.141582876e-01
9.019784546e+02;1.169806272e-01
9.022178955e+02;1.085136160e-01
9.024573364e+02;1.108300611e-01
9.026968384e+02;1.068628132e-01
9.029362793e+02;1.088331193e-01
9.031757812e+02;1.096318960e-01
9.034152832e+02;1.104306728e-01
9.036547852e+02;1.039605960e-01
9.038943481e+02;1.081142277e-01
9.041338501e+02;1.079810932e-01
9.043734131e+02;1.068628132e-01
9.046129150e+02;1.069426909e-01
9.048524780e+02;1.054782644e-01
9.050920410e+02;1.066231802e-01
9.053316650e+02;1.044931114e-01
9.055712280e+02;1.075018272e-01
9.058108521e+02;1.067563072e-01
9.060504150e+02;1.066764295e-01
9.062900391e+02;1.071556956e-01
9.065296631e+02;1.071024463e-01
9.067693481e+02;1.038540900e-01
9.070089722e+02;1.026026756e-01
9.072486572e+02;1.043333560e-01
9.074882812e+02;1.006057411e-01
9.077279663e+02;1.036677063e-01
9.079676514e+02;1.049457490e-01
9.082073364e+02;1.030020639e-01
9.084470825e+02;1.029488146e-01
9.086867676e+02;1.030819416e-01
9.089265137e+02;1.019902825e-01
9.091662598e+02;1.008986235e-01
9.094060059e+02;1.001530960e-01
9.096457520e+02;9.788990021e-02
9.098854980e+02;1.018837765e-01
9.101252441e+02;1.019636542e-01
9.103650513e+02;1.037209630e-01
9.106048584e+02;1.043866053e-01
9.108446655e+02;9.975370765e-02
9.110844727e+02;9.954070300e-02
9.113242798e+02;9.810291231e-02
9.115641479e+02;9.788990021e-02
9.118039551e+02;9.719762951e-02
9.120438232e+02;9.828928858e-02
9.122836914e+02;9.642548114e-02
9.125235596e+02;9.629235417e-02
9.127634277e+02;9.402915835e-02
9.130032959e+02;9.323038161e-02
9.132432251e+02;9.285762161e-02
9.134831543e+02;9.536045045e-02
9.137230225e+02;9.376289696e-02
9.139629517e+02;9.072755277e-02
9.142029419e+02;9.448179603e-02
9.144428711e+02;9.488118440e-02
9.146828003e+02;9.514743835e-02
9.149227905e+02;9.133994579e-02
9.151627808e+02;9.224522114e-02
9.154027710e+02;9.450841695e-02
9.156427612e+02;9.128669649e-02
9.158827515e+02;9.373626858e-02
9.161228027e+02;9.062104672e-02
9.163627930e+02;9.096718580e-02
9.166028442e+02;8.811821789e-02
9.168428955e+02;9.157957882e-02
9.170829468e+02;9.075417370e-02
9.173229980e+02;9.024828672e-02
9.175631104e+02;8.928975463e-02
9.178031616e+02;9.070092440e-02
9.180432739e+02;8.907674998e-02
9.182833862e+02;8.942288160e-02
9.185234985e+02;8.931638300e-02
9.187636108e+02;8.928975463e-02
9.190037231e+02;8.833122253e-02
9.192438965e+02;8.934300393e-02
9.194840698e+02;9.118019044e-02
9.197241821e+02;8.545563370e-02
9.199643555e+02;8.588165045e-02
9.202045898e+02;8.644079417e-02
9.204447632e+02;8.409771323e-02
9.206849365e+02;8.644079417e-02
9.209251709e+02;8.540238440e-02
9.211654053e+02;8.425746858e-02
9.214056396e+02;8.308593184e-02
9.216458740e+02;8.502962440e-02
9.218861084e+02;8.297943324e-02
9.221264038e+02;8.473673463e-02
9.223666382e+02;8.071623743e-02
9.226069336e+02;8.468348533e-02
9.228472290e+02;8.167476207e-02
9.230875244e+02;8.452372998e-02
9.233278198e+02;8.431072533e-02
9.235681763e+02;8.258004487e-02
9.238084717e+02;8.186114579e-02
9.240488281e+02;8.300605416e-02
9.242891846e+02;8.263329417e-02
9.245295410e+02;7.973107696e-02
9.247698975e+02;7.879917324e-02
9.250102539e+02;8.183451742e-02
9.252506714e+02;7.906543463e-02
9.254910278e+02;8.114224672e-02
9.257314453e+02;7.986421138e-02
9.259718628e+02;7.720162719e-02
9.262122803e+02;7.810690254e-02
9.264527588e+02;7.595021278e-02
9.266931763e+02;7.648272812e-02
9.269336548e+02;7.600346208e-02
9.271741333e+02;7.453904301e-02
9.274146118e+02;7.605671138e-02
9.276550903e+02;7.658922672e-02
9.278955688e+02;7.613658905e-02
9.281360474e+02;7.536444068e-02
9.283765869e+02;7.587033510e-02
9.286171265e+02;7.845304161e-02
9.288576660e+02;7.810690254e-02
9.290982056e+02;7.461892068e-02
9.293387451e+02;7.690873742e-02
9.295792847e+02;7.416627556e-02
9.298198853e+02;7.443253696e-02
9.300604248e+02;7.432603091e-02
9.303010254e+02;7.427278161e-02
9.305416260e+02;6.870798022e-02
9.307822266e+02;7.581707835e-02
9.310228882e+02;6.844172627e-02
9.312634888e+02;7.195633650e-02
9.315041504e+02;7.158356905e-02
9.317448120e+02;7.248885185e-02
9.319854736e+02;7.203621417e-02
9.322261353e+02;7.049190998e-02
9.324667969e+02;7.267522812e-02
9.327075195e+02;7.115755975e-02
9.329481812e+02;6.892098486e-02
9.331889038e+02;7.169007510e-02
9.334296265e+02;7.105105370e-02
9.336703491e+02;7.270185649e-02
9.339110718e+02;7.038541138e-02
9.341518555e+02;6.937362999e-02
9.343925781e+02;6.732343882e-02
9.346333618e+02;6.977301836e-02
9.348741455e+02;6.865473092e-02
9.351149292e+02;6.591226906e-02
9.353557129e+02;6.628502905e-02
9.355964966e+02;6.370232254e-02
9.358373413e+02;6.495373696e-02
9.360781250e+02;6.420821697e-02
9.363189697e+02;6.492710859e-02
9.365598145e+02;6.543300301e-02
9.368006592e+02;6.157225743e-02
9.370415649e+02;6.596551836e-02
9.372824097e+02;6.133262441e-02
9.375233154e+02;6.838846952e-02
9.377642212e+02;6.567263603e-02
9.380051270e+02;6.303668022e-02
9.382460327e+02;6.708380580e-02
9.384869385e+02;6.492710859e-02
9.387278442e+02;6.322305650e-02
9.389688110e+02;6.157225743e-02
9.392097778e+02;5.821739882e-02
9.394507446e+02;6.122611836e-02
9.396917114e+02;6.285029650e-02
9.399326782e+02;6.247753277e-02
9.401736450e+02;6.319643557e-02
9.404146729e+02;5.936231092e-02
9.406556396e+02;6.029421464e-02
9.408966675e+02;6.013445929e-02
9.411376953e+02;6.205151975e-02
9.413787842e+02;5.896292254e-02
9.416198120e+02;5.952206627e-02
9.418608398e+02;6.199827045e-02
9.421019287e+02;5.781801417e-02
9.423430176e+02;5.914930254e-02
9.425841064e+02;5.933568627e-02
9.428251953e+02;5.733874813e-02
9.430662842e+02;5.869666487e-02
9.433074341e+02;5.534180999e-02
9.435485229e+02;5.622046068e-02
9.437896729e+02;5.496904626e-02
9.440308228e+02;5.539505929e-02
9.442719727e+02;5.366438255e-02
9.445131226e+02;5.960194394e-02
9.447543335e+02;5.731211975e-02
9.449954834e+02;5.571456999e-02
9.452366943e+02;5.467616394e-02
9.454779053e+02;5.350462720e-02
9.457191162e+02;5.294548348e-02
9.459603271e+02;5.409039557e-02
9.462015381e+02;5.595420301e-02
9.464428101e+02;5.273247510e-02
9.466840820e+02;5.286560580e-02
9.469252930e+02;5.289223045e-02
9.471665649e+02;5.254609510e-02
9.474078979e+02;5.374426022e-02
9.476491699e+02;5.307861418e-02
9.478904419e+02;5.172069371e-02
9.481317749e+02;4.751381278e-02
9.483731079e+02;5.185382441e-02
9.486144409e+02;4.903148487e-02
9.488557739e+02;5.132130906e-02
9.490971069e+02;5.089529231e-02
9.493384399e+02;5.158756673e-02
9.495798340e+02;4.844571650e-02
9.498212280e+02;5.086866766e-02
9.500626221e+02;4.935099557e-02
9.503040161e+02;4.831258580e-02
9.505454102e+02;5.030952394e-02
9.507868042e+02;4.831258580e-02
9.510282593e+02;4.833921418e-02
9.512697144e+02;4.921786487e-02
9.515111084e+02;5.078878999e-02
9.517525635e+02;4.900486022e-02
9.519940796e+02;4.572987929e-02
9.522355347e+02;4.905810952e-02
9.524769897e+02;4.714104906e-02
9.527185059e+02;4.541037232e-02
9.529600220e+02;4.644877836e-02
9.532015381e+02;4.628902301e-02
9.534430542e+02;4.463822022e-02
9.536845703e+02;4.615589604e-02
9.539261475e+02;4.349331185e-02
9.541676636e+02;4.423883557e-02
9.544092407e+02;4.517073929e-02
9.546508179e+02;4.341343418e-02
9.548923950e+02;4.490448162e-02
9.551339722e+02;4.485122859e-02
9.553756104e+02;4.237502441e-02
9.556171875e+02;4.242827743e-02
9.558588257e+02;4.383944720e-02
9.561004639e+02;4.298741743e-02
9.563421021e+02;4.277441278e-02
9.565837402e+02;4.394594952e-02
9.568253784e+02;4.210876673e-02
9.570670776e+02;4.197563604e-02
9.573087158e+02;4.096385464e-02
9.575504150e+02;4.029820859e-02
9.577921143e+02;3.803501278e-02
9.580338135e+02;3.917992488e-02
9.582755737e+02;4.189575836e-02
9.585172729e+02;3.971244022e-02
9.587590332e+02;3.846102580e-02
9.590007324e+02;3.750249743e-02
9.592424927e+02;4.059109464e-02
9.594843140e+02;3.947280720e-02
9.597260742e+02;4.117686301e-02
9.599678345e+02;3.851427883e-02
9.602096558e+02;4.200226441e-02
9.604514160e+02;4.096385464e-02
9.606932373e+02;3.907342255e-02
9.609350586e+02;3.872728348e-02
9.611769409e+02;3.931305185e-02
9.614187622e+02;3.641083837e-02
9.616605835e+02;3.726286441e-02
9.619024658e+02;3.673034534e-02
9.621443481e+02;3.523929790e-02
9.623862305e+02;3.510617092e-02
9.626281128e+02;3.771550208e-02
9.628699951e+02;3.627770767e-02
9.631119385e+02;3.590494394e-02
9.633538818e+02;3.470678255e-02
9.635957642e+02;3.513279557e-02
9.638377075e+02;3.590494394e-02
9.640796509e+02;3.468015790e-02
9.643216553e+02;3.715636209e-02
9.645635986e+02;3.755574673e-02
9.648056030e+02;3.385475650e-02
9.650475464e+02;3.641083837e-02
9.652895508e+02;3.625108302e-02
9.655315552e+02;3.515942395e-02
9.657735596e+02;3.140517697e-02
9.660156250e+02;3.247021139e-02
9.662576294e+02;3.377487883e-02
9.664996948e+02;3.284297511e-02
9.667417603e+02;3.356187046e-02
9.669838257e+02;3.369500116e-02
9.672258911e+02;3.409438953e-02
9.674679565e+02;2.988750674e-02
9.677100830e+02;3.270984441e-02
9.679522095e+02;3.239033371e-02
9.681942749e+02;3.002063558e-02
9.684364014e+02;3.175131604e-02
9.686785278e+02;3.332223743e-02
9.689207153e+02;3.191107139e-02
9.691628418e+02;3.321573511e-02
9.694050293e+02;3.396125883e-02
9.696471558e+02;3.223057836e-02
9.698893433e+02;3.318911046e-02
9.701315308e+02;3.113892116e-02
9.703737793e+02;3.308260813e-02
9.706159668e+02;2.919523418e-02
9.708582153e+02;2.983425371e-02
9.711004028e+02;3.023364209e-02
9.713426514e+02;3.055315092e-02
9.715848999e+02;2.821007743e-02
9.718271484e+02;2.916860767e-02
9.720694580e+02;2.773081325e-02
9.723117065e+02;2.730480023e-02
9.725540161e+02;2.818345279e-02
9.727963257e+02;2.868934348e-02
9.730386353e+02;2.805032209e-02
9.732809448e+02;2.898222767e-02
9.735232544e+02;2.767756023e-02
9.737655640e+02;2.924848534e-02
9.740079346e+02;2.991413139e-02
9.742503052e+02;3.076615930e-02
9.744926758e+02;3.108566813e-02
9.747350464e+02;2.802369744e-02
9.749774170e+02;2.836983278e-02
9.752197876e+02;2.818345279e-02
9.754622192e+02;3.044664860e-02
9.757046509e+02;2.647939883e-02
9.759470825e+02;2.719829604e-02
9.761895142e+02;2.709179185e-02
9.764319458e+02;2.560074627e-02
9.766743774e+02;2.783731557e-02
9.769168701e+02;2.781069092e-02
9.771593018e+02;2.746455371e-02
9.774017944e+02;2.781069092e-02
9.776442871e+02;2.690541185e-02
9.778867798e+02;2.935498953e-02
9.781292725e+02;2.546761557e-02
9.783718262e+02;2.946149185e-02
9.786143799e+02;2.733142488e-02
9.788568726e+02;2.743792906e-02
9.790994263e+02;2.828995511e-02
9.793419800e+02;2.522798441e-02
9.795845947e+02;2.464221604e-02
9.798271484e+02;2.418957651e-02
9.800697021e+02;2.333754860e-02
9.803123169e+02;2.368368581e-02
9.805549316e+02;2.525460906e-02
9.807975464e+02;2.371031046e-02
9.810401611e+02;2.387006581e-02
9.812828369e+02;2.341742627e-02
9.815254517e+02;2.458896302e-02
9.817681274e+02;2.381681465e-02
9.820108032e+02;2.376356162e-02
9.822534790e+02;2.405644767e-02
9.824961548e+02;2.655927651e-02
9.827388306e+02;2.373693697e-02
9.829815674e+02;2.581375279e-02
9.832242432e+02;2.623976581e-02
9.834669800e+02;2.440258302e-02
9.837097168e+02;2.389669232e-02
9.839524536e+02;2.315116860e-02
9.841951904e+02;2.163349465e-02
9.844379883e+02;2.405644767e-02
9.846807251e+02;2.293816209e-02
9.849235229e+02;2.080809511e-02
9.851663208e+02;2.003594488e-02
9.854091187e+02;2.064833976e-02
9.856519165e+02;2.245889604e-02
9.858947144e+02;2.333754860e-02
9.861375732e+02;2.166012116e-02
9.863804321e+02;2.360380813e-02
9.866232300e+02;2.171337232e-02
9.868660889e+02;2.387006581e-02
9.871089478e+02;2.000931837e-02
9.873518677e+02;2.096784860e-02
9.875947266e+02;2.235239372e-02
9.878376465e+02;2.344405279e-02
9.880805664e+02;2.371031046e-02
9.883234863e+02;2.389669232e-02
9.885664062e+02;2.261865139e-02
9.888093262e+02;2.088797092e-02
9.890522461e+02;1.894428581e-02
9.892952271e+02;2.152699232e-02
9.895382080e+02;2.200625651e-02
9.897811279e+02;1.875790395e-02
9.900241699e+02;1.955667883e-02
9.902671509e+02;1.870465279e-02
9.905101318e+02;2.107435279e-02
9.907531738e+02;1.974306069e-02
9.909961548e+02;2.102110162e-02
9.912391968e+02;2.192637883e-02
9.914822388e+02;1.870465279e-02
9.917252808e+02;2.024895139e-02
9.919683838e+02;2.115423046e-02
9.922114258e+02;1.995606720e-02
9.924545288e+02;2.096784860e-02
9.926975708e+02;2.019570023e-02
9.929406738e+02;1.923717000e-02
9.931837769e+02;2.072821744e-02
9.934269409e+02;1.878453046e-02
9.936700439e+02;2.112760395e-02
9.939132080e+02;1.580243558e-02
9.941563110e+02;1.620182395e-02
9.943994751e+02;1.992944069e-02
9.946426392e+02;1.686747000e-02
9.948858643e+02;1.676096581e-02
9.951290283e+02;1.955667883e-02
9.953721924e+02;1.899753697e-02
9.956154175e+02;1.811888441e-02
9.958586426e+02;1.915729232e-02
9.961018677e+02;1.617519744e-02
9.963450928e+02;1.795912907e-02
9.965883179e+02;1.718698069e-02
9.968316040e+02;1.950342767e-02
9.970748291e+02;1.636157930e-02
9.973181152e+02;1.716035418e-02
9.975614014e+02;1.777274907e-02
9.978046875e+02;1.817213558e-02
9.980480347e+02;1.705385000e-02
9.982913208e+02;1.676096581e-02
9.985346680e+02;1.569593325e-02
9.987779541e+02;1.793250442e-02
9.990213013e+02;1.644145697e-02
9.992646484e+02;1.702722535e-02
9.995079956e+02;1.590893976e-02
9.997514038e+02;1.388537604e-02
9.999947510e+02;1.508353837e-02
1.000238159e+03;1.625507511e-02
1.000481567e+03;1.534979697e-02
1.000724976e+03;1.590893976e-02
1.000968384e+03;1.612194628e-02
1.001211792e+03;1.777274907e-02
1.001455261e+03;1.881115697e-02
1.001698669e+03;1.673434116e-02
1.001942139e+03;1.654795930e-02
1.002185608e+03;1.753311604e-02
1.002429077e+03;1.585568860e-02
1.002672546e+03;1.692072116e-02
1.002916077e+03;1.393862721e-02
1.003159546e+03;1.463089883e-02
1.003403076e+03;1.186181232e-02
1.003646606e+03;1.641483046e-02
1.003890137e+03;1.425813790e-02
1.004133667e+03;1.391200162e-02
1.004377258e+03;1.425813790e-02
1.004620789e+03;1.364574302e-02
1.004864380e+03;1.534979697e-02
1.005107971e+03;1.921054348e-02
1.005351562e+03;1.417826023e-02
1.005595154e+03;1.689409651e-02
1.005838745e+03;1.641483046e-02
1.006082336e+03;1.468415093e-02
1.006325989e+03;1.617519744e-02
1.006569641e+03;1.463089883e-02
1.006813293e+03;1.343273651e-02
1.007056946e+03;1.542967465e-02
1.007300598e+03;1.537642255e-02
1.007544312e+03;1.311322674e-02
1.007787964e+03;1.335285883e-02
1.008031677e+03;1.308660023e-02
1.008275391e+03;1.401850488e-02
1.008519104e+03;1.455102209e-02
1.008762817e+03;1.316647790e-02
1.009006531e+03;1.401850488e-02
1.009250305e+03;1.316647790e-02
1.009494019e+03;1.327298116e-02
1.009737793e+03;1.167543139e-02
1.009981567e+03;1.534979697e-02
1.010225342e+03;1.377887279e-02
1.010469177e+03;1.452439558e-02
1.010712952e+03;1.399187930e-02
1.010956787e+03;1.473740302e-02
1.011200623e+03;1.401850488e-02
1.011444397e+03;1.601544209e-02
1.011688293e+03;1.207481883e-02
1.011932129e+03;1.234107744e-02
1.012175964e+03;1.122279186e-02
1.012419861e+03;1.092990767e-02
1.012663696e+03;1.218132209e-02
1.012907593e+03;1.282034256e-02
1.013151489e+03;1.156892721e-02
1.013395447e+03;1.031751279e-02
1.013639343e+03;1.164880488e-02
1.013883240e+03;1.218132209e-02
1.014127197e+03;1.447114442e-02
1.014371155e+03;1.263396163e-02
1.014615112e+03;1.039739046e-02
1.014859070e+03;1.146242395e-02
1.015103027e+03;1.311322674e-02
1.015347046e+03;1.449777000e-02
1.015591003e+03;1.226119976e-02
1.015835022e+03;1.303334907e-02
1.016079041e+03;1.316647790e-02
1.016323059e+03;1.207481883e-02
1.016567078e+03;1.361911744e-02
1.016811157e+03;1.138254721e-02
1.017055176e+03;1.074352674e-02
1.017299255e+03;1.042401604e-02
1.017543335e+03;9.092724882e-03
1.017787415e+03;1.103641093e-02
1.018031494e+03;1.013113186e-02
1.018275574e+03;1.066364907e-02
1.018519714e+03;1.034413930e-02
1.018763855e+03;6.163882092e-03
1.019007935e+03;6.523330812e-04
1.019252075e+03;1.770618372e-03
1.019496216e+03;4.925780231e-04
1.019740417e+03;8.120881394e-04
1.019984558e+03;1.264727442e-03
1.020228760e+03;2.383012790e-03
[EndOfFile]
